-0.259878	-0.236741	-0.231276	-0.249435	-0.267043	-0.259324	-0.248539	-0.262019	-0.276201	-0.29139	-0.284719	-0.26994	-0.292385	-0.337819	-0.373062	-0.382737	-0.374079	-0.348627	-0.367152	-0.451759	-0.601744	-0.781318	-0.977824	-1.14103	-1.21808	-1.18122	-1.04591	-0.800377	-0.453179	-0.0213778	0.422569	0.838211	1.19727	1.48926	1.68359	1.73526	1.63226	1.38962	1.07465	0.747808	0.465379	0.249671	0.102314	0.0109022	-0.040758	-0.0687326	-0.0816083	-0.0875507	-0.0917532	-0.0903935	-0.0966386	-0.0950493	-0.100568	-0.105715	-0.10739	-0.108885	-0.111136	-0.112635	-0.107005	-0.118209	-0.133606	-0.130474	-0.122122	-0.12825	-0.151244	-0.156948	-0.143607	-0.149305	-0.171887	-0.190911	-0.194617	-0.182138	-0.186839	-0.226539	-0.269348	-0.290874	-0.288853	-0.267473	-0.262632	-0.322213	-0.450061	-0.620849	-0.815765	-1.00083	-1.11744	-1.12719	-1.0306	-0.831658	-0.523118	-0.119107	0.328174	0.760342	1.1468	1.47726	1.73314	1.88231	1.90565	1.82504	1.70377	1.61782	
-0.236741	-0.249503	-0.26043	-0.251598	-0.245061	-0.253742	-0.255671	-0.2638	-0.279173	-0.286176	-0.289841	-0.288967	-0.304024	-0.333626	-0.360245	-0.369449	-0.363644	-0.359484	-0.384146	-0.474393	-0.612924	-0.787921	-0.970351	-1.11979	-1.18842	-1.15445	-1.01578	-0.775632	-0.430924	-0.0176476	0.418307	0.824428	1.18056	1.46554	1.65066	1.70068	1.5996	1.37056	1.0673	0.752757	0.47652	0.26361	0.115725	0.0226775	-0.0311276	-0.0628848	-0.0772737	-0.0886208	-0.0935312	-0.0983659	-0.0993794	-0.103267	-0.101393	-0.0986833	-0.104369	-0.102825	-0.108115	-0.118715	-0.120926	-0.119757	-0.117201	-0.124218	-0.136786	-0.139082	-0.140122	-0.14602	-0.151972	-0.160024	-0.170993	-0.182868	-0.189286	-0.188866	-0.199578	-0.230216	-0.262526	-0.28076	-0.282617	-0.274666	-0.284577	-0.346872	-0.468063	-0.630836	-0.813785	-0.982442	-1.08765	-1.09511	-0.998657	-0.799078	-0.494722	-0.102564	0.331291	0.75508	1.13725	1.46247	1.71107	1.85546	1.88143	1.81097	1.70239	1.625	
-0.231276	-0.26043	-0.263565	-0.248032	-0.244776	-0.253353	-0.266136	-0.269049	-0.274535	-0.275628	-0.284331	-0.309018	-0.319654	-0.332712	-0.34738	-0.359721	-0.366606	-0.389066	-0.433299	-0.516894	-0.640843	-0.795723	-0.950588	-1.07036	-1.1236	-1.08823	-0.948475	-0.710942	-0.380625	0.00651871	0.420132	0.812417	1.15902	1.42937	1.59852	1.64128	1.54613	1.33801	1.0555	0.760627	0.492182	0.28065	0.129702	0.0307525	-0.0276633	-0.0605049	-0.0796491	-0.0874199	-0.0936875	-0.0981169	-0.096568	-0.101979	-0.100499	-0.100785	-0.103635	-0.107399	-0.107197	-0.113652	-0.129152	-0.121231	-0.112344	-0.125421	-0.139163	-0.142472	-0.137607	-0.141624	-0.158452	-0.169188	-0.17104	-0.172977	-0.1823	-0.201392	-0.220245	-0.234416	-0.249937	-0.264365	-0.274671	-0.290595	-0.325719	-0.392813	-0.502135	-0.648641	-0.807624	-0.945678	-1.02976	-1.0319	-0.935053	-0.735282	-0.44027	-0.0709801	0.33753	0.744876	1.1177	1.43205	1.6668	1.8028	1.83457	1.784	1.69983	1.63884	
-0.249435	-0.251598	-0.248032	-0.247734	-0.254007	-0.266343	-0.283394	-0.274883	-0.261555	-0.261865	-0.285597	-0.32288	-0.329927	-0.330258	-0.333147	-0.351865	-0.38084	-0.434351	-0.501622	-0.577926	-0.681434	-0.80783	-0.920888	-1.00323	-1.03411	-0.993766	-0.853434	-0.620779	-0.314702	0.0386575	0.419085	0.791917	1.12056	1.37041	1.51704	1.5517	1.46633	1.28718	1.03574	0.766795	0.512054	0.301692	0.147348	0.0416992	-0.0242297	-0.0566705	-0.0806052	-0.0844174	-0.0883508	-0.0920583	-0.0900689	-0.0938141	-0.101207	-0.106949	-0.1085	-0.12104	-0.116596	-0.105025	-0.112452	-0.117912	-0.125203	-0.13338	-0.140032	-0.141195	-0.131241	-0.142503	-0.169638	-0.174869	-0.167075	-0.165417	-0.181975	-0.217561	-0.239079	-0.235526	-0.235451	-0.248152	-0.271778	-0.317428	-0.381392	-0.454029	-0.548217	-0.669969	-0.79356	-0.890776	-0.946651	-0.939303	-0.84071	-0.643147	-0.364095	-0.0270195	0.346825	0.730111	1.08719	1.38452	1.60034	1.72645	1.76812	1.74627	1.69646	1.65831	
-0.267043	-0.245061	-0.244776	-0.254007	-0.253675	-0.265722	-0.279589	-0.275995	-0.267026	-0.277006	-0.311366	-0.33517	-0.337588	-0.319458	-0.314478	-0.339812	-0.394016	-0.478829	-0.56498	-0.639375	-0.720325	-0.811698	-0.87718	-0.920112	-0.925908	-0.877921	-0.73828	-0.518714	-0.244608	0.0678396	0.407861	0.754545	1.05599	1.28139	1.40303	1.43171	1.36479	1.21996	1.01443	0.77613	0.544783	0.340011	0.182379	0.0725441	-0.00214308	-0.0427382	-0.0682448	-0.0843105	-0.089354	-0.0974394	-0.102884	-0.101196	-0.107115	-0.108262	-0.102836	-0.107399	-0.113747	-0.112992	-0.112747	-0.125404	-0.136535	-0.130486	-0.131194	-0.137878	-0.138735	-0.154508	-0.171977	-0.169154	-0.164238	-0.169262	-0.191949	-0.230279	-0.247076	-0.2332	-0.224791	-0.239396	-0.28096	-0.356642	-0.445705	-0.52291	-0.600107	-0.688747	-0.767447	-0.818449	-0.8417	-0.819629	-0.717762	-0.527209	-0.271856	0.0260378	0.358857	0.710784	1.04426	1.31822	1.51216	1.62963	1.6863	1.70067	1.69264	1.682	
-0.259324	-0.253742	-0.253353	-0.266343	-0.265722	-0.262373	-0.265236	-0.270586	-0.280546	-0.298247	-0.321406	-0.337197	-0.340044	-0.316465	-0.31836	-0.355295	-0.431977	-0.538653	-0.633717	-0.700733	-0.757864	-0.796731	-0.816124	-0.812085	-0.792079	-0.728125	-0.592846	-0.39363	-0.157764	0.109755	0.405761	0.715669	0.984044	1.17672	1.27779	1.29958	1.25837	1.1498	0.992777	0.789596	0.577905	0.381328	0.215513	0.0981324	0.0154171	-0.0374775	-0.0623775	-0.0853189	-0.0933717	-0.0970976	-0.106393	-0.105421	-0.102054	-0.107626	-0.10554	-0.0996449	-0.111178	-0.121677	-0.126154	-0.130822	-0.129513	-0.126252	-0.126768	-0.1404	-0.159347	-0.162669	-0.158352	-0.162366	-0.171583	-0.183752	-0.206506	-0.234074	-0.242864	-0.22999	-0.222869	-0.245199	-0.307976	-0.407492	-0.512051	-0.591283	-0.649788	-0.69792	-0.725838	-0.72987	-0.718002	-0.675788	-0.570172	-0.393572	-0.169683	0.0848105	0.372752	0.686073	0.987065	1.2319	1.40373	1.51662	1.59409	1.6504	1.6887	1.70811	
-0.248539	-0.255671	-0.266136	-0.283394	-0.279589	-0.265236	-0.263677	-0.274169	-0.290962	-0.307103	-0.317956	-0.328376	-0.332565	-0.327293	-0.345708	-0.396955	-0.493128	-0.606771	-0.699823	-0.759934	-0.782108	-0.76695	-0.738213	-0.688543	-0.638919	-0.554963	-0.428772	-0.258609	-0.0636309	0.155044	0.406121	0.666191	0.896849	1.0516	1.13669	1.15785	1.14304	1.07804	0.965021	0.803018	0.609637	0.420061	0.249491	0.118196	0.028784	-0.0344641	-0.0638665	-0.0838642	-0.0925756	-0.0934708	-0.0944533	-0.09968	-0.097453	-0.103452	-0.115244	-0.115133	-0.121874	-0.123456	-0.121933	-0.123139	-0.123177	-0.130656	-0.137812	-0.153161	-0.165946	-0.153388	-0.149595	-0.168141	-0.184836	-0.201871	-0.218991	-0.227305	-0.231077	-0.230443	-0.234434	-0.271539	-0.354599	-0.465954	-0.574077	-0.651233	-0.688042	-0.690614	-0.666785	-0.626363	-0.577985	-0.511646	-0.404075	-0.24941	-0.0633224	0.146071	0.386699	0.654072	0.913722	1.12536	1.27781	1.39255	1.49678	1.59859	1.68475	1.73468	
-0.262019	-0.2638	-0.269049	-0.274883	-0.275995	-0.270586	-0.274169	-0.294079	-0.314904	-0.326051	-0.316705	-0.312504	-0.322545	-0.343264	-0.37865	-0.446675	-0.555338	-0.660141	-0.751293	-0.800266	-0.78379	-0.725224	-0.648743	-0.563225	-0.479712	-0.379482	-0.269669	-0.133765	0.0159201	0.188105	0.386998	0.591803	0.775895	0.89707	0.969894	1.00069	1.0149	0.99613	0.930227	0.809098	0.643569	0.460904	0.294569	0.151658	0.0561107	-0.0136516	-0.0532931	-0.0740409	-0.0887071	-0.0954878	-0.0977583	-0.103372	-0.109177	-0.108338	-0.116041	-0.118805	-0.119185	-0.1214	-0.118141	-0.120791	-0.132675	-0.143767	-0.146402	-0.152326	-0.158411	-0.152734	-0.156275	-0.175581	-0.199101	-0.221201	-0.222977	-0.212156	-0.220477	-0.240334	-0.264273	-0.321003	-0.416691	-0.525553	-0.626554	-0.695162	-0.705479	-0.661564	-0.589988	-0.508914	-0.423642	-0.332577	-0.227568	-0.102094	0.0424316	0.206611	0.397629	0.611909	0.822874	0.999984	1.13862	1.26312	1.39944	1.54796	1.68064	1.75966	
-0.276201	-0.279173	-0.274535	-0.261555	-0.267026	-0.280546	-0.290962	-0.314904	-0.337098	-0.331903	-0.309297	-0.306896	-0.332353	-0.378568	-0.433748	-0.518208	-0.617192	-0.70692	-0.78536	-0.80996	-0.757389	-0.659118	-0.54061	-0.423	-0.303382	-0.196963	-0.105732	-0.00986954	0.0955321	0.221153	0.360827	0.507526	0.638551	0.734761	0.799476	0.849851	0.893176	0.919922	0.898389	0.816413	0.677601	0.505171	0.337865	0.189847	0.0804837	0.00731803	-0.043476	-0.0675016	-0.0869265	-0.0970218	-0.104548	-0.109792	-0.114414	-0.114634	-0.116266	-0.114807	-0.113361	-0.121163	-0.124717	-0.128942	-0.139098	-0.150516	-0.153115	-0.146632	-0.149951	-0.160283	-0.170063	-0.189324	-0.215532	-0.227479	-0.213689	-0.201587	-0.222534	-0.264062	-0.31472	-0.390221	-0.485391	-0.579752	-0.664982	-0.715352	-0.694264	-0.608293	-0.496172	-0.377928	-0.257447	-0.145846	-0.049782	0.0418109	0.143788	0.262798	0.401184	0.556322	0.714405	0.859122	0.991664	1.1341	1.30647	1.50054	1.67598	1.78114	
-0.29139	-0.286176	-0.275628	-0.261865	-0.277006	-0.298247	-0.307103	-0.326051	-0.331903	-0.319676	-0.313544	-0.325894	-0.368928	-0.438264	-0.516447	-0.598985	-0.674337	-0.741995	-0.790285	-0.781316	-0.695913	-0.563438	-0.411504	-0.261284	-0.115075	-0.0116253	0.0581297	0.111132	0.175377	0.249052	0.327069	0.411744	0.492339	0.570512	0.636094	0.711234	0.785602	0.853477	0.87341	0.827983	0.713453	0.553738	0.381742	0.227854	0.103533	0.0187329	-0.0390239	-0.0717118	-0.0913557	-0.101343	-0.106796	-0.110289	-0.112411	-0.110876	-0.114644	-0.116175	-0.113959	-0.124414	-0.135321	-0.142415	-0.145902	-0.14782	-0.147841	-0.14342	-0.154169	-0.17467	-0.18929	-0.20756	-0.220068	-0.214369	-0.204609	-0.209167	-0.242364	-0.3053	-0.384469	-0.469089	-0.5504	-0.623333	-0.684024	-0.70447	-0.65026	-0.531186	-0.386003	-0.233749	-0.083611	0.0396995	0.12057	0.177185	0.237411	0.310088	0.392161	0.484621	0.590066	0.70801	0.843219	1.0108	1.22123	1.45755	1.67019	1.79748	
-0.284719	-0.289841	-0.284331	-0.285597	-0.311366	-0.321406	-0.317956	-0.316705	-0.309297	-0.313544	-0.33157	-0.360782	-0.419692	-0.515747	-0.604834	-0.672208	-0.724744	-0.7613	-0.771296	-0.724696	-0.614586	-0.455662	-0.276196	-0.095791	0.0603881	0.158505	0.201167	0.218887	0.238687	0.258131	0.273053	0.295177	0.335572	0.398542	0.477526	0.574661	0.682688	0.78318	0.840915	0.827929	0.738229	0.590862	0.421113	0.259321	0.127069	0.0319396	-0.033691	-0.0695803	-0.0920549	-0.102493	-0.105357	-0.105148	-0.10897	-0.107779	-0.110879	-0.125466	-0.129482	-0.134878	-0.143304	-0.144484	-0.141882	-0.142398	-0.14624	-0.149903	-0.169518	-0.197757	-0.209504	-0.209576	-0.204425	-0.202226	-0.214142	-0.235867	-0.281432	-0.367295	-0.465322	-0.543756	-0.603817	-0.651112	-0.676492	-0.657858	-0.574227	-0.43205	-0.259528	-0.0781456	0.0911212	0.214881	0.276632	0.300256	0.319512	0.342937	0.365527	0.395802	0.453799	0.55332	0.699663	0.897556	1.14581	1.41939	1.66256	1.80742	
-0.26994	-0.288967	-0.309018	-0.32288	-0.33517	-0.337197	-0.328376	-0.312504	-0.306896	-0.325894	-0.360782	-0.40379	-0.483708	-0.592219	-0.673021	-0.727857	-0.755085	-0.756921	-0.722202	-0.64365	-0.515342	-0.33881	-0.133346	0.060554	0.217836	0.300814	0.321627	0.304555	0.278133	0.24003	0.19227	0.160842	0.167905	0.227618	0.320574	0.445536	0.579228	0.711303	0.798884	0.81666	0.751772	0.619194	0.453639	0.292084	0.150181	0.0535245	-0.0178902	-0.0574114	-0.0782027	-0.0935168	-0.101385	-0.10529	-0.113792	-0.122014	-0.123102	-0.133093	-0.139497	-0.141264	-0.141893	-0.137343	-0.134257	-0.140578	-0.160052	-0.176912	-0.19122	-0.20842	-0.209761	-0.197611	-0.19339	-0.208673	-0.2408	-0.281002	-0.345464	-0.445007	-0.54128	-0.603347	-0.640664	-0.655313	-0.635334	-0.576225	-0.470493	-0.312187	-0.117202	0.0839555	0.258029	0.372068	0.414028	0.407665	0.385118	0.355424	0.317801	0.291415	0.311552	0.402327	0.566679	0.797375	1.08109	1.38581	1.65243	1.81017	
-0.292385	-0.304024	-0.319654	-0.329927	-0.337588	-0.340044	-0.332565	-0.322545	-0.332353	-0.368928	-0.419692	-0.483708	-0.570232	-0.656256	-0.720279	-0.753187	-0.746135	-0.703331	-0.625348	-0.521282	-0.383519	-0.19143	0.0220967	0.21526	0.356933	0.422294	0.421278	0.368308	0.291168	0.194467	0.0901779	0.0175813	0.00344311	0.0674092	0.180228	0.330403	0.492066	0.648227	0.766547	0.812456	0.772583	0.659628	0.49776	0.336484	0.18769	0.0774419	0.00197599	-0.0496153	-0.076987	-0.0944779	-0.107908	-0.117022	-0.124011	-0.1345	-0.137404	-0.13931	-0.134499	-0.128421	-0.131594	-0.137174	-0.147169	-0.162265	-0.183295	-0.196624	-0.198411	-0.20193	-0.198797	-0.192362	-0.202332	-0.233311	-0.284529	-0.350743	-0.43001	-0.520991	-0.599228	-0.643333	-0.653912	-0.626088	-0.558462	-0.465571	-0.343473	-0.17217	0.0376178	0.244011	0.40853	0.506636	0.530167	0.495221	0.428145	0.342632	0.248397	0.17585	0.170557	0.261907	0.448599	0.711775	1.02683	1.35609	1.63925	1.80545	
-0.337819	-0.333626	-0.332712	-0.330258	-0.319458	-0.316465	-0.327293	-0.343264	-0.378568	-0.438264	-0.515747	-0.592219	-0.656256	-0.71294	-0.754008	-0.754877	-0.703625	-0.614485	-0.499323	-0.376208	-0.224377	-0.0252067	0.182224	0.361838	0.479997	0.530844	0.505919	0.415762	0.285953	0.132926	-0.0130979	-0.117171	-0.136176	-0.0685938	0.0684089	0.237417	0.423005	0.598711	0.739327	0.811447	0.792891	0.695952	0.542188	0.374614	0.220944	0.0970071	0.00959163	-0.0501614	-0.0866748	-0.110408	-0.122404	-0.129521	-0.130828	-0.130849	-0.125336	-0.12711	-0.131885	-0.131099	-0.139772	-0.155767	-0.170694	-0.182102	-0.195812	-0.201121	-0.192248	-0.190809	-0.195843	-0.203652	-0.229492	-0.279704	-0.354845	-0.439661	-0.513323	-0.579592	-0.636037	-0.658493	-0.63218	-0.557977	-0.451193	-0.332831	-0.195386	-0.0145248	0.196771	0.391838	0.536732	0.616855	0.622493	0.557257	0.442621	0.302369	0.160386	0.0558301	0.0382088	0.137585	0.348007	0.640875	0.982022	1.32927	1.62272	1.79346	
-0.373062	-0.360245	-0.34738	-0.333147	-0.314478	-0.31836	-0.345708	-0.37865	-0.433748	-0.516447	-0.604834	-0.673021	-0.720279	-0.754008	-0.769529	-0.732915	-0.638971	-0.513054	-0.371153	-0.225482	-0.059068	0.134122	0.325519	0.480102	0.579424	0.612708	0.56356	0.432905	0.252752	0.0549792	-0.120604	-0.238162	-0.258541	-0.180666	-0.0287676	0.15845	0.357878	0.54791	0.705121	0.794783	0.797092	0.711759	0.565073	0.395572	0.234561	0.103398	0.011101	-0.0535242	-0.087567	-0.107984	-0.119666	-0.12251	-0.122859	-0.127987	-0.125504	-0.12623	-0.137269	-0.147821	-0.162357	-0.177017	-0.188273	-0.191614	-0.193284	-0.194246	-0.186063	-0.187829	-0.206987	-0.235979	-0.283859	-0.354995	-0.44255	-0.523974	-0.578055	-0.617913	-0.648099	-0.636875	-0.567643	-0.45545	-0.321675	-0.181308	-0.0285052	0.15279	0.348525	0.519251	0.640476	0.701929	0.686878	0.587386	0.424758	0.236506	0.0602619	-0.0607891	-0.0791422	0.0328803	0.265674	0.583673	0.945163	1.30439	1.60276	1.77478	
-0.382737	-0.369449	-0.359721	-0.351865	-0.339812	-0.355295	-0.396955	-0.446675	-0.518208	-0.598985	-0.672208	-0.727857	-0.753187	-0.754877	-0.732915	-0.656428	-0.532986	-0.387204	-0.224868	-0.0609618	0.103614	0.275892	0.433861	0.56272	0.638667	0.651087	0.56997	0.399618	0.176204	-0.0509818	-0.240811	-0.359563	-0.374835	-0.288589	-0.123053	0.0755053	0.288215	0.48841	0.660626	0.769483	0.790583	0.724223	0.586725	0.420111	0.258318	0.119889	0.0235834	-0.0435186	-0.0823429	-0.1014	-0.111211	-0.118358	-0.117923	-0.126131	-0.136009	-0.144818	-0.16035	-0.169115	-0.17912	-0.189016	-0.191789	-0.188354	-0.18606	-0.18806	-0.186971	-0.201681	-0.243797	-0.299639	-0.367434	-0.444842	-0.522988	-0.587329	-0.621249	-0.631981	-0.622841	-0.569341	-0.464652	-0.328161	-0.173801	-0.012206	0.149684	0.31642	0.482058	0.622599	0.719666	0.759459	0.71756	0.580712	0.374984	0.15123	-0.0432903	-0.166557	-0.177146	-0.0509115	0.200804	0.538431	0.914619	1.28063	1.57961	1.7503	
-0.374079	-0.363644	-0.366606	-0.38084	-0.394016	-0.431977	-0.493128	-0.555338	-0.617192	-0.674337	-0.724744	-0.755085	-0.746135	-0.703625	-0.638971	-0.532986	-0.395851	-0.234921	-0.0553763	0.112022	0.261646	0.39633	0.519554	0.619538	0.669022	0.65097	0.534716	0.328145	0.0771312	-0.165192	-0.353111	-0.466394	-0.472742	-0.380696	-0.206305	0.00132627	0.22221	0.432823	0.616721	0.743498	0.785397	0.735486	0.613691	0.449754	0.290075	0.147566	0.0459689	-0.0258704	-0.0690878	-0.0959231	-0.111532	-0.124117	-0.133592	-0.143534	-0.154891	-0.163118	-0.177536	-0.185845	-0.18722	-0.188368	-0.187597	-0.180165	-0.175982	-0.190223	-0.212879	-0.250972	-0.315134	-0.387427	-0.458192	-0.524944	-0.584058	-0.62811	-0.636655	-0.606934	-0.55062	-0.461139	-0.334626	-0.181037	-0.00767318	0.168412	0.324846	0.462718	0.59169	0.701731	0.772957	0.78441	0.70922	0.536503	0.298869	0.0559399	-0.141277	-0.255811	-0.253914	-0.11451	0.151484	0.503084	0.888854	1.25741	1.55368	1.72112	
-0.348627	-0.359484	-0.389066	-0.434351	-0.478829	-0.538653	-0.606771	-0.660141	-0.70692	-0.741995	-0.7613	-0.756921	-0.703331	-0.614485	-0.513054	-0.387204	-0.234921	-0.0560919	0.129154	0.28811	0.408345	0.504387	0.593665	0.661625	0.676691	0.621505	0.469973	0.240785	-0.0236753	-0.262745	-0.441713	-0.542152	-0.542185	-0.445444	-0.267219	-0.0536766	0.173954	0.391458	0.586995	0.72752	0.788647	0.754046	0.643637	0.483733	0.320224	0.17246	0.0610917	-0.017289	-0.0692939	-0.100142	-0.122414	-0.139776	-0.151353	-0.165926	-0.177963	-0.181091	-0.18733	-0.186827	-0.181289	-0.175953	-0.173389	-0.177507	-0.191788	-0.227561	-0.274679	-0.330783	-0.403986	-0.476832	-0.537669	-0.586614	-0.622138	-0.636881	-0.608087	-0.533479	-0.437968	-0.325189	-0.183398	-0.0138677	0.171685	0.346107	0.481264	0.583777	0.676762	0.755993	0.79564	0.770913	0.660236	0.459849	0.206311	-0.0388768	-0.226267	-0.325514	-0.30992	-0.160127	0.115203	0.475569	0.866592	1.23441	1.52558	1.68844	
-0.367152	-0.384146	-0.433299	-0.501622	-0.56498	-0.633717	-0.699823	-0.751293	-0.78536	-0.790285	-0.771296	-0.722202	-0.625348	-0.499323	-0.371153	-0.224868	-0.0553763	0.129154	0.305777	0.44065	0.529288	0.590884	0.645814	0.675368	0.650309	0.555514	0.380749	0.142612	-0.116059	-0.3419	-0.505406	-0.592863	-0.589151	-0.490771	-0.314035	-0.0965384	0.13342	0.357702	0.560075	0.71438	0.789741	0.771053	0.669561	0.513185	0.345882	0.189539	0.0682138	-0.0211339	-0.0818118	-0.121007	-0.145218	-0.164696	-0.17404	-0.178799	-0.186304	-0.180752	-0.177227	-0.17304	-0.166459	-0.169991	-0.184074	-0.207038	-0.241994	-0.299001	-0.362657	-0.422439	-0.489762	-0.553228	-0.598675	-0.623126	-0.623655	-0.597111	-0.528755	-0.419993	-0.298338	-0.167396	-0.0107178	0.168229	0.349259	0.503915	0.609575	0.678321	0.737033	0.780911	0.781018	0.716113	0.575194	0.361244	0.109222	-0.123999	-0.293663	-0.375356	-0.347454	-0.190812	0.0893152	0.454057	0.846878	1.21155	1.49605	1.65348	
-0.451759	-0.474393	-0.516894	-0.577926	-0.639375	-0.700733	-0.759934	-0.800266	-0.80996	-0.781316	-0.724696	-0.64365	-0.521282	-0.376208	-0.225482	-0.0609618	0.112022	0.28811	0.44065	0.549479	0.613016	0.643942	0.661536	0.649298	0.58195	0.459978	0.275366	0.048141	-0.192241	-0.397589	-0.543518	-0.621849	-0.615246	-0.522172	-0.34778	-0.133372	0.0983254	0.3232	0.530546	0.691561	0.779043	0.769008	0.676904	0.519681	0.349936	0.187261	0.0570484	-0.0357927	-0.100783	-0.139749	-0.161948	-0.174081	-0.178721	-0.174651	-0.171691	-0.164559	-0.162657	-0.166785	-0.174515	-0.193891	-0.228322	-0.274588	-0.324657	-0.386854	-0.452801	-0.509034	-0.564798	-0.610151	-0.628112	-0.615475	-0.573373	-0.507286	-0.410062	-0.279152	-0.136214	0.0124723	0.177226	0.348779	0.506746	0.631779	0.708526	0.746479	0.76813	0.769015	0.7248	0.62364	0.464994	0.254128	0.0186701	-0.19322	-0.342067	-0.407249	-0.369861	-0.209845	0.0713684	0.437062	0.829075	1.18895	1.46583	1.61741	
-0.601744	-0.612924	-0.640843	-0.681434	-0.720325	-0.757864	-0.782108	-0.78379	-0.757389	-0.695913	-0.614586	-0.515342	-0.383519	-0.224377	-0.059068	0.103614	0.261646	0.408345	0.529288	0.613016	0.650434	0.644961	0.620181	0.560165	0.462285	0.323801	0.14941	-0.0554175	-0.26909	-0.45119	-0.583502	-0.652664	-0.650261	-0.560321	-0.395625	-0.18137	0.0465009	0.27417	0.483435	0.651688	0.749287	0.75112	0.665958	0.516324	0.343285	0.181326	0.0484571	-0.0453008	-0.105853	-0.139574	-0.154861	-0.160973	-0.159925	-0.157266	-0.161525	-0.160466	-0.169291	-0.191049	-0.218132	-0.256574	-0.304754	-0.359792	-0.415392	-0.478109	-0.539881	-0.582416	-0.613173	-0.626572	-0.606942	-0.554245	-0.475313	-0.380447	-0.263058	-0.113531	0.0484644	0.206326	0.36197	0.508144	0.633591	0.728849	0.778942	0.783992	0.761833	0.714731	0.629521	0.504339	0.344331	0.151491	-0.0574197	-0.244007	-0.372814	-0.424471	-0.380805	-0.220293	0.0592883	0.423455	0.81281	1.16685	1.4357	1.58131	
-0.781318	-0.787921	-0.795723	-0.80783	-0.811698	-0.796731	-0.76695	-0.725224	-0.659118	-0.563438	-0.455662	-0.33881	-0.19143	-0.0252067	0.134122	0.275892	0.39633	0.504387	0.590884	0.643942	0.644961	0.595916	0.519371	0.422279	0.302112	0.167481	0.0133519	-0.160531	-0.345694	-0.507578	-0.627542	-0.693689	-0.693391	-0.612308	-0.452472	-0.243977	-0.0144705	0.213154	0.42774	0.604387	0.713923	0.730876	0.659665	0.518799	0.355089	0.19484	0.0648477	-0.0261964	-0.087688	-0.121541	-0.137386	-0.146918	-0.153619	-0.154869	-0.169836	-0.188875	-0.21398	-0.250501	-0.290534	-0.339005	-0.395852	-0.456292	-0.50976	-0.560621	-0.60394	-0.619604	-0.613992	-0.588243	-0.532052	-0.447968	-0.34258	-0.224776	-0.088616	0.0756807	0.244787	0.393482	0.523097	0.635839	0.729293	0.796454	0.816782	0.782095	0.711519	0.619744	0.505898	0.373731	0.227803	0.0630067	-0.115271	-0.277092	-0.389004	-0.43079	-0.383715	-0.224757	0.0514296	0.412427	0.797909	1.14557	1.40639	1.54618	
-0.977824	-0.970351	-0.950588	-0.920888	-0.87718	-0.816124	-0.738213	-0.648743	-0.54061	-0.411504	-0.276196	-0.133346	0.0220967	0.182224	0.325519	0.433861	0.519554	0.593665	0.645814	0.661536	0.620181	0.519371	0.402452	0.275717	0.153967	0.0319287	-0.0935449	-0.237549	-0.397062	-0.542953	-0.655261	-0.719402	-0.72393	-0.647925	-0.495804	-0.286852	-0.0587775	0.174617	0.393822	0.579791	0.703033	0.732633	0.674405	0.543558	0.380712	0.224686	0.0905685	-0.00397518	-0.067217	-0.107304	-0.132043	-0.149698	-0.169888	-0.189699	-0.217504	-0.246541	-0.283396	-0.333541	-0.384839	-0.438551	-0.494225	-0.547215	-0.584926	-0.610331	-0.62234	-0.602076	-0.558425	-0.499458	-0.415918	-0.307491	-0.178819	-0.0400251	0.108756	0.273372	0.430051	0.55377	0.651131	0.731886	0.795071	0.830281	0.812939	0.733615	0.618418	0.494872	0.370191	0.247611	0.126479	-0.00634302	-0.154933	-0.295394	-0.394461	-0.429781	-0.381467	-0.225289	0.0465445	0.403415	0.784335	1.12549	1.37857	1.51286	
-1.14103	-1.11979	-1.07036	-1.00323	-0.920112	-0.812085	-0.688543	-0.563225	-0.423	-0.261284	-0.095791	0.060554	0.21526	0.361838	0.480102	0.56272	0.619538	0.661625	0.675368	0.649298	0.560165	0.422279	0.275717	0.144266	0.0325459	-0.0649134	-0.161624	-0.27729	-0.416496	-0.549829	-0.658414	-0.721923	-0.731567	-0.661757	-0.514705	-0.309281	-0.0787003	0.155534	0.380794	0.573939	0.706128	0.749198	0.698429	0.574176	0.413186	0.250954	0.111297	0.00686302	-0.0698419	-0.120789	-0.156694	-0.188034	-0.218562	-0.246932	-0.289818	-0.336033	-0.382492	-0.436081	-0.486965	-0.534576	-0.575275	-0.605909	-0.615659	-0.606305	-0.582797	-0.530739	-0.457422	-0.371587	-0.263849	-0.133027	0.0146758	0.164332	0.309204	0.455265	0.585508	0.67971	0.746866	0.796939	0.825596	0.820616	0.76019	0.640018	0.49384	0.357228	0.239249	0.138047	0.0461815	-0.056014	-0.179087	-0.30279	-0.392891	-0.424434	-0.376287	-0.223433	0.0437114	0.396038	0.772128	1.10695	1.35285	1.4821	
-1.21808	-1.18842	-1.1236	-1.03411	-0.925908	-0.792079	-0.638919	-0.479712	-0.303382	-0.115075	0.0603881	0.217836	0.356933	0.479997	0.579424	0.638667	0.669022	0.676691	0.650309	0.58195	0.462285	0.302112	0.153967	0.0325459	-0.0546452	-0.125543	-0.193929	-0.287189	-0.409256	-0.535709	-0.64069	-0.707104	-0.720476	-0.657684	-0.516844	-0.313752	-0.0860263	0.150654	0.375662	0.572797	0.710665	0.757624	0.712767	0.588175	0.422594	0.255771	0.104677	-0.0103106	-0.0962124	-0.161651	-0.211921	-0.255216	-0.30314	-0.345785	-0.393338	-0.440933	-0.485898	-0.534531	-0.571977	-0.597308	-0.611703	-0.611638	-0.587908	-0.546632	-0.495137	-0.416566	-0.316074	-0.205058	-0.0761419	0.0696485	0.222343	0.3643	0.488144	0.605158	0.706324	0.772812	0.809893	0.824172	0.810303	0.760406	0.660911	0.513723	0.355962	0.224656	0.125942	0.0513547	-0.0122858	-0.0885646	-0.191631	-0.303118	-0.387396	-0.417018	-0.369793	-0.220309	0.0422555	0.390035	0.761372	1.0903	1.32974	1.45452	
-1.18122	-1.15445	-1.08823	-0.993766	-0.877921	-0.728125	-0.554963	-0.379482	-0.196963	-0.0116253	0.158505	0.300814	0.422294	0.530844	0.612708	0.651087	0.65097	0.621505	0.555514	0.459978	0.323801	0.167481	0.0319287	-0.0649134	-0.125543	-0.169656	-0.215577	-0.289917	-0.401115	-0.520662	-0.626433	-0.693198	-0.71282	-0.655117	-0.52075	-0.322251	-0.0955244	0.137985	0.364257	0.56092	0.700471	0.751277	0.704591	0.579133	0.40613	0.227429	0.0642847	-0.0657796	-0.168421	-0.245113	-0.306581	-0.359208	-0.408583	-0.451958	-0.49881	-0.540766	-0.57081	-0.596203	-0.609016	-0.607015	-0.589904	-0.561009	-0.511782	-0.442186	-0.362102	-0.258264	-0.134302	-0.00418844	0.134623	0.278481	0.417629	0.537296	0.633189	0.720774	0.794075	0.830959	0.831593	0.802351	0.742713	0.653399	0.529136	0.374279	0.223582	0.110637	0.0368771	-0.0116707	-0.0516294	-0.108022	-0.196509	-0.299587	-0.380303	-0.409136	-0.363111	-0.216719	0.0416814	0.385225	0.752162	1.07584	1.30968	1.43063	
-1.04591	-1.01578	-0.948475	-0.853434	-0.73828	-0.592846	-0.428772	-0.269669	-0.105732	0.0581297	0.201167	0.321627	0.421278	0.505919	0.56356	0.56997	0.534716	0.469973	0.380749	0.275366	0.14941	0.0133519	-0.0935449	-0.161624	-0.193929	-0.215577	-0.241997	-0.303441	-0.404488	-0.521679	-0.625937	-0.696604	-0.719757	-0.66923	-0.54139	-0.347892	-0.127076	0.10421	0.324526	0.519287	0.655763	0.703575	0.65475	0.522568	0.341777	0.154323	-0.0198763	-0.159605	-0.268135	-0.352907	-0.417079	-0.467992	-0.515138	-0.547309	-0.576036	-0.596533	-0.603038	-0.605227	-0.591237	-0.561969	-0.520005	-0.46313	-0.38433	-0.288197	-0.18489	-0.060929	0.0773437	0.211103	0.34143	0.467031	0.582028	0.675516	0.744085	0.802583	0.844093	0.843615	0.800548	0.726353	0.628561	0.515521	0.385891	0.241413	0.110597	0.0218543	-0.027301	-0.0540516	-0.0762066	-0.118541	-0.197032	-0.294573	-0.373207	-0.401851	-0.357002	-0.213231	0.0416234	0.381479	0.744592	1.06384	1.29303	1.41085	
-0.800377	-0.775632	-0.710942	-0.620779	-0.518714	-0.39363	-0.258609	-0.133765	-0.00986954	0.111132	0.218887	0.304555	0.368308	0.415762	0.432905	0.399618	0.328145	0.240785	0.142612	0.048141	-0.0554175	-0.160531	-0.237549	-0.27729	-0.287189	-0.289917	-0.303441	-0.353613	-0.449249	-0.562592	-0.668175	-0.740037	-0.768214	-0.722911	-0.601284	-0.414088	-0.196969	0.027837	0.245438	0.434668	0.568748	0.614358	0.561907	0.427261	0.241491	0.0490082	-0.128897	-0.270167	-0.379235	-0.456854	-0.512493	-0.550398	-0.579354	-0.594519	-0.602698	-0.602362	-0.585551	-0.560662	-0.521786	-0.465542	-0.393623	-0.31122	-0.210348	-0.0918266	0.0282429	0.157607	0.291133	0.411529	0.521463	0.622681	0.712042	0.779403	0.818845	0.84265	0.844119	0.8	0.713979	0.604699	0.485986	0.369136	0.251556	0.129198	0.0235442	-0.0413534	-0.0699885	-0.0805499	-0.0905151	-0.123618	-0.19563	-0.28967	-0.367126	-0.395835	-0.351967	-0.210243	0.0418121	0.378704	0.738744	1.05449	1.28009	1.39548	
-0.453179	-0.430924	-0.380625	-0.314702	-0.244608	-0.157764	-0.0636309	0.0159201	0.0955321	0.175377	0.238687	0.278133	0.291168	0.285953	0.252752	0.176204	0.0771312	-0.0236753	-0.116059	-0.192241	-0.26909	-0.345694	-0.397062	-0.416496	-0.409256	-0.401115	-0.404488	-0.449249	-0.539724	-0.652211	-0.757539	-0.831492	-0.862741	-0.821387	-0.704966	-0.520776	-0.308449	-0.0848094	0.128821	0.318233	0.451451	0.498979	0.448843	0.31711	0.13462	-0.0533911	-0.225287	-0.3599	-0.457449	-0.524688	-0.565684	-0.587444	-0.598539	-0.591568	-0.578288	-0.553311	-0.510274	-0.460309	-0.39393	-0.312138	-0.217997	-0.113148	0.00488359	0.129627	0.24627	0.365091	0.482385	0.581845	0.667956	0.744009	0.806519	0.843431	0.846341	0.827714	0.78508	0.700735	0.583916	0.458026	0.338516	0.234807	0.139944	0.0437669	-0.0376878	-0.0828105	-0.0963304	-0.0960105	-0.0983188	-0.125813	-0.193909	-0.285856	-0.362666	-0.391496	-0.34833	-0.208031	0.0420547	0.376833	0.734681	1.04797	1.27106	1.38478	
-0.0213778	-0.0176476	0.00651871	0.0386575	0.0678396	0.109755	0.155044	0.188105	0.221153	0.249052	0.258131	0.24003	0.194467	0.132926	0.0549792	-0.0509818	-0.165192	-0.262745	-0.3419	-0.397589	-0.45119	-0.507578	-0.542953	-0.549829	-0.535709	-0.520662	-0.521679	-0.562592	-0.652211	-0.763629	-0.869194	-0.944087	-0.975921	-0.936901	-0.820754	-0.638648	-0.424938	-0.202097	0.0142403	0.204953	0.342715	0.394594	0.351164	0.225916	0.0517863	-0.127171	-0.289405	-0.410483	-0.495486	-0.545706	-0.569173	-0.570761	-0.561321	-0.533087	-0.492716	-0.443051	-0.375758	-0.299985	-0.211493	-0.109366	0.000398962	0.110004	0.224799	0.342132	0.445814	0.545915	0.641449	0.717808	0.779111	0.826902	0.855931	0.853827	0.813636	0.751841	0.672051	0.561867	0.433515	0.310749	0.206428	0.125544	0.0563927	-0.0155995	-0.0773834	-0.108016	-0.11145	-0.104433	-0.102355	-0.12681	-0.192836	-0.283688	-0.360165	-0.389069	-0.346289	-0.206773	0.0422234	0.375824	0.73245	1.04437	1.26609	1.37889	
0.422569	0.418307	0.420132	0.419085	0.407861	0.405761	0.406121	0.386998	0.360827	0.327069	0.273053	0.19227	0.0901779	-0.0130979	-0.120604	-0.240811	-0.353111	-0.441713	-0.505406	-0.543518	-0.583502	-0.627542	-0.655261	-0.658414	-0.64069	-0.626433	-0.625937	-0.668175	-0.757539	-0.869194	-0.975347	-1.04911	-1.08182	-1.04046	-0.924689	-0.739073	-0.524155	-0.296722	-0.0769175	0.119797	0.263338	0.323702	0.287805	0.17371	0.00965102	-0.15718	-0.304676	-0.412484	-0.479436	-0.511273	-0.514114	-0.493921	-0.458627	-0.404992	-0.344479	-0.271917	-0.182647	-0.0904911	0.00954572	0.115153	0.222129	0.325933	0.429659	0.530112	0.613944	0.692954	0.765798	0.81617	0.846335	0.857311	0.845125	0.800198	0.719756	0.6254	0.525184	0.408749	0.287562	0.182323	0.101453	0.0454975	-0.000656413	-0.0536905	-0.101347	-0.122298	-0.119499	-0.108686	-0.104412	-0.127626	-0.192959	-0.283459	-0.359795	-0.388672	-0.345946	-0.206562	0.0422498	0.375653	0.732076	1.04377	1.26526	1.37791	
0.838211	0.824428	0.812417	0.791917	0.754545	0.715669	0.666191	0.591803	0.507526	0.411744	0.295177	0.160842	0.0175813	-0.117171	-0.238162	-0.359563	-0.466394	-0.542152	-0.592863	-0.621849	-0.652664	-0.693689	-0.719402	-0.721923	-0.707104	-0.693198	-0.696604	-0.740037	-0.831492	-0.944087	-1.04911	-1.12317	-1.15218	-1.10996	-0.988903	-0.801092	-0.580803	-0.349278	-0.123764	0.0789589	0.229872	0.297175	0.272473	0.167931	0.018748	-0.131916	-0.263017	-0.348909	-0.395769	-0.406277	-0.386929	-0.344728	-0.292223	-0.2206	-0.139159	-0.0537236	0.0413741	0.135433	0.23283	0.332962	0.429468	0.517522	0.603895	0.685603	0.74834	0.803113	0.846503	0.861827	0.85281	0.822181	0.768869	0.687714	0.580661	0.472404	0.371412	0.265791	0.164037	0.0827453	0.0262668	-0.00791077	-0.0365701	-0.076582	-0.115026	-0.129871	-0.123397	-0.110615	-0.105565	-0.128842	-0.194572	-0.285313	-0.361626	-0.390343	-0.347325	-0.207417	0.0421213	0.376316	0.733563	1.04617	1.26858	1.38184	
1.19727	1.18056	1.15902	1.12056	1.05599	0.984044	0.896849	0.775895	0.638551	0.492339	0.335572	0.167905	0.00344311	-0.136176	-0.258541	-0.374835	-0.472742	-0.542185	-0.589151	-0.615246	-0.650261	-0.693391	-0.72393	-0.731567	-0.720476	-0.71282	-0.719757	-0.768214	-0.862741	-0.975921	-1.08182	-1.15218	-1.17992	-1.13073	-1.00587	-0.81044	-0.584379	-0.345457	-0.111375	0.0999333	0.260351	0.339183	0.32445	0.235538	0.100615	-0.0336967	-0.145072	-0.214798	-0.243159	-0.234827	-0.199234	-0.142971	-0.0742038	0.00659646	0.0868712	0.1716	0.264852	0.353189	0.440538	0.526177	0.607493	0.679074	0.745304	0.803284	0.838093	0.859649	0.86527	0.840405	0.790818	0.722543	0.63894	0.538054	0.423686	0.320364	0.233793	0.148792	0.0707799	0.0130157	-0.0227888	-0.0406278	-0.0576724	-0.0897852	-0.122624	-0.133634	-0.124981	-0.111305	-0.106426	-0.130789	-0.197838	-0.289313	-0.365662	-0.394055	-0.350381	-0.209283	0.0418804	0.377828	0.736894	1.05154	1.276	1.39064	
