0.0171006	-0.00314317	-0.00396006	0.00515621	-0.000256674	-0.00845685	-0.00204221	0.00412761	-0.0125004	-0.000328837	0.00831654	-0.000176937	-0.00186355	-0.00464497	0.00328868	0.00443833	-0.00492257	-0.0153618	-0.00621006	0.00140097	0.00273585	-0.0107316	-0.0176412	-0.0259949	-0.0104671	0.00624575	0.0118039	-0.00493633	-0.0277867	-0.0572992	-0.0851307	-0.0955947	-0.0808803	-0.0462768	-0.0090614	0.0404351	0.0904147	0.142104	0.16856	0.176317	0.169332	0.151492	0.127521	0.0816117	0.0241186	-0.0337761	-0.0856582	-0.105543	-0.109393	-0.0968658	-0.0691361	-0.0534735	-0.0340825	-0.0178873	-0.0148602	-0.00673036	0.00310829	0.000778804	0.0018139	0.0111483	-0.000568196	-0.0109904	0.00296226	0.00877332	0.000723515	0.000118805	0.00534694	0.000894706	-0.0032046	0.0061931	0.00763145	-0.00193318	-0.000998718	0.00575107	0.00758291	0.00363533	-0.00325123	0.000796825	0.0130056	0.0111526	-0.00115028	-0.00447375	0.00146352	0.0103963	0.016119	0.00435496	-0.0256763	-0.0527831	-0.0647734	-0.0674632	-0.0613639	-0.0405626	-0.010109	0.0194237	0.0466818	0.0714881	0.0821825	0.067742	0.0370634	0.0117718	
-0.00314317	-0.0104717	-0.00116834	0.00529021	-0.000926617	-0.00589719	0.00468108	0.00625931	-0.0100951	-0.00348234	8.96675e-05	-0.00418898	-0.0118836	-0.0120698	-0.000963392	0.00568566	-0.00971771	-0.0218413	-0.00856132	0.00913317	0.00625091	-0.0125754	-0.0295421	-0.0390534	-0.0142541	0.0171882	0.0228272	-0.00727491	-0.0544759	-0.109519	-0.164005	-0.180377	-0.152378	-0.0844341	-0.00828791	0.0875533	0.191062	0.285898	0.343873	0.355018	0.343545	0.307284	0.25336	0.163363	0.0452043	-0.0734954	-0.170869	-0.220858	-0.222585	-0.196781	-0.146405	-0.100708	-0.0632227	-0.030467	-0.0157823	-0.00809327	0.000773345	-0.00251481	-0.005257	0.00356668	0.00262024	0.0055088	0.0105546	0.00220398	-0.00220282	0.00140576	0.00921784	0.00718607	-0.00210716	0.00639496	0.0114654	0.000108021	0.000386609	0.0102816	0.0132494	0.00633483	-0.00394896	0.00400027	0.0233723	0.0192031	-0.00113541	-0.00608496	0.00479416	0.0204226	0.0284997	0.00474307	-0.0507104	-0.101056	-0.124863	-0.130711	-0.118813	-0.0796377	-0.0224437	0.0344886	0.0881355	0.136273	0.156671	0.129717	0.0723071	0.02407	
-0.00396006	-0.00116834	0.0066031	-0.00272334	-0.0087479	-0.00172108	0.00328362	-0.00139961	-0.0104187	-0.00592428	0.000991338	-0.00153872	-0.0142714	-0.010216	0.000129389	0.000495674	-0.0127695	-0.0273708	-0.0116005	0.0070822	-0.00251716	-0.0204838	-0.0462505	-0.0500744	-0.0211418	0.0167588	0.0203811	-0.0230363	-0.0886063	-0.169183	-0.238977	-0.261487	-0.216113	-0.122421	-0.00424967	0.134037	0.287473	0.420972	0.504023	0.524386	0.503424	0.454049	0.365615	0.235324	0.0628514	-0.110981	-0.245494	-0.321933	-0.323752	-0.284719	-0.218862	-0.151108	-0.0946429	-0.0568297	-0.0256883	-0.0116447	-0.00664561	0.00429048	0.00278178	0.00262917	0.00432921	0.00665269	0.00712129	0.000368667	0.00365278	0.0106758	0.0102548	0.00318623	-0.000162629	0.0116545	0.0143889	0.00216297	0.00345271	0.0138352	0.0158063	0.00848222	0.000398442	0.0100957	0.0284543	0.0226478	0.00157861	-0.00267596	0.0110293	0.0291516	0.0339966	-0.00142844	-0.0739973	-0.140922	-0.17612	-0.185885	-0.169108	-0.116292	-0.0390625	0.0413702	0.119476	0.187942	0.216283	0.180597	0.103895	0.0371613	
0.00515621	0.00529021	-0.00272334	-0.00762309	-0.00216447	0.000218094	-0.00913784	-0.0094573	-0.000179134	-0.00294348	-0.00184503	-0.00535702	-0.0100772	-0.00636135	-0.00515273	-0.00919921	-0.0192664	-0.0269414	-0.0148721	-0.00502417	-0.0151582	-0.0324474	-0.056756	-0.0529397	-0.0253934	0.0102634	0.00575838	-0.0458528	-0.128452	-0.226836	-0.303895	-0.326659	-0.264949	-0.148979	0.00997592	0.189101	0.385079	0.551448	0.654306	0.685028	0.655535	0.588312	0.466963	0.291647	0.0731295	-0.149969	-0.31862	-0.412511	-0.419949	-0.365582	-0.285247	-0.198697	-0.125913	-0.0774851	-0.0398862	-0.0186907	-0.0090277	0.00329343	0.00647465	0.00669572	0.00851964	0.00439271	0.00192889	0.00790011	0.0135898	0.00799387	0.00261868	0.00843195	0.0131515	0.0109757	0.00778796	0.00824424	0.0128493	0.0152112	0.0135552	0.0111649	0.0105163	0.017852	0.0274076	0.0221675	0.00814757	0.0065987	0.020032	0.0349503	0.0306758	-0.0144268	-0.0937797	-0.169572	-0.215347	-0.22989	-0.210293	-0.15053	-0.0616799	0.0371675	0.136439	0.220715	0.254882	0.215895	0.129933	0.0508055	
-0.000256674	-0.000926617	-0.0087479	-0.00216447	0.00582184	0.000186668	-0.0103381	-0.00978446	0.00279399	-0.00962947	-0.0158242	-0.0127836	-0.00659022	-0.00701169	-0.0146104	-0.0148629	-0.018561	-0.0122749	-0.0132686	-0.0148715	-0.0220192	-0.0389233	-0.052824	-0.0448436	-0.0253938	-0.00273954	-0.0211333	-0.0762958	-0.175618	-0.278966	-0.35825	-0.370369	-0.297967	-0.157489	0.0374427	0.257049	0.487944	0.679354	0.802019	0.840088	0.807588	0.715953	0.562274	0.341272	0.0795441	-0.184371	-0.387059	-0.496495	-0.5133	-0.448638	-0.355713	-0.248321	-0.161095	-0.0925266	-0.0481194	-0.0216742	-0.00447162	0.000615154	0.00419497	0.00349291	0.00866892	0.00859127	0.00450744	0.0132125	0.01516	0.00523577	0.00400052	0.0159769	0.0185107	0.00639068	0.0070083	0.0185375	0.0190597	0.0133611	0.0120878	0.0164869	0.0229242	0.0243623	0.0220598	0.0206053	0.0189799	0.020893	0.0302379	0.0358483	0.0185567	-0.0319152	-0.10789	-0.185541	-0.240546	-0.260857	-0.242146	-0.183383	-0.0915074	0.0200444	0.135564	0.229874	0.26794	0.23229	0.148408	0.0640567	
-0.00845685	-0.00589719	-0.00172108	0.000218094	0.000186668	-0.00765288	-0.00784071	-0.00127692	-0.000343175	-0.0126417	-0.0187983	-0.00998904	-0.00602402	-0.0111154	-0.0243619	-0.0263211	-0.0154892	-0.0087273	-0.0209861	-0.0337192	-0.0367419	-0.0470627	-0.0460629	-0.0376046	-0.0289255	-0.031299	-0.0578448	-0.121306	-0.22403	-0.326951	-0.394981	-0.393498	-0.311186	-0.147041	0.0774286	0.334271	0.586732	0.797383	0.932371	0.97785	0.938772	0.821466	0.631468	0.371473	0.0719422	-0.219599	-0.44596	-0.569408	-0.587765	-0.521782	-0.414299	-0.294626	-0.192466	-0.112525	-0.060421	-0.0252727	-0.0111103	-0.00124063	0.00629089	0.00163359	0.0101503	0.0134846	0.0122808	0.0137083	0.00669179	0.00893228	0.0153062	0.0176731	0.0150987	0.0065938	0.013954	0.0262562	0.0197438	0.0116727	0.014292	0.02441	0.0340632	0.027295	0.0156319	0.0216905	0.0336683	0.0376394	0.0388298	0.0304855	0.000166864	-0.0495162	-0.114315	-0.188683	-0.251068	-0.278638	-0.26634	-0.216676	-0.129179	-0.0109063	0.114312	0.212264	0.253049	0.227835	0.157135	0.0751724	
-0.00204221	0.00468108	0.00328362	-0.00913784	-0.0103381	-0.00784071	-0.0104796	-0.00402882	-0.00184738	-0.0114936	-0.0134586	-0.00589251	-0.00517076	-0.0154677	-0.0310074	-0.0313425	-0.0133433	-0.0131465	-0.0356022	-0.0535723	-0.054092	-0.0511933	-0.0391697	-0.0329502	-0.0436176	-0.0717482	-0.10785	-0.177968	-0.274856	-0.367881	-0.414615	-0.39857	-0.303472	-0.12	0.131603	0.414763	0.68156	0.902699	1.04694	1.09789	1.04955	0.905579	0.679531	0.384997	0.058698	-0.252725	-0.492666	-0.62688	-0.648339	-0.581665	-0.465069	-0.337826	-0.223235	-0.136657	-0.0787629	-0.036863	-0.0170821	-0.00300038	0.0099198	0.011133	0.0122644	0.0132294	0.0129709	0.00923789	0.0100649	0.0184568	0.0163424	0.0155379	0.0177967	0.0119886	0.0185271	0.0281763	0.0202811	0.0138798	0.0198021	0.0327387	0.0404356	0.0265232	0.0130503	0.0284449	0.0499678	0.0528607	0.0429699	0.0193773	-0.0196355	-0.0621024	-0.111755	-0.179926	-0.247759	-0.285181	-0.286211	-0.252572	-0.174844	-0.0560014	0.0711967	0.166807	0.21027	0.202016	0.153804	0.0817112	
0.00412761	0.00625931	-0.00139961	-0.0094573	-0.00978446	-0.00127692	-0.00402882	-0.0105597	-0.0179716	-0.0181322	-0.0108354	-0.0118715	-0.0111051	-0.0235788	-0.0278923	-0.0222196	-0.0090278	-0.0146126	-0.0430228	-0.0610842	-0.0580766	-0.0452252	-0.0276345	-0.0338509	-0.0686512	-0.119644	-0.169927	-0.240094	-0.326177	-0.39538	-0.418249	-0.383074	-0.273948	-0.0719988	0.200861	0.501058	0.774685	1.00244	1.15195	1.2078	1.14663	0.976861	0.716859	0.394069	0.0477254	-0.274123	-0.529432	-0.669799	-0.705355	-0.641083	-0.521195	-0.388203	-0.259849	-0.160233	-0.0901248	-0.0441252	-0.0122995	-0.000783367	0.00776515	0.0151629	0.0104675	0.0106605	0.0106423	0.0108086	0.0209755	0.0249307	0.0162011	0.0115707	0.0166261	0.023214	0.0267589	0.0235717	0.0184906	0.0217324	0.0301657	0.0382819	0.0388314	0.0252313	0.0195812	0.0409234	0.0637669	0.0626754	0.0413582	0.00553161	-0.0346803	-0.065244	-0.0999249	-0.161027	-0.233188	-0.284589	-0.306106	-0.293088	-0.228461	-0.115338	0.00598116	0.094885	0.142178	0.155681	0.136195	0.0808792	
-0.0125004	-0.0100951	-0.0104187	-0.000179134	0.00279399	-0.000343175	-0.00184738	-0.0179716	-0.0223185	-0.00675843	-0.0103717	-0.0231273	-0.0262946	-0.0298837	-0.0250333	-0.0213473	-0.0208493	-0.0309896	-0.0545256	-0.0669801	-0.0584497	-0.0380203	-0.0224934	-0.0470984	-0.101181	-0.171744	-0.232426	-0.29836	-0.362344	-0.399779	-0.396786	-0.338835	-0.215729	0.00396268	0.285953	0.593386	0.864635	1.09236	1.2424	1.29381	1.21658	1.01858	0.727048	0.384968	0.0251458	-0.298049	-0.558381	-0.707514	-0.747451	-0.691041	-0.569087	-0.42766	-0.291667	-0.180496	-0.0993152	-0.0488532	-0.0154774	-0.00324204	0.00378085	0.00660643	0.00693493	0.0178289	0.0212381	0.0220761	0.0210387	0.0153452	0.015249	0.0161383	0.0254097	0.0341864	0.0234626	0.0159936	0.0255722	0.0350671	0.0379436	0.0371128	0.0333292	0.0299311	0.0357923	0.0548627	0.0713925	0.0652682	0.0350362	-0.00591929	-0.0389529	-0.0563108	-0.0795835	-0.13455	-0.211832	-0.282668	-0.330471	-0.33982	-0.290219	-0.188975	-0.0800313	0.000437901	0.053529	0.0908775	0.102633	0.0701312	
-0.000328837	-0.00348234	-0.00592428	-0.00294348	-0.00962947	-0.0126417	-0.0114936	-0.0181322	-0.00675843	0.00391243	-0.0142952	-0.028785	-0.0295737	-0.0254383	-0.0212649	-0.0280813	-0.0416823	-0.0530239	-0.0645738	-0.0689664	-0.0594973	-0.0360505	-0.0382616	-0.0777819	-0.150261	-0.231631	-0.301086	-0.354505	-0.386969	-0.390526	-0.35769	-0.278748	-0.134865	0.0917079	0.378498	0.676155	0.945531	1.16308	1.31182	1.35002	1.25476	1.03147	0.716467	0.362913	0.00399885	-0.318259	-0.571624	-0.729476	-0.774013	-0.723307	-0.605987	-0.45982	-0.319546	-0.204823	-0.11984	-0.0648132	-0.0291956	-0.00946089	0.00641807	0.0165873	0.0172413	0.0204286	0.0220326	0.0194829	0.0143388	0.0171497	0.0244328	0.0249621	0.0323992	0.0314448	0.0153843	0.0214858	0.0406491	0.0434559	0.0384525	0.0326126	0.0318396	0.0436584	0.0564527	0.0650755	0.0716547	0.0612141	0.0275437	-0.00858263	-0.0281649	-0.0350659	-0.0524429	-0.104084	-0.18998	-0.285951	-0.363005	-0.39403	-0.360877	-0.276768	-0.183735	-0.110385	-0.0494428	0.0106922	0.0526543	0.0479378	
0.00831654	8.96675e-05	0.000991338	-0.00184503	-0.0158242	-0.0187983	-0.0134586	-0.0108354	-0.0103717	-0.0142952	-0.0283937	-0.0295905	-0.0247896	-0.0189756	-0.0149102	-0.0337789	-0.0549823	-0.0611282	-0.0583974	-0.0603721	-0.052402	-0.0443468	-0.0679925	-0.125279	-0.207303	-0.29719	-0.36727	-0.401203	-0.396372	-0.3664	-0.302716	-0.200376	-0.0359621	0.19221	0.471411	0.7558	1.01521	1.22474	1.36159	1.38559	1.27091	1.02814	0.702182	0.34474	-0.00551014	-0.319909	-0.571747	-0.735234	-0.793131	-0.757442	-0.645753	-0.50335	-0.358279	-0.231663	-0.137364	-0.0736915	-0.0289024	-0.00477573	0.00559495	0.0185644	0.0220469	0.018525	0.0177075	0.016954	0.0188456	0.02718	0.0335166	0.0297179	0.0258337	0.0238894	0.0250971	0.0373379	0.0458491	0.0431746	0.0379766	0.0314127	0.03875	0.0631569	0.0742142	0.0689165	0.0658149	0.0533398	0.0249105	0.00357069	-0.00119939	-0.00356135	-0.0210735	-0.0745632	-0.175125	-0.300423	-0.406211	-0.45701	-0.441747	-0.377839	-0.30018	-0.230053	-0.159924	-0.0808132	-0.0122495	0.0145308	
-0.000176937	-0.00418898	-0.00153872	-0.00535702	-0.0127836	-0.00998904	-0.00589251	-0.0118715	-0.0231273	-0.028785	-0.0295905	-0.0268798	-0.0270737	-0.0202547	-0.0243486	-0.0518201	-0.0702467	-0.0630237	-0.0518948	-0.0492815	-0.0520052	-0.0658178	-0.111261	-0.178907	-0.263519	-0.353896	-0.414517	-0.420089	-0.379271	-0.314443	-0.22255	-0.0918803	0.0853986	0.309844	0.569105	0.835699	1.08021	1.27421	1.39247	1.39327	1.2601	1.00326	0.672735	0.32161	-0.0182009	-0.320716	-0.567626	-0.738291	-0.805697	-0.783405	-0.681058	-0.538052	-0.390117	-0.257278	-0.151347	-0.0804271	-0.0318414	-0.00178178	0.00781535	0.0143753	0.0139031	0.0155308	0.0225995	0.0258935	0.0300957	0.0319076	0.0310544	0.0260452	0.0223387	0.0318608	0.0419901	0.0431148	0.0433915	0.043353	0.0383101	0.0367575	0.0554619	0.0816529	0.0830466	0.0667598	0.0570471	0.0473391	0.034596	0.0336765	0.0393391	0.0346972	0.0109521	-0.0524268	-0.174778	-0.33038	-0.461559	-0.530442	-0.534145	-0.489913	-0.422946	-0.350826	-0.27135	-0.178537	-0.0880395	-0.0276187	
-0.00186355	-0.0118836	-0.0142714	-0.0100772	-0.00659022	-0.00602402	-0.00517076	-0.0111051	-0.0262946	-0.0295737	-0.0247896	-0.0270737	-0.0300367	-0.0310712	-0.0489773	-0.0714396	-0.0747598	-0.062333	-0.0459504	-0.0462508	-0.0672129	-0.106542	-0.169537	-0.238555	-0.321627	-0.400605	-0.441129	-0.414512	-0.339726	-0.243314	-0.119729	0.0341316	0.220885	0.428751	0.665416	0.906921	1.13385	1.30473	1.3958	1.37251	1.22112	0.961067	0.634908	0.295475	-0.0264924	-0.319066	-0.558419	-0.73368	-0.813827	-0.800341	-0.707205	-0.566624	-0.412141	-0.275499	-0.166299	-0.0895055	-0.0431525	-0.0129555	0.00193174	0.0145895	0.0211126	0.0225047	0.0282588	0.0324682	0.0312579	0.027474	0.0297302	0.0295048	0.0293917	0.0432977	0.0495183	0.0427676	0.0427502	0.0430166	0.0419214	0.0540241	0.0762353	0.0899167	0.0820678	0.0622457	0.0504786	0.051355	0.0624494	0.0800225	0.0882735	0.0756203	0.038504	-0.0451642	-0.194895	-0.37795	-0.530144	-0.616326	-0.638364	-0.608902	-0.54503	-0.465934	-0.377879	-0.276208	-0.167987	-0.0738214	
-0.00464497	-0.0120698	-0.010216	-0.00636135	-0.00701169	-0.0111154	-0.0154677	-0.0235788	-0.0298837	-0.0254383	-0.0189756	-0.0202547	-0.0310712	-0.0475555	-0.0669715	-0.0703898	-0.0676665	-0.0594386	-0.046599	-0.0602077	-0.105252	-0.170084	-0.239641	-0.307454	-0.379974	-0.43694	-0.447678	-0.390293	-0.285749	-0.158041	-0.00454034	0.167826	0.352554	0.539503	0.747199	0.963499	1.16467	1.30709	1.36643	1.31876	1.16004	0.904337	0.596939	0.275728	-0.024825	-0.302113	-0.53587	-0.714048	-0.806939	-0.808698	-0.728763	-0.594333	-0.444015	-0.301785	-0.186498	-0.10431	-0.0495716	-0.0135689	0.002312	0.0145244	0.025751	0.0296851	0.0320401	0.0327393	0.0308827	0.0272382	0.0305107	0.0367732	0.0412905	0.0505942	0.0512059	0.0421644	0.0401326	0.0449238	0.0592206	0.0789688	0.0869696	0.0851723	0.0772119	0.0603119	0.0532033	0.0735521	0.109138	0.136509	0.13999	0.114388	0.0544382	-0.059851	-0.238542	-0.443603	-0.613335	-0.716186	-0.752578	-0.729137	-0.660041	-0.570341	-0.474368	-0.366363	-0.243204	-0.1178	
0.00328868	-0.000963392	0.000129389	-0.00515273	-0.0146104	-0.0243619	-0.0310074	-0.0278923	-0.0250333	-0.0212649	-0.0149102	-0.0243486	-0.0489773	-0.0669715	-0.0680266	-0.0590117	-0.0589592	-0.0579595	-0.0566403	-0.0899038	-0.160452	-0.237747	-0.307688	-0.368614	-0.421506	-0.445157	-0.423531	-0.338669	-0.208746	-0.0491017	0.128117	0.310596	0.483096	0.646183	0.823658	1.01068	1.1802	1.28719	1.31367	1.24634	1.0868	0.847645	0.56185	0.265562	-0.0166921	-0.279476	-0.508888	-0.691572	-0.797525	-0.813413	-0.7479	-0.621195	-0.471586	-0.329537	-0.207828	-0.11813	-0.0592312	-0.0144139	0.00868469	0.0222553	0.0314667	0.0302541	0.0307484	0.029916	0.028117	0.031342	0.0412433	0.0500733	0.0493185	0.0490493	0.0475224	0.0405914	0.0438219	0.0623363	0.0845387	0.092339	0.0827459	0.0768201	0.0750256	0.065879	0.0739205	0.117734	0.168811	0.195684	0.189486	0.144243	0.0503958	-0.100996	-0.305728	-0.527397	-0.712702	-0.829685	-0.872339	-0.84438	-0.763261	-0.660755	-0.555931	-0.44068	-0.303905	-0.152855	
0.00443833	0.00568566	0.000495674	-0.00919921	-0.0148629	-0.0263211	-0.0313425	-0.0222196	-0.0213473	-0.0280813	-0.0337789	-0.0518201	-0.0714396	-0.0703898	-0.0590117	-0.0478088	-0.0516993	-0.0613694	-0.0800358	-0.138203	-0.220942	-0.300282	-0.365108	-0.412563	-0.434215	-0.419892	-0.366693	-0.260348	-0.104301	0.0814783	0.27528	0.454415	0.609825	0.747118	0.893913	1.04678	1.17723	1.24653	1.24193	1.16321	1.01215	0.795937	0.538342	0.264234	0.000923455	-0.253362	-0.480675	-0.670578	-0.791075	-0.823118	-0.77019	-0.650982	-0.500641	-0.350158	-0.222721	-0.122146	-0.057122	-0.0135223	0.0109173	0.0210701	0.0283146	0.0271979	0.0265643	0.0316267	0.0390871	0.044247	0.0505025	0.0559727	0.0483707	0.0417663	0.044857	0.0493919	0.0640409	0.0863259	0.0965543	0.0887132	0.0752992	0.0731416	0.0790003	0.0872552	0.11909	0.179138	0.232119	0.25179	0.230953	0.155972	0.019436	-0.169109	-0.39482	-0.62995	-0.828788	-0.953377	-0.991182	-0.949253	-0.85202	-0.734842	-0.61746	-0.490831	-0.341201	-0.173279	
-0.00492257	-0.00971771	-0.0127695	-0.0192664	-0.018561	-0.0154892	-0.0133433	-0.0090278	-0.0208493	-0.0416823	-0.0549823	-0.0702467	-0.0747598	-0.0676665	-0.0589592	-0.0516993	-0.0640589	-0.0930409	-0.139905	-0.210707	-0.289941	-0.363312	-0.415475	-0.43679	-0.41854	-0.364827	-0.285305	-0.155889	0.0226649	0.228792	0.424727	0.592	0.725732	0.837234	0.94945	1.06047	1.14582	1.17555	1.14604	1.06251	0.927936	0.738602	0.510391	0.259605	0.0118091	-0.230891	-0.457273	-0.648176	-0.780213	-0.822817	-0.781024	-0.667499	-0.51825	-0.36557	-0.23249	-0.130073	-0.0620911	-0.0177216	0.00469758	0.0140834	0.0235099	0.0285355	0.03499	0.0436134	0.0518798	0.0548822	0.0520325	0.0485931	0.0407845	0.0421187	0.0586122	0.0733954	0.0860018	0.0949659	0.0919481	0.0822536	0.0735292	0.0760196	0.097301	0.133541	0.185206	0.246397	0.291801	0.300068	0.255474	0.140215	-0.0409132	-0.261543	-0.504655	-0.751932	-0.959227	-1.08061	-1.10234	-1.04034	-0.925055	-0.790052	-0.653543	-0.50984	-0.348972	-0.175627	
-0.0153618	-0.0218413	-0.0273708	-0.0269414	-0.0122749	-0.0087273	-0.0131465	-0.0146126	-0.0309896	-0.0530239	-0.0611282	-0.0630237	-0.062333	-0.0594386	-0.0579595	-0.0613694	-0.0930409	-0.152323	-0.219108	-0.287714	-0.357941	-0.420998	-0.450593	-0.436967	-0.376918	-0.292511	-0.18666	-0.0366964	0.160267	0.372705	0.55875	0.708621	0.819093	0.904941	0.976337	1.04175	1.07927	1.07685	1.03156	0.955564	0.843843	0.687654	0.488744	0.262955	0.0296485	-0.202453	-0.424943	-0.619036	-0.757789	-0.813318	-0.78197	-0.677813	-0.533032	-0.38271	-0.250986	-0.145935	-0.0783646	-0.0306301	0.000636703	0.0150053	0.0313045	0.0422816	0.0493484	0.0556249	0.0549304	0.0473401	0.041615	0.0457945	0.0503524	0.0600147	0.0801967	0.0922469	0.0931896	0.0905219	0.0852055	0.0802724	0.0781317	0.0941057	0.141685	0.202614	0.258752	0.310057	0.343791	0.332612	0.252081	0.0920269	-0.128158	-0.375448	-0.635248	-0.891875	-1.09762	-1.20311	-1.20069	-1.11619	-0.981077	-0.822763	-0.659132	-0.493633	-0.32528	-0.159448	
-0.00621006	-0.00856132	-0.0116005	-0.0148721	-0.0132686	-0.0209861	-0.0356022	-0.0430228	-0.0545256	-0.0645738	-0.0583974	-0.0518948	-0.0459504	-0.046599	-0.0566403	-0.0800358	-0.139905	-0.219108	-0.289313	-0.350391	-0.409904	-0.45383	-0.451937	-0.399243	-0.308538	-0.196486	-0.0674884	0.101156	0.304097	0.508004	0.677017	0.805385	0.894984	0.948351	0.977827	0.99224	0.990214	0.963606	0.91755	0.857761	0.776357	0.653752	0.486142	0.281174	0.0630392	-0.162795	-0.384177	-0.582442	-0.735117	-0.804703	-0.790334	-0.698549	-0.560495	-0.409589	-0.274594	-0.162848	-0.0837271	-0.0310081	0.0070778	0.0289877	0.0453385	0.0523671	0.0511192	0.0483599	0.0460825	0.0444713	0.0457927	0.0579268	0.0703834	0.0805112	0.0946174	0.098062	0.0900523	0.083819	0.0815467	0.0848668	0.0995466	0.140425	0.210534	0.27933	0.328065	0.36616	0.381279	0.337444	0.213524	0.013279	-0.238194	-0.510041	-0.785775	-1.0439	-1.23456	-1.31371	-1.28368	-1.17594	-1.01734	-0.828408	-0.630872	-0.442293	-0.272835	-0.127256	
0.00140097	0.00913317	0.0070822	-0.00502417	-0.0148715	-0.0337192	-0.0535723	-0.0610842	-0.0669801	-0.0689664	-0.0603721	-0.0492815	-0.0462508	-0.0602077	-0.0899038	-0.138203	-0.210707	-0.287714	-0.350391	-0.398221	-0.434887	-0.4459	-0.402359	-0.319557	-0.200602	-0.0649888	0.0883616	0.265383	0.459937	0.645294	0.791846	0.900713	0.962437	0.98142	0.960574	0.930654	0.892985	0.856751	0.816505	0.778846	0.725756	0.632835	0.488553	0.30085	0.0881404	-0.131936	-0.357188	-0.560497	-0.721992	-0.806255	-0.801594	-0.717998	-0.582804	-0.429128	-0.286237	-0.166969	-0.0805373	-0.0201171	0.018607	0.0336726	0.043776	0.0473787	0.0449347	0.0444656	0.0469917	0.0530396	0.0618335	0.0777657	0.0894495	0.0924448	0.0976727	0.0953204	0.0839093	0.0788684	0.086096	0.10944	0.150898	0.211923	0.287137	0.350818	0.389175	0.408529	0.391468	0.305225	0.140951	-0.090695	-0.369352	-0.665194	-0.95114	-1.19777	-1.36079	-1.4083	-1.35042	-1.21751	-1.02925	-0.802788	-0.568629	-0.360485	-0.198361	-0.0837869	
0.00273585	0.00625091	-0.00251716	-0.0151582	-0.0220192	-0.0367419	-0.054092	-0.0580766	-0.0584497	-0.0594973	-0.052402	-0.0520052	-0.0672129	-0.105252	-0.160452	-0.220942	-0.289941	-0.357941	-0.409904	-0.434887	-0.436877	-0.403566	-0.328233	-0.217742	-0.0764252	0.0854818	0.253743	0.426272	0.600498	0.761418	0.886565	0.970629	1.00119	0.976081	0.909775	0.838091	0.781333	0.742477	0.718777	0.703939	0.677841	0.611332	0.486838	0.312456	0.107672	-0.111574	-0.334681	-0.542602	-0.710856	-0.801871	-0.806107	-0.726347	-0.590077	-0.433418	-0.288028	-0.164908	-0.0784718	-0.0243076	0.0142295	0.0307654	0.0387268	0.042848	0.0439138	0.0500215	0.0604703	0.0718296	0.0807257	0.0929648	0.100108	0.0957245	0.0926424	0.0868376	0.0788836	0.0864158	0.115818	0.165187	0.225668	0.290296	0.358613	0.413517	0.435957	0.423325	0.363227	0.236394	0.0408685	-0.217032	-0.52205	-0.836986	-1.12074	-1.3422	-1.47035	-1.48558	-1.39941	-1.23647	-1.01152	-0.744089	-0.476461	-0.256785	-0.111034	-0.0347976	
-0.0107316	-0.0125754	-0.0204838	-0.0324474	-0.0389233	-0.0470627	-0.0511933	-0.0452252	-0.0380203	-0.0360505	-0.0443468	-0.0658178	-0.106542	-0.170084	-0.237747	-0.300282	-0.363312	-0.420998	-0.45383	-0.4459	-0.403566	-0.337106	-0.23368	-0.102844	0.0640328	0.242578	0.413002	0.566927	0.715132	0.851048	0.952464	1.00667	0.997633	0.929214	0.820992	0.724053	0.657389	0.630374	0.625166	0.635743	0.634371	0.590174	0.48523	0.32354	0.126181	-0.0854759	-0.30832	-0.513876	-0.68594	-0.785758	-0.796528	-0.725652	-0.596686	-0.441724	-0.29642	-0.174977	-0.0849343	-0.0282529	0.00747769	0.0232144	0.0355937	0.0478045	0.0556722	0.0659554	0.078787	0.0903286	0.0957296	0.10117	0.100441	0.0875393	0.0809047	0.0832275	0.093158	0.123885	0.176395	0.241213	0.305378	0.363899	0.421609	0.460585	0.453359	0.3981	0.296573	0.138422	-0.0826761	-0.366287	-0.693473	-1.01493	-1.28158	-1.46917	-1.56121	-1.54461	-1.42664	-1.2268	-0.960573	-0.654624	-0.362487	-0.142038	-0.0205103	0.0141842	
-0.0176412	-0.0295421	-0.0462505	-0.056756	-0.052824	-0.0460629	-0.0391697	-0.0276345	-0.0224934	-0.0382616	-0.0679925	-0.111261	-0.169537	-0.239641	-0.307688	-0.365108	-0.415475	-0.450593	-0.451937	-0.402359	-0.328233	-0.23368	-0.111653	0.042283	0.223867	0.40519	0.560317	0.68877	0.80902	0.91969	0.991249	1.00883	0.957123	0.850006	0.714678	0.605412	0.545862	0.534866	0.554788	0.587815	0.608727	0.58516	0.494242	0.345143	0.15323	-0.056025	-0.275972	-0.486	-0.662371	-0.769691	-0.79127	-0.727312	-0.602717	-0.452963	-0.309088	-0.18718	-0.0987302	-0.0405339	0.00395443	0.0286856	0.0453011	0.061296	0.0738837	0.086525	0.0969671	0.103119	0.0999349	0.0942671	0.0873904	0.0771451	0.0824167	0.105722	0.139534	0.189773	0.253469	0.320603	0.380714	0.428959	0.467236	0.4756	0.428531	0.33307	0.199747	0.0161451	-0.230268	-0.536334	-0.873248	-1.18476	-1.42375	-1.57566	-1.63277	-1.58198	-1.42579	-1.18353	-0.877017	-0.541365	-0.237527	-0.0272369	0.0648775	0.0588265	
-0.0259949	-0.0390534	-0.0500744	-0.0529397	-0.0448436	-0.0376046	-0.0329502	-0.0338509	-0.0470984	-0.0777819	-0.125279	-0.178907	-0.238555	-0.307454	-0.368614	-0.412563	-0.43679	-0.436967	-0.399243	-0.319557	-0.217742	-0.102844	0.042283	0.210485	0.394298	0.560699	0.69302	0.793967	0.888022	0.967262	1.00324	0.977331	0.887438	0.751715	0.604205	0.497862	0.451553	0.463108	0.50337	0.557783	0.595669	0.587135	0.510164	0.36819	0.182406	-0.0242138	-0.245546	-0.456474	-0.640138	-0.75827	-0.789197	-0.73702	-0.62073	-0.471345	-0.326769	-0.200962	-0.102299	-0.0376076	0.0101788	0.0403752	0.0637909	0.0847902	0.0953472	0.101251	0.103029	0.0981513	0.0860648	0.0796783	0.0823607	0.0887023	0.114545	0.15962	0.209994	0.268311	0.333336	0.396596	0.446403	0.473216	0.477554	0.446503	0.3629	0.237106	0.0777771	-0.131206	-0.400121	-0.716577	-1.04595	-1.33502	-1.5433	-1.66117	-1.68217	-1.59129	-1.39081	-1.10581	-0.766806	-0.414891	-0.112967	0.0784219	0.139301	0.0964681	
-0.0104671	-0.0142541	-0.0211418	-0.0253934	-0.0253938	-0.0289255	-0.0436176	-0.0686512	-0.101181	-0.150261	-0.207303	-0.263519	-0.321627	-0.379974	-0.421506	-0.434215	-0.41854	-0.376918	-0.308538	-0.200602	-0.0764252	0.0640328	0.223867	0.394298	0.56225	0.705399	0.81195	0.887637	0.95001	0.992626	0.984436	0.919156	0.798446	0.650655	0.504876	0.411195	0.384554	0.414943	0.475351	0.543039	0.593929	0.595831	0.525324	0.389954	0.2038	-0.00310516	-0.22608	-0.442871	-0.631433	-0.756667	-0.796486	-0.748021	-0.633265	-0.485019	-0.334587	-0.203028	-0.0987608	-0.0247576	0.0320414	0.066719	0.0859022	0.0984661	0.100777	0.0961339	0.0884856	0.0829449	0.0778992	0.0830912	0.104053	0.131827	0.175314	0.23289	0.290393	0.350047	0.410289	0.460412	0.486193	0.477988	0.442552	0.376743	0.265789	0.114751	-0.0705008	-0.301814	-0.581038	-0.890357	-1.19874	-1.46103	-1.63986	-1.72328	-1.70295	-1.56562	-1.31959	-0.998735	-0.640476	-0.287129	0.00141075	0.168781	0.199803	0.126106	
0.00624575	0.0171882	0.0167588	0.0102634	-0.00273954	-0.031299	-0.0717482	-0.119644	-0.171744	-0.231631	-0.29719	-0.353896	-0.400605	-0.43694	-0.445157	-0.419892	-0.364827	-0.292511	-0.196486	-0.0649888	0.0854818	0.242578	0.40519	0.560699	0.705399	0.823256	0.906848	0.953143	0.979271	0.976699	0.927621	0.828943	0.694335	0.546952	0.41484	0.339128	0.330598	0.37902	0.451123	0.530271	0.587522	0.596231	0.531552	0.397935	0.214316	0.00629224	-0.21791	-0.435939	-0.628166	-0.758313	-0.799983	-0.75449	-0.637926	-0.481963	-0.325404	-0.185602	-0.0744988	-0.00149817	0.049691	0.0765052	0.0879274	0.0928074	0.086988	0.0807165	0.0786575	0.0821559	0.0919143	0.116901	0.156863	0.198595	0.251424	0.315596	0.374685	0.427361	0.470184	0.492207	0.482396	0.436762	0.367963	0.275509	0.140633	-0.0355979	-0.242702	-0.483409	-0.755155	-1.04374	-1.32639	-1.56257	-1.71137	-1.75544	-1.68744	-1.50181	-1.21649	-0.872887	-0.510729	-0.16881	0.0989329	0.241047	0.245966	0.148038	
0.0118039	0.0228272	0.0203811	0.00575838	-0.0211333	-0.0578448	-0.10785	-0.169927	-0.232426	-0.301086	-0.36727	-0.414517	-0.441129	-0.447678	-0.423531	-0.366693	-0.285305	-0.18666	-0.0674884	0.0883616	0.253743	0.413002	0.560317	0.69302	0.81195	0.906848	0.962888	0.974584	0.95602	0.910656	0.826691	0.71159	0.576163	0.442771	0.329812	0.273282	0.282087	0.342041	0.42511	0.508918	0.572566	0.585567	0.525165	0.396483	0.214572	0.0101455	-0.211065	-0.426548	-0.615726	-0.74318	-0.784683	-0.736069	-0.618107	-0.463192	-0.305628	-0.17014	-0.0641208	0.00399835	0.0482255	0.0693462	0.0740707	0.0765098	0.0762281	0.0780582	0.0883192	0.110603	0.138208	0.175895	0.227647	0.280249	0.33865	0.401233	0.449455	0.480149	0.4916	0.477659	0.433181	0.357225	0.261752	0.144485	-0.0143078	-0.210195	-0.424918	-0.656998	-0.90795	-1.17128	-1.42878	-1.6378	-1.75116	-1.7493	-1.63156	-1.40362	-1.0922	-0.741779	-0.389452	-0.0675529	0.176528	0.295315	0.279157	0.163354	
-0.00493633	-0.00727491	-0.0230363	-0.0458528	-0.0762958	-0.121306	-0.177968	-0.240094	-0.29836	-0.354505	-0.401203	-0.420089	-0.414512	-0.390293	-0.338669	-0.260348	-0.155889	-0.0366964	0.101156	0.265383	0.426272	0.566927	0.68877	0.793967	0.887637	0.953143	0.974584	0.942178	0.880014	0.798202	0.69588	0.578936	0.457362	0.344924	0.2545	0.217616	0.240587	0.312983	0.402923	0.494922	0.563346	0.583706	0.529896	0.407132	0.231487	0.0313728	-0.185307	-0.39787	-0.585462	-0.715166	-0.75823	-0.715278	-0.602166	-0.451303	-0.300505	-0.169827	-0.0703769	-0.00847542	0.0327323	0.0530277	0.063037	0.0748359	0.0854396	0.102755	0.128731	0.163173	0.203824	0.255403	0.316731	0.37118	0.422574	0.46896	0.491454	0.489173	0.465682	0.419464	0.346924	0.245029	0.123574	-0.0175738	-0.192926	-0.392927	-0.597199	-0.808077	-1.03424	-1.27295	-1.50397	-1.67974	-1.7503	-1.70006	-1.53865	-1.28196	-0.961038	-0.618439	-0.285355	0.0129042	0.23429	0.333638	0.301672	0.173463	
-0.0277867	-0.0544759	-0.0886063	-0.128452	-0.175618	-0.22403	-0.274856	-0.326177	-0.362344	-0.386969	-0.396372	-0.379271	-0.339726	-0.285749	-0.208746	-0.104301	0.0226649	0.160267	0.304097	0.459937	0.600498	0.715132	0.80902	0.888022	0.95001	0.979271	0.95602	0.880014	0.780729	0.678575	0.573371	0.468905	0.368834	0.280065	0.211809	0.190894	0.227186	0.307032	0.405051	0.50088	0.575457	0.600064	0.551609	0.433114	0.260434	0.0624423	-0.153648	-0.366848	-0.558032	-0.691566	-0.742748	-0.706573	-0.601371	-0.458409	-0.312377	-0.186396	-0.0862475	-0.0220927	0.0229805	0.0530262	0.0728416	0.0961735	0.121191	0.151248	0.191348	0.242171	0.294131	0.348664	0.406514	0.449686	0.479674	0.496706	0.486282	0.451515	0.398346	0.32496	0.226164	0.0982428	-0.0462424	-0.201214	-0.376535	-0.563254	-0.745749	-0.932204	-1.13413	-1.34642	-1.54438	-1.67891	-1.70358	-1.61093	-1.41993	-1.15192	-0.837097	-0.512595	-0.202919	0.0723469	0.274475	0.359006	0.316016	0.179737	
-0.0572992	-0.109519	-0.169183	-0.226836	-0.278966	-0.326951	-0.367881	-0.39538	-0.399779	-0.390526	-0.3664	-0.314443	-0.243314	-0.158041	-0.0491017	0.0814783	0.228792	0.372705	0.508004	0.645294	0.761418	0.851048	0.91969	0.967262	0.992626	0.976699	0.910656	0.798202	0.678575	0.57279	0.478936	0.395553	0.318718	0.252936	0.201522	0.194456	0.238006	0.324658	0.425007	0.524287	0.599541	0.626058	0.577598	0.459166	0.284524	0.0841654	-0.135451	-0.353758	-0.549019	-0.689997	-0.745772	-0.715281	-0.613877	-0.472476	-0.326368	-0.197299	-0.0944854	-0.0223266	0.0337744	0.0733325	0.106161	0.14449	0.184606	0.230736	0.282294	0.337013	0.387751	0.434388	0.4746	0.491514	0.490747	0.476704	0.436892	0.374282	0.293811	0.193175	0.0687	-0.079546	-0.23405	-0.385331	-0.544702	-0.708808	-0.867226	-1.02954	-1.20459	-1.38328	-1.54	-1.62995	-1.61443	-1.49367	-1.29134	-1.02859	-0.731	-0.429374	-0.14269	0.113019	0.300372	0.374517	0.32443	0.18332	
-0.0851307	-0.164005	-0.238977	-0.303895	-0.35825	-0.394981	-0.414615	-0.418249	-0.396786	-0.35769	-0.302716	-0.22255	-0.119729	-0.00454034	0.128117	0.27528	0.424727	0.55875	0.677017	0.791846	0.886565	0.952464	0.991249	1.00324	0.984436	0.927621	0.826691	0.69588	0.573371	0.478936	0.405831	0.344829	0.290701	0.241047	0.203528	0.20297	0.252394	0.339828	0.441646	0.539557	0.614218	0.638586	0.588795	0.467268	0.290873	0.0868991	-0.135746	-0.356477	-0.556455	-0.69861	-0.757608	-0.728147	-0.625882	-0.481866	-0.331285	-0.195263	-0.0805561	0.00123504	0.0682156	0.124644	0.17352	0.225809	0.276793	0.327522	0.379041	0.427733	0.462599	0.485217	0.497715	0.48596	0.45689	0.415073	0.347468	0.256858	0.149002	0.0241917	-0.116918	-0.270256	-0.417116	-0.550632	-0.687166	-0.827475	-0.961528	-1.09592	-1.23619	-1.3731	-1.48569	-1.53694	-1.49545	-1.36512	-1.16881	-0.923315	-0.648375	-0.369553	-0.102429	0.138367	0.315373	0.382848	0.328666	0.185055	
-0.0955947	-0.180377	-0.261487	-0.326659	-0.370369	-0.393498	-0.39857	-0.383074	-0.338835	-0.278748	-0.200376	-0.0918803	0.0341316	0.167826	0.310596	0.454415	0.592	0.708621	0.805385	0.900713	0.970629	1.00667	1.00883	0.977331	0.919156	0.828943	0.71159	0.578936	0.468905	0.395553	0.344829	0.306683	0.26848	0.233212	0.202372	0.208647	0.259301	0.348513	0.448987	0.545574	0.61763	0.639152	0.585238	0.461235	0.280258	0.074511	-0.150499	-0.373323	-0.571237	-0.713201	-0.767836	-0.732771	-0.624392	-0.472854	-0.311852	-0.164703	-0.039744	0.0590681	0.143558	0.210905	0.268148	0.325262	0.376008	0.420381	0.456664	0.483493	0.493939	0.490765	0.476456	0.43742	0.380567	0.310331	0.214483	0.0976565	-0.0312346	-0.167814	-0.308812	-0.450755	-0.578431	-0.689498	-0.802873	-0.918355	-1.02289	-1.12075	-1.21834	-1.31146	-1.38661	-1.4136	-1.36444	-1.24196	-1.06423	-0.842048	-0.590106	-0.330825	-0.0785156	0.151998	0.322391	0.38603	0.329948	0.185505	
-0.0808803	-0.152378	-0.216113	-0.264949	-0.297967	-0.311186	-0.303472	-0.273948	-0.215729	-0.134865	-0.0359621	0.0853986	0.220885	0.352554	0.483096	0.609825	0.725732	0.819093	0.894984	0.962437	1.00119	0.997633	0.957123	0.887438	0.798446	0.694335	0.576163	0.457362	0.368834	0.318718	0.290701	0.26848	0.24445	0.215464	0.191567	0.19945	0.252884	0.341513	0.441201	0.536309	0.605932	0.624752	0.569012	0.441905	0.261915	0.0554755	-0.167804	-0.386274	-0.581502	-0.714938	-0.761149	-0.716474	-0.59529	-0.42946	-0.255642	-0.0937091	0.0469901	0.153007	0.240857	0.312082	0.368558	0.417848	0.453489	0.478045	0.493279	0.496765	0.481462	0.452247	0.410684	0.34291	0.257692	0.160227	0.0404605	-0.0926461	-0.227132	-0.35833	-0.485175	-0.607507	-0.713158	-0.801347	-0.889401	-0.973647	-1.03957	-1.0937	-1.14792	-1.20516	-1.25792	-1.27872	-1.23868	-1.13641	-0.983681	-0.785635	-0.553736	-0.30935	-0.06711	0.157026	0.323613	0.385432	0.329034	0.185	
-0.0462768	-0.0844341	-0.122421	-0.148979	-0.157489	-0.147041	-0.12	-0.0719988	0.00396268	0.0917079	0.19221	0.309844	0.428751	0.539503	0.646183	0.747118	0.837234	0.904941	0.948351	0.98142	0.976081	0.929214	0.850006	0.751715	0.650655	0.546952	0.442771	0.344924	0.280065	0.252936	0.241047	0.233212	0.215464	0.193764	0.171697	0.184267	0.239066	0.329183	0.429373	0.523414	0.592615	0.60974	0.552009	0.426341	0.246428	0.0451801	-0.172181	-0.383506	-0.565488	-0.686249	-0.716949	-0.65509	-0.519937	-0.343397	-0.159148	0.00779122	0.147555	0.255705	0.342505	0.403167	0.443911	0.474944	0.491919	0.49555	0.486178	0.464517	0.423225	0.365659	0.294951	0.199491	0.0895654	-0.0271761	-0.156899	-0.289179	-0.413942	-0.529201	-0.636676	-0.737806	-0.820119	-0.881468	-0.936695	-0.980729	-1.00207	-1.01362	-1.03392	-1.07104	-1.11941	-1.15	-1.13047	-1.05442	-0.927804	-0.751375	-0.53517	-0.301043	-0.064883	0.155796	0.320496	0.381861	0.326329	0.183706	
-0.0090614	-0.00828791	-0.00424967	0.00997592	0.0374427	0.0774286	0.131603	0.200861	0.285953	0.378498	0.471411	0.569105	0.665416	0.747199	0.823658	0.893913	0.94945	0.976337	0.977827	0.960574	0.909775	0.820992	0.714678	0.604205	0.504876	0.41484	0.329812	0.2545	0.211809	0.201522	0.203528	0.202372	0.191567	0.171697	0.154586	0.170437	0.229651	0.323557	0.42559	0.523313	0.593923	0.613117	0.559039	0.436072	0.264767	0.0708907	-0.137077	-0.335688	-0.507738	-0.614645	-0.632364	-0.561391	-0.417854	-0.234983	-0.0515932	0.113479	0.249564	0.344084	0.41305	0.457035	0.481657	0.494008	0.487284	0.466042	0.432119	0.382061	0.310739	0.226419	0.130829	0.014192	-0.107631	-0.226711	-0.350941	-0.470892	-0.57865	-0.674593	-0.761391	-0.838752	-0.891701	-0.917609	-0.93187	-0.931771	-0.911929	-0.892113	-0.895044	-0.929869	-0.988998	-1.03953	-1.04539	-0.996298	-0.893576	-0.734885	-0.530076	-0.302365	-0.0693119	0.149884	0.313883	0.375696	0.321976	0.18167	
0.0404351	0.0875533	0.134037	0.189101	0.257049	0.334271	0.414763	0.501058	0.593386	0.676155	0.7558	0.835699	0.906921	0.963499	1.01068	1.04678	1.06047	1.04175	0.99224	0.930654	0.838091	0.724053	0.605412	0.497862	0.411195	0.339128	0.273282	0.217616	0.190894	0.194456	0.20297	0.208647	0.19945	0.184267	0.170437	0.192884	0.258627	0.357195	0.465218	0.565604	0.640144	0.661247	0.608017	0.489775	0.321398	0.134129	-0.0668423	-0.259593	-0.421773	-0.519716	-0.530341	-0.452282	-0.307515	-0.130735	0.0453346	0.197466	0.314972	0.395372	0.450522	0.475468	0.476814	0.463172	0.431575	0.383452	0.319638	0.242805	0.148158	0.0429803	-0.0668451	-0.187558	-0.305411	-0.415835	-0.526532	-0.628881	-0.717328	-0.792048	-0.853681	-0.899445	-0.913887	-0.897614	-0.869797	-0.831692	-0.783685	-0.749748	-0.752764	-0.799466	-0.878267	-0.952283	-0.983221	-0.958625	-0.876314	-0.731582	-0.534717	-0.310632	-0.0786801	0.140225	0.304159	0.367017	0.315947	0.178858	
0.0904147	0.191062	0.287473	0.385079	0.487944	0.586732	0.68156	0.774685	0.864635	0.945531	1.01521	1.08021	1.13385	1.16467	1.1802	1.17723	1.14582	1.07927	0.990214	0.892985	0.781333	0.657389	0.545862	0.451553	0.384554	0.330598	0.282087	0.240587	0.227186	0.238006	0.252394	0.259301	0.252884	0.239066	0.229651	0.258627	0.329569	0.434715	0.54468	0.649124	0.723984	0.743994	0.691172	0.570846	0.405382	0.219535	0.0194747	-0.169618	-0.330893	-0.426742	-0.435189	-0.360208	-0.221403	-0.0514791	0.110894	0.248673	0.351549	0.410403	0.43987	0.438	0.414468	0.375991	0.315816	0.240924	0.155769	0.0587925	-0.050884	-0.15973	-0.267071	-0.382068	-0.48842	-0.583489	-0.677153	-0.760168	-0.82555	-0.871953	-0.89948	-0.905309	-0.876617	-0.820119	-0.759415	-0.69812	-0.639554	-0.608346	-0.624435	-0.69062	-0.79142	-0.887392	-0.940098	-0.936432	-0.871225	-0.737551	-0.546266	-0.324004	-0.0919259	0.127293	0.291397	0.355702	0.308094	0.175186	
0.142104	0.285898	0.420972	0.551448	0.679354	0.797383	0.902699	1.00244	1.09236	1.16308	1.22474	1.27421	1.30473	1.30709	1.28719	1.24653	1.17555	1.07685	0.963606	0.856751	0.742477	0.630374	0.534866	0.463108	0.414943	0.37902	0.342041	0.312983	0.307032	0.324658	0.339828	0.348513	0.341513	0.329183	0.323557	0.357195	0.434715	0.541363	0.654184	0.75682	0.828819	0.843845	0.783087	0.658449	0.487635	0.297823	0.0952932	-0.0974141	-0.259727	-0.354315	-0.364869	-0.292409	-0.160187	-0.00561858	0.139228	0.255141	0.330108	0.363646	0.368857	0.342067	0.2927	0.227067	0.14563	0.054358	-0.0442761	-0.145887	-0.252416	-0.356318	-0.456378	-0.557832	-0.647166	-0.725571	-0.799251	-0.855815	-0.889072	-0.898494	-0.885616	-0.849874	-0.783149	-0.698465	-0.621396	-0.554522	-0.501174	-0.484287	-0.519673	-0.60655	-0.72687	-0.840515	-0.910781	-0.92479	-0.874273	-0.749828	-0.562761	-0.341305	-0.108455	0.111245	0.275462	0.341495	0.298186	0.170526	
0.16856	0.343873	0.504023	0.654306	0.802019	0.932371	1.04694	1.15195	1.2424	1.31182	1.36159	1.39247	1.3958	1.36643	1.31367	1.24193	1.14604	1.03156	0.91755	0.816505	0.718777	0.625166	0.554788	0.50337	0.475351	0.451123	0.42511	0.402923	0.405051	0.425007	0.441646	0.448987	0.441201	0.429373	0.42559	0.465218	0.54468	0.654184	0.764303	0.863964	0.929817	0.934385	0.86549	0.730504	0.553397	0.357376	0.147833	-0.0497557	-0.216363	-0.316046	-0.331394	-0.268118	-0.151697	-0.0146386	0.107061	0.198079	0.248565	0.256395	0.235795	0.183483	0.114254	0.0359851	-0.0551532	-0.150985	-0.246693	-0.344572	-0.445884	-0.537266	-0.622182	-0.708493	-0.779035	-0.833583	-0.877559	-0.898887	-0.892989	-0.861712	-0.810472	-0.741773	-0.651279	-0.555968	-0.479878	-0.421714	-0.383415	-0.385644	-0.440491	-0.544915	-0.679861	-0.806194	-0.890261	-0.919648	-0.882439	-0.766343	-0.582918	-0.361827	-0.127976	0.0920414	0.256087	0.324052	0.285937	0.164722	
0.176317	0.355018	0.524386	0.685028	0.840088	0.97785	1.09789	1.2078	1.29381	1.35002	1.38559	1.39327	1.37251	1.31876	1.24634	1.16321	1.06251	0.955564	0.857761	0.778846	0.703939	0.635743	0.587815	0.557783	0.543039	0.530271	0.508918	0.494922	0.50088	0.524287	0.539557	0.545574	0.536309	0.523414	0.523313	0.565604	0.649124	0.75682	0.863964	0.957331	1.01225	1.00481	0.920559	0.772977	0.584538	0.376494	0.156594	-0.0507835	-0.227181	-0.332653	-0.357058	-0.306069	-0.204	-0.0883839	0.00953166	0.0764473	0.101785	0.0890732	0.0512418	-0.0119438	-0.0859058	-0.168967	-0.260038	-0.351212	-0.441899	-0.530305	-0.616409	-0.692751	-0.762737	-0.826264	-0.866683	-0.888859	-0.896416	-0.877318	-0.831779	-0.766096	-0.688695	-0.602886	-0.506063	-0.416633	-0.354252	-0.312558	-0.292465	-0.313041	-0.383728	-0.500608	-0.644825	-0.779405	-0.874552	-0.918054	-0.893616	-0.78569	-0.605897	-0.385143	-0.150384	0.0695136	0.232919	0.302973	0.271015	0.157588	
