9.25715e-15	7.67454e-14	6.49673e-13	5.09998e-12	3.69955e-11	2.47352e-10	1.52028e-09	8.56663e-09	4.41382e-08	2.074e-07	8.86615e-07	3.44076e-06	1.21009e-05	3.85256e-05	0.000111001	0.000289659	0.000685956	0.00147907	0.00291694	0.00529062	0.00887922	0.0138759	0.0203148	0.0280216	0.0366019	0.0454733	0.0539333	0.0612496	0.0667542	0.0699293	0.0704713	0.068328	0.0637051	0.057041	0.0489528	0.0401583	0.0313833	0.023268	0.016288	0.0107068	0.00656981	0.00373965	0.0019624	0.000943817	0.000413953	0.000164921	5.95262e-05	1.94382e-05	5.7415e-06	1.53512e-06	3.72101e-07	8.19341e-08	1.64284e-08	3.00742e-09	5.04016e-10	7.75433e-11	1.09819e-11	1.43551e-12	1.73639e-13	1.94835e-14	2.0328e-15	1.97653e-16	1.79478e-17	1.5251e-18	1.21503e-19	9.0921e-21	6.40129e-22	4.24715e-23	2.6596e-24	1.57417e-25	8.81849e-27	4.68176e-28	2.35846e-29	1.12865e-30	5.13664e-32	2.2256e-33	9.18962e-35	3.61945e-36	1.36105e-37	4.8907e-39	1.68068e-40	5.52793e-42	1.7415e-43	5.25876e-45	1.52313e-46	4.23415e-48	1.13043e-49	2.90023e-51	7.15448e-53	1.69793e-54	3.87869e-56	8.53281e-58	1.80864e-59	3.69543e-61	7.28154e-63	1.38424e-64	2.53986e-66	4.4997e-68	7.70017e-70	1.29359e-71	
7.67454e-14	6.096e-13	4.95302e-12	3.72604e-11	2.58547e-10	1.6503e-09	9.66284e-09	5.1753e-08	2.52833e-07	1.12361e-06	4.53096e-06	1.65428e-05	5.45961e-05	0.000162731	0.000438127	0.00106702	0.00235742	0.00474563	0.00875419	0.0148964	0.0235483	0.0348264	0.0485079	0.0640173	0.0804771	0.0968098	0.111863	0.124534	0.133882	0.139207	0.140111	0.136527	0.128722	0.11728	0.103055	0.0870967	0.0705517	0.0545431	0.0400426	0.0277556	0.0180484	0.010934	0.00612754	0.00315478	0.00148303	0.000633352	0.000244843	8.54981e-05	2.6948e-05	7.66986e-06	1.97388e-06	4.60255e-07	9.74733e-08	1.88003e-08	3.31194e-09	5.34438e-10	7.9225e-11	1.08193e-11	1.36486e-12	1.59462e-13	1.72976e-14	1.7462e-15	1.64418e-16	1.447e-17	1.19267e-18	9.22387e-20	6.7054e-21	4.58966e-22	2.96258e-23	1.8061e-24	1.04139e-25	5.68678e-27	2.94477e-28	1.44774e-29	6.76524e-31	3.00813e-32	1.27403e-33	5.14467e-35	1.9826e-36	7.29791e-38	2.56811e-39	8.64631e-41	2.7873e-42	8.60981e-44	2.55013e-45	7.2474e-47	1.97757e-48	5.18412e-50	1.30638e-51	3.16635e-53	7.38543e-55	1.65861e-56	3.58822e-58	7.48144e-60	1.50404e-61	2.91671e-63	5.4584e-65	9.86168e-67	1.72075e-68	2.94809e-70	
6.49673e-13	4.95302e-12	3.86937e-11	2.79454e-10	1.85835e-09	1.13459e-08	6.34111e-08	3.2345e-07	1.50133e-06	6.32315e-06	2.41013e-05	8.29552e-05	0.000257435	0.000719838	0.0018147	0.00413325	0.0085377	0.0160813	0.0278096	0.0444933	0.0663842	0.0930781	0.123522	0.156147	0.18908	0.220368	0.248173	0.270911	0.287329	0.296556	0.298114	0.291922	0.278299	0.257962	0.232012	0.20191	0.169404	0.136422	0.104896	0.0765427	0.0526436	0.0338707	0.0202262	0.0111226	0.00559176	0.00255438	0.00105542	0.000393285	0.000132001	3.99092e-05	1.08821e-05	2.6814e-06	5.98559e-07	1.2139e-07	2.24333e-08	3.78941e-09	5.8686e-10	8.35742e-11	1.09755e-11	1.33286e-12	1.50064e-13	1.57026e-14	1.5307e-15	1.39309e-16	1.18617e-17	9.46754e-19	7.0967e-20	5.00448e-21	3.3255e-22	2.08557e-23	1.23623e-24	6.93552e-26	3.68752e-27	1.8604e-28	8.91666e-30	4.06451e-31	1.76394e-32	7.29573e-34	2.87856e-35	1.08443e-36	3.90409e-38	1.34429e-39	4.43061e-41	1.3988e-42	4.23333e-44	1.22897e-45	3.42467e-47	9.1661e-49	2.35777e-50	5.83198e-52	1.38794e-53	3.17973e-55	7.01611e-57	1.49176e-58	3.05773e-60	6.0449e-62	1.15307e-63	2.12312e-65	3.77502e-67	6.5917e-69	
5.09998e-12	3.72604e-11	2.79454e-10	1.93447e-09	1.23059e-08	7.17192e-08	3.81739e-07	1.84981e-06	8.13488e-06	3.23688e-05	0.000116217	0.000375677	0.00109179	0.00285165	0.0067019	0.0142144	0.0273419	0.0480204	0.0776316	0.11654	0.163886	0.217689	0.275186	0.333276	0.388923	0.439454	0.482699	0.517017	0.541257	0.55469	0.556944	0.547957	0.527975	0.497579	0.45774	0.409896	0.356003	0.298542	0.240432	0.184792	0.134573	0.0921188	0.0587633	0.0346255	0.0186871	0.00916925	0.00406686	0.00162419	0.000582921	0.000187946	5.44923e-05	1.42352e-05	3.35921e-06	7.18207e-07	1.39566e-07	2.47309e-08	4.00893e-09	5.96362e-10	8.16583e-11	1.03218e-11	1.20771e-12	1.31146e-13	1.32492e-14	1.24817e-15	1.09886e-16	9.05921e-18	7.00724e-19	5.09449e-20	3.48732e-21	2.25122e-22	1.37258e-23	7.91542e-25	4.32329e-26	2.23931e-27	1.10129e-28	5.14846e-30	2.2904e-31	9.70633e-33	3.92225e-34	1.51272e-35	5.57329e-37	1.96319e-38	6.61702e-40	2.13573e-41	6.6059e-43	1.95942e-44	5.57727e-46	1.52438e-47	4.00324e-49	1.01072e-50	2.45466e-52	5.7376e-54	1.29143e-55	2.80046e-57	5.85342e-59	1.1798e-60	2.29413e-62	4.30543e-64	7.80157e-66	1.38854e-67	
3.69955e-11	2.58547e-10	1.85835e-09	1.23059e-08	7.47224e-08	4.14683e-07	2.09629e-06	9.61994e-06	3.99405e-05	0.000149546	0.000503511	0.00152101	0.00411694	0.00998555	0.0217443	0.0426841	0.0760138	0.123833	0.186318	0.261497	0.345651	0.434108	0.522093	0.605402	0.680767	0.745918	0.799434	0.840536	0.868879	0.884348	0.886925	0.876613	0.853415	0.817394	0.768785	0.708165	0.63667	0.556205	0.469633	0.380813	0.294356	0.215071	0.147161	0.0933719	0.0543992	0.0288431	0.0138168	0.00594942	0.00229611	0.000793576	0.0002458	6.83602e-05	1.71166e-05	3.87073e-06	7.93244e-07	1.47832e-07	2.51406e-08	3.91463e-09	5.59902e-10	7.37864e-11	8.98557e-12	1.01394e-12	1.06291e-13	1.03765e-14	9.45507e-16	8.05876e-17	6.43773e-18	4.82923e-19	3.40781e-20	2.26596e-21	1.42196e-22	8.43397e-24	4.73468e-25	2.51907e-26	1.27181e-27	6.10036e-29	2.78308e-30	1.20892e-31	5.00504e-33	1.97686e-34	7.45593e-36	2.68757e-37	9.26643e-39	3.05846e-40	9.67068e-42	2.9315e-43	8.52508e-45	2.37995e-46	6.38224e-48	1.64503e-49	4.07774e-51	9.72633e-53	2.23353e-54	4.94048e-56	1.05315e-57	2.16448e-59	4.29098e-61	8.20886e-63	1.51605e-64	2.75063e-66	
2.47352e-10	1.6503e-09	1.13459e-08	7.17192e-08	4.14683e-07	2.18547e-06	1.04602e-05	4.52997e-05	0.000176854	0.00062027	0.00194832	0.00546824	0.0136977	0.0306424	0.061394	0.110783	0.181521	0.27287	0.380579	0.498023	0.617829	0.733345	0.839525	0.933196	1.01285	1.07813	1.12939	1.16737	1.19285	1.20653	1.20879	1.19971	1.17902	1.14613	1.10028	1.04068	0.966795	0.878633	0.777179	0.664895	0.546084	0.426829	0.31436	0.215795	0.136514	0.0787309	0.0410174	0.019174	0.0080097	0.00298533	0.000993167	0.000295472	7.88318e-05	1.89256e-05	4.10354e-06	8.06611e-07	1.44274e-07	2.3567e-08	3.52794e-09	4.85585e-10	6.16432e-11	7.2385e-12	7.88391e-13	7.98508e-14	7.53879e-15	6.64946e-16	5.49094e-17	4.25345e-18	3.09653e-19	2.12229e-20	1.37164e-21	8.37241e-23	4.83359e-24	2.64297e-25	1.37051e-26	6.7479e-28	3.15834e-29	1.40679e-30	5.96942e-32	2.41545e-33	9.32905e-35	3.44221e-36	1.21442e-37	4.09999e-39	1.32561e-40	4.10763e-42	1.22071e-43	3.48156e-45	9.53572e-47	2.50968e-48	6.35076e-50	1.54603e-51	3.62271e-53	8.17509e-55	1.77751e-56	3.72562e-58	7.53095e-60	1.46877e-61	2.76501e-63	5.11453e-65	
1.52028e-09	9.66284e-09	6.34111e-08	3.81739e-07	2.09629e-06	1.04602e-05	4.72398e-05	0.000192302	0.000702767	0.00229681	0.00669086	0.0173317	0.0398868	0.0816658	0.149399	0.246084	0.368907	0.509775	0.657933	0.802946	0.936765	1.05451	1.15419	1.23599	1.30121	1.35162	1.38918	1.41577	1.433	1.44202	1.4435	1.43755	1.42372	1.40103	1.36806	1.32302	1.26395	1.18899	1.09658	0.98596	0.85816	0.716834	0.568795	0.423695	0.292476	0.184671	0.105413	0.0539087	0.0245575	0.00993882	0.00357348	0.00114349	0.000326638	8.35978e-05	1.92474e-05	4.00308e-06	7.55156e-07	1.29722e-07	2.03684e-08	2.93365e-09	3.88882e-10	4.75926e-11	5.39309e-12	5.67408e-13	5.55666e-14	5.07719e-15	4.33796e-16	3.47297e-17	2.61043e-18	1.84548e-19	1.22923e-20	7.72649e-22	4.58999e-23	2.58072e-24	1.37515e-25	6.95337e-27	3.34036e-28	1.5263e-29	6.64048e-31	2.75371e-32	1.08947e-33	4.11616e-35	1.48638e-36	5.13439e-38	1.69791e-39	5.37947e-41	1.63408e-42	4.76233e-44	1.33249e-45	3.58159e-47	9.25387e-49	2.29961e-50	5.49932e-52	1.26624e-53	2.80865e-55	6.00432e-57	1.2377e-58	2.46121e-60	4.72336e-62	8.90834e-64	
8.56663e-09	5.1753e-08	3.2345e-07	1.84981e-06	9.61994e-06	4.52997e-05	0.000192302	0.000732605	0.00249339	0.00754908	0.0202581	0.0480679	0.100807	0.187344	0.31057	0.464266	0.634857	0.806722	0.966979	1.10763	1.22544	1.32057	1.3951	1.45181	1.49334	1.52239	1.54177	1.55398	1.56102	1.56439	1.56492	1.56274	1.55732	1.54739	1.53113	1.50623	1.47	1.41968	1.35264	1.26607	1.1575	1.02582	0.872733	0.704242	0.531365	0.369063	0.232427	0.131087	0.065656	0.029079	0.0113794	0.00394099	0.00121179	0.000332169	8.15364e-05	1.80053e-05	3.59313e-06	6.50807e-07	1.0743e-07	1.62245e-08	2.24986e-09	2.87432e-10	3.39364e-11	3.7137e-12	3.77686e-13	3.57872e-14	3.16674e-15	2.62261e-16	2.03692e-17	1.48649e-18	1.02111e-19	6.61358e-21	4.04513e-22	2.33993e-23	1.28191e-24	6.65982e-26	3.28519e-27	1.54049e-28	6.87456e-30	2.92262e-31	1.18488e-32	4.58529e-34	1.69527e-35	5.99329e-37	2.02768e-38	6.5702e-40	2.04046e-41	6.07789e-43	1.73759e-44	4.77084e-46	1.25881e-47	3.19377e-49	7.79594e-51	1.83185e-52	4.14567e-54	9.0406e-56	1.90066e-57	3.85405e-59	7.54094e-61	1.45029e-62	
4.41382e-08	2.52833e-07	1.50133e-06	8.13488e-06	3.99405e-05	0.000176854	0.000702767	0.00249339	0.00785844	0.021896	0.0537223	0.115799	0.219411	0.367224	0.548578	0.743124	0.930414	1.09686	1.23648	1.34861	1.43525	1.49924	1.5436	1.57106	1.58461	1.58816	1.58567	1.58031	1.57481	1.5712	1.57053	1.573	1.57791	1.58363	1.58766	1.58694	1.57786	1.55633	1.51907	1.46332	1.38611	1.2845	1.15597	0.999886	0.819785	0.626003	0.436745	0.27358	0.151921	0.0742562	0.0318748	0.0120305	0.00400597	0.00118219	0.000310753	7.31377e-05	1.54903e-05	2.9667e-06	5.16118e-07	8.19081e-08	1.19045e-08	1.59031e-09	1.95928e-10	2.2331e-11	2.36137e-12	2.32286e-13	2.1309e-14	1.82719e-15	1.46762e-16	1.10643e-17	7.84382e-19	5.23821e-20	3.30067e-21	1.96543e-22	1.10758e-23	5.91493e-25	2.99737e-26	1.44302e-27	6.6077e-29	2.881e-30	1.19729e-31	4.74727e-33	1.79755e-34	6.50571e-36	2.25242e-37	7.46607e-39	2.37113e-40	7.2203e-42	2.10956e-43	5.91773e-45	1.59485e-46	4.13188e-48	1.02965e-49	2.4694e-51	5.7027e-53	1.26875e-54	2.72079e-56	5.62645e-58	1.12253e-59	2.20169e-61	
2.074e-07	1.12361e-06	6.32315e-06	3.23688e-05	0.000149546	0.00062027	0.00229681	0.00754908	0.021896	0.0557443	0.124045	0.240853	0.409129	0.61361	0.826475	1.02295	1.19095	1.328	1.43497	1.51351	1.56513	1.59191	1.59687	1.58393	1.55903	1.52858	1.49734	1.46927	1.44798	1.43564	1.43344	1.44181	1.45964	1.48537	1.51588	1.54726	1.5751	1.59358	1.59629	1.57869	1.53731	1.46977	1.37434	1.24942	1.09378	0.907914	0.69925	0.487947	0.30247	0.164509	0.0780991	0.0323662	0.011748	0.00375346	0.00106164	0.000267394	6.03166e-05	1.22514e-05	2.2521e-06	3.76425e-07	5.74544e-08	8.03973e-09	1.03518e-09	1.23053e-10	1.35462e-11	1.38493e-12	1.31844e-13	1.17159e-14	9.74003e-16	7.59146e-17	5.55807e-18	3.82959e-19	2.48746e-20	1.52557e-21	8.84784e-23	4.85944e-24	2.53081e-25	1.25143e-26	5.88223e-28	2.63121e-29	1.12127e-30	4.55663e-32	1.76756e-33	6.5508e-35	2.32157e-36	7.87396e-38	2.55782e-39	7.9641e-41	2.3785e-42	6.81811e-44	1.87716e-45	4.96693e-47	1.2638e-48	3.09401e-50	7.29212e-52	1.65539e-53	3.62142e-55	7.63829e-57	1.55402e-58	3.1088e-60	
8.86615e-07	4.53096e-06	2.41013e-05	0.000116217	0.000503511	0.00194832	0.00669086	0.0202581	0.0537223	0.124045	0.248388	0.431337	0.654229	0.881773	1.08492	1.25461	1.39211	1.49671	1.56632	1.60029	1.60045	1.57201	1.52155	1.45744	1.38882	1.32175	1.26048	1.20994	1.17345	1.1528	1.14931	1.16325	1.1936	1.23879	1.29624	1.36173	1.43033	1.49733	1.55421	1.59234	1.60436	1.58432	1.5291	1.43819	1.31353	1.15689	0.966851	0.746546	0.517429	0.315072	0.166699	0.0764327	0.0304488	0.010595	0.00324087	0.000877298	0.000211534	4.57103e-05	8.90241e-06	1.57078e-06	2.52288e-07	3.70453e-08	4.99276e-09	6.19857e-10	7.11255e-11	7.56597e-12	7.48215e-13	6.89661e-14	5.93924e-15	4.78937e-16	3.62387e-17	2.57781e-18	1.727e-19	1.0915e-20	6.51828e-22	3.68347e-23	1.97243e-24	1.00216e-25	4.83717e-27	2.22063e-28	9.70668e-30	4.04413e-31	1.60757e-32	6.10259e-34	2.21433e-35	7.68642e-37	2.55452e-38	8.13454e-40	2.48377e-41	7.27694e-43	2.04708e-44	5.53284e-46	1.43764e-47	3.59332e-49	8.64427e-51	2.00252e-52	4.46957e-54	9.61626e-56	1.99529e-57	4.07159e-59	
3.44076e-06	1.65428e-05	8.29552e-05	0.000375677	0.00152101	0.00546824	0.0173317	0.0480679	0.115799	0.240853	0.431337	0.667991	0.909035	1.11993	1.29406	1.43606	1.54002	1.5973	1.60733	1.57462	1.508	1.41753	1.31256	1.20356	1.09743	0.998179	0.911635	0.843185	0.794208	0.766979	0.762766	0.78074	0.821579	0.882372	0.961882	1.05674	1.16069	1.26919	1.37696	1.4742	1.55167	1.59903	1.60702	1.56906	1.483	1.35507	1.19397	0.998019	0.766195	0.522464	0.309635	0.158113	0.0695866	0.0265267	0.00881998	0.00257719	0.000666689	0.000153746	3.18089e-05	5.93847e-06	1.00568e-06	1.55228e-07	2.19321e-08	2.84769e-09	3.41004e-10	3.77833e-11	3.8852e-12	3.71788e-13	3.31933e-14	2.77137e-15	2.16857e-16	1.59355e-17	1.10176e-18	7.17958e-20	4.4169e-21	2.56927e-22	1.41515e-23	7.3907e-25	3.66451e-26	1.7271e-27	7.7461e-29	3.30966e-30	1.34853e-31	5.24487e-33	1.94898e-34	6.92554e-36	2.35525e-37	7.67184e-39	2.39535e-40	7.17391e-42	2.06233e-43	5.69458e-45	1.51125e-46	3.85692e-48	9.47161e-50	2.23936e-51	5.09997e-53	1.11937e-54	2.36893e-56	4.93138e-58	
1.21009e-05	5.45961e-05	0.000257435	0.00109179	0.00411694	0.0136977	0.0398868	0.100807	0.219411	0.409129	0.654229	0.909035	1.13119	1.31311	1.46247	1.56703	1.60999	1.5949	1.53199	1.43128	1.30453	1.16046	1.00937	0.86032	0.718491	0.590946	0.485025	0.402114	0.343569	0.3117	0.306739	0.327767	0.375997	0.449358	0.546288	0.66509	0.80245	0.948864	1.10041	1.24818	1.38303	1.49546	1.57465	1.61039	1.59184	1.51089	1.37729	1.20865	1.00318	0.757831	0.502614	0.286916	0.140234	0.0588733	0.021379	0.0067709	0.00188579	0.000465496	0.00010257	2.03057e-05	3.6327e-06	5.9038e-07	8.75732e-08	1.19069e-08	1.48966e-09	1.72095e-10	1.84173e-11	1.8312e-12	1.69617e-13	1.46724e-14	1.18804e-15	9.02361e-17	6.44176e-18	4.33015e-19	2.7455e-20	1.64458e-21	9.32091e-23	5.00545e-24	2.55028e-25	1.23433e-26	5.68189e-28	2.4903e-29	1.04032e-30	4.14638e-32	1.57825e-33	5.74213e-35	1.99864e-36	6.66056e-38	2.12687e-39	6.51242e-41	1.91347e-42	5.39849e-44	1.46342e-45	3.81401e-47	9.56232e-49	2.30758e-50	5.36283e-52	1.20088e-53	2.59233e-55	5.50554e-57	
3.85256e-05	0.000162731	0.000719838	0.00285165	0.00998555	0.0306424	0.0816658	0.187344	0.367224	0.61361	0.881773	1.11993	1.31311	1.47136	1.57961	1.61197	1.5773	1.49308	1.3642	1.20202	1.0168	0.819853	0.624625	0.439383	0.272191	0.129923	0.0146224	-0.0755412	-0.136278	-0.169375	-0.175527	-0.152381	-0.103582	-0.0248097	0.0807729	0.2118	0.369615	0.548499	0.74067	0.938564	1.12954	1.30261	1.44592	1.5488	1.60478	1.60148	1.52216	1.38088	1.2024	0.982657	0.721564	0.459654	0.250085	0.116053	0.0462026	0.0159155	0.00478699	0.00126816	0.000298277	6.27375e-05	1.18766e-05	2.03525e-06	3.17351e-07	4.52343e-08	5.91853e-09	7.13535e-10	7.95356e-11	8.22261e-12	7.90681e-13	7.09051e-14	5.94412e-15	4.66878e-16	3.4429e-17	2.38828e-18	1.56123e-19	9.63371e-21	5.62012e-22	3.10428e-23	1.62569e-24	8.08238e-26	3.8194e-27	1.71754e-28	7.35779e-30	3.00583e-31	1.17215e-32	4.36718e-34	1.55599e-35	5.30591e-37	1.73303e-38	5.42596e-40	1.62961e-41	4.69814e-43	1.30104e-44	3.46297e-46	8.86467e-48	2.18364e-49	5.17897e-51	1.18325e-52	2.60558e-54	5.64589e-56	
0.000111001	0.000438127	0.0018147	0.0067019	0.0217443	0.061394	0.149399	0.31057	0.548578	0.826475	1.08492	1.29406	1.46247	1.57961	1.61148	1.56604	1.46889	1.3154	1.11598	0.890037	0.649901	0.413862	0.191635	-0.00802773	-0.180378	-0.32348	-0.438151	-0.522883	-0.578882	-0.609219	-0.615216	-0.594473	-0.549193	-0.475806	-0.373585	-0.24067	-0.0812003	0.109009	0.322093	0.554697	0.794223	1.02801	1.2399	1.41383	1.53323	1.60055	1.60267	1.51699	1.36589	1.17456	0.935095	0.658372	0.397802	0.204249	0.0893376	0.0335513	0.0109224	0.0031116	0.000782581	0.000175149	3.51317e-05	6.35541e-06	1.04276e-06	1.55953e-07	2.13566e-08	2.6888e-09	3.12365e-10	3.35961e-11	3.3555e-12	3.12085e-13	2.70984e-14	2.20186e-15	1.67786e-16	1.20148e-17	8.10004e-19	5.15018e-20	3.09336e-21	1.75782e-22	9.46402e-24	4.83411e-25	2.34556e-26	1.08239e-27	4.75572e-29	1.99162e-30	7.95777e-32	3.03659e-33	1.1076e-34	3.86507e-36	1.29141e-37	4.13465e-39	1.26942e-40	3.74001e-42	1.05811e-43	2.87648e-45	7.51851e-47	1.89059e-48	4.57615e-50	1.06679e-51	2.39638e-53	5.29806e-55	
0.000289659	0.00106702	0.00413325	0.0142144	0.0426841	0.110783	0.246084	0.464266	0.743124	1.02295	1.25461	1.43606	1.56703	1.61197	1.56604	1.46103	1.28881	1.05534	0.797212	0.522685	0.252199	-0.00322381	-0.233734	-0.433022	-0.599266	-0.730312	-0.828381	-0.896407	-0.942201	-0.965131	-0.968861	-0.955448	-0.917777	-0.859387	-0.773438	-0.655476	-0.503646	-0.31698	-0.0989447	0.147908	0.413473	0.688241	0.954637	1.20044	1.40098	1.53093	1.60263	1.59659	1.4955	1.33213	1.12234	0.858634	0.571503	0.323772	0.155545	0.0637327	0.0224794	0.00689392	0.00185585	0.000442363	9.40889e-05	1.79806e-05	3.10618e-06	4.87704e-07	6.99352e-08	9.19877e-09	1.11418e-09	1.24712e-10	1.29416e-11	1.24871e-12	1.12331e-13	9.44447e-15	7.43841e-16	5.4995e-17	3.82433e-18	2.50592e-19	1.54986e-20	9.06198e-22	5.01649e-23	2.63286e-24	1.31182e-25	6.21264e-27	2.79986e-28	1.20208e-29	4.92171e-31	1.92359e-32	7.18331e-34	2.56531e-35	8.76845e-37	2.87091e-38	9.01077e-40	2.71309e-41	7.842e-43	2.1774e-44	5.81124e-46	1.49171e-47	3.68495e-49	8.76501e-51	2.00854e-52	4.53079e-54	
0.000685956	0.00235742	0.0085377	0.0273419	0.0760138	0.181521	0.368907	0.634857	0.930414	1.19095	1.39211	1.54002	1.60999	1.5773	1.46889	1.28881	1.0331	0.750748	0.448798	0.141094	-0.146165	-0.408401	-0.62769	-0.80784	-0.943297	-1.041	-1.10885	-1.15322	-1.17901	-1.19225	-1.19375	-1.18443	-1.16572	-1.12995	-1.07047	-0.987135	-0.865964	-0.705436	-0.500368	-0.255764	0.0243551	0.324056	0.632907	0.921908	1.19333	1.40686	1.54168	1.60882	1.57973	1.45759	1.27763	1.04119	0.753448	0.467798	0.246076	0.109857	0.0419611	0.0138511	0.00399118	0.00101329	0.000228565	4.61475e-05	8.39455e-06	1.38384e-06	2.07809e-07	2.85587e-08	3.60674e-09	4.20165e-10	4.53032e-11	4.53505e-12	4.22675e-13	3.67728e-14	2.99348e-15	2.28513e-16	1.63913e-17	1.1069e-18	7.04949e-20	4.24107e-21	2.41395e-22	1.3018e-23	6.6605e-25	3.23721e-26	1.49643e-27	6.58647e-29	2.76329e-30	1.10615e-31	4.22898e-33	1.54555e-34	5.4042e-36	1.80941e-37	5.80553e-39	1.78634e-40	5.27494e-42	1.49586e-43	4.07631e-45	1.0681e-46	2.69269e-48	6.53478e-50	1.52752e-51	3.51556e-53	
0.00147907	0.00474563	0.0160813	0.0480204	0.123833	0.27287	0.509775	0.806722	1.09686	1.328	1.49671	1.5973	1.5949	1.49308	1.3154	1.05534	0.750748	0.425107	0.0800274	-0.23494	-0.522196	-0.757185	-0.944503	-1.07876	-1.17096	-1.2246	-1.25414	-1.26314	-1.26512	-1.26616	-1.26401	-1.26368	-1.26467	-1.25867	-1.24057	-1.19639	-1.12025	-1.00493	-0.837539	-0.62363	-0.353738	-0.0506082	0.286443	0.623954	0.935815	1.22095	1.43127	1.5641	1.61052	1.54726	1.40206	1.19688	0.9272	0.624607	0.357663	0.173377	0.0715586	0.025387	0.0078216	0.00211327	0.000505176	0.000107695	2.06182e-05	3.56703e-06	5.60724e-07	8.04843e-08	1.0595e-08	1.28419e-09	1.43831e-10	1.49341e-11	1.44175e-12	1.29766e-13	1.09162e-14	8.60233e-16	6.36377e-17	4.42811e-18	2.9035e-19	1.79706e-20	1.05155e-21	5.82601e-23	3.0605e-24	1.52638e-25	7.23629e-27	3.26483e-28	1.40337e-29	5.75313e-31	2.25155e-32	8.41999e-34	3.01147e-35	1.03097e-36	3.38114e-38	1.06307e-39	3.20668e-41	9.28638e-43	2.58357e-44	6.9096e-46	1.77748e-47	4.40075e-49	1.04921e-50	2.46343e-52	
0.00291694	0.00875419	0.0278096	0.0776316	0.186318	0.380579	0.657933	0.966979	1.23648	1.43497	1.56632	1.60733	1.53199	1.3642	1.11598	0.797212	0.448798	0.0800274	-0.264533	-0.57165	-0.832671	-1.02656	-1.16535	-1.24185	-1.27551	-1.27235	-1.25084	-1.22795	-1.20491	-1.19012	-1.18817	-1.20009	-1.21661	-1.24099	-1.26674	-1.27667	-1.2616	-1.20126	-1.0903	-0.916764	-0.684359	-0.390759	-0.0639462	0.302626	0.659569	0.994379	1.27545	1.47394	1.5906	1.5966	1.4963	1.32397	1.08204	0.781633	0.483371	0.253076	0.112446	0.0427541	0.0140524	0.00403303	0.00102012	0.000229312	4.61503e-05	8.37022e-06	1.37606e-06	2.06119e-07	2.82607e-08	3.56151e-09	4.1409e-10	4.45694e-11	4.45449e-12	4.14574e-13	3.60222e-14	2.92911e-15	2.23383e-16	1.60103e-17	1.08043e-18	6.8772e-20	4.13573e-21	2.35335e-22	1.26892e-23	6.49214e-25	3.15569e-26	1.45906e-27	6.42415e-29	2.6964e-30	1.07999e-31	4.13173e-33	1.51119e-34	5.2888e-36	1.77255e-37	5.69353e-39	1.75401e-40	5.18626e-42	1.4728e-43	4.01956e-45	1.05494e-46	2.66408e-48	6.4772e-50	1.55117e-51	
0.00529062	0.0148964	0.0444933	0.11654	0.261497	0.498023	0.802946	1.10763	1.34861	1.51351	1.60029	1.57462	1.43128	1.20202	0.890037	0.522685	0.141094	-0.23494	-0.57165	-0.859954	-1.06776	-1.20804	-1.2695	-1.28023	-1.24078	-1.1883	-1.12462	-1.07105	-1.02934	-1.0049	-1.00373	-1.01822	-1.05039	-1.10245	-1.1619	-1.22132	-1.26929	-1.27865	-1.24208	-1.13127	-0.953417	-0.693861	-0.375332	-0.0120612	0.371239	0.745876	1.08672	1.34909	1.52906	1.6053	1.55974	1.42357	1.21319	0.928745	0.614661	0.34527	0.164315	0.0666888	0.0233066	0.00708528	0.00189168	0.000447424	9.44788e-05	1.79336e-05	3.07866e-06	4.80574e-07	6.85422e-08	8.9708e-09	1.08161e-09	1.20561e-10	1.24631e-11	1.1984e-12	1.0747e-13	9.01069e-15	7.07936e-16	5.22284e-17	3.62527e-18	2.37181e-19	1.46507e-20	8.5578e-22	4.73401e-23	2.48349e-24	1.23717e-25	5.85946e-27	2.64151e-28	1.13472e-29	4.64958e-31	1.81909e-32	6.8016e-34	2.43259e-35	8.32893e-37	2.73224e-38	8.59387e-40	2.59365e-41	7.51598e-43	2.09266e-44	5.60174e-46	1.44251e-47	3.57556e-49	8.73162e-51	
0.00887922	0.0235483	0.0663842	0.163886	0.345651	0.617829	0.936765	1.22544	1.43525	1.56513	1.60045	1.508	1.30453	1.0168	0.649901	0.252199	-0.146165	-0.522196	-0.832671	-1.06776	-1.21613	-1.28116	-1.27071	-1.20765	-1.11228	-1.0083	-0.918609	-0.847401	-0.805137	-0.780088	-0.774114	-0.792634	-0.828494	-0.887159	-0.968643	-1.07208	-1.17073	-1.25178	-1.28385	-1.2526	-1.13666	-0.936995	-0.654529	-0.302539	0.0926445	0.492061	0.87762	1.19937	1.43726	1.57863	1.59286	1.49731	1.31981	1.05951	0.743459	0.444736	0.225348	0.0971455	0.0359476	0.0115334	0.00323978	0.000803964	0.000177664	3.52122e-05	6.29887e-06	1.02269e-06	1.51463e-07	2.0554e-08	2.56605e-09	2.95796e-10	3.15874e-11	3.13427e-12	2.89773e-13	2.50252e-14	2.02352e-15	1.53526e-16	1.09514e-17	7.35828e-19	4.66502e-20	2.79513e-21	1.58518e-22	8.5212e-24	4.34755e-25	2.10793e-26	9.72403e-28	4.2727e-29	1.79012e-30	7.15845e-32	2.73479e-33	9.99052e-35	3.49287e-36	1.16966e-37	3.75451e-39	1.15608e-40	3.41715e-42	9.70231e-44	2.64789e-45	6.95029e-47	1.75568e-48	4.37029e-50	
0.0138759	0.0348264	0.0930781	0.217689	0.434108	0.733345	1.05451	1.32057	1.49924	1.59191	1.57201	1.41753	1.16046	0.819853	0.413862	-0.00322381	-0.408401	-0.757185	-1.02656	-1.20804	-1.28116	-1.26855	-1.17919	-1.05168	-0.911082	-0.79211	-0.70549	-0.648071	-0.609827	-0.591876	-0.589448	-0.600736	-0.631083	-0.67861	-0.752418	-0.859804	-0.994336	-1.13169	-1.23953	-1.28633	-1.24878	-1.11154	-0.874246	-0.556816	-0.168357	0.246364	0.662686	1.03443	1.32528	1.52496	1.59888	1.54733	1.40316	1.17087	0.863433	0.545849	0.292576	0.133222	0.051942	0.0175115	0.00515539	0.00133753	0.000308336	6.36231e-05	1.18278e-05	1.99251e-06	3.05736e-07	4.29286e-08	5.53861e-09	6.59076e-10	7.25813e-11	7.42014e-12	7.06195e-13	6.27319e-14	5.21365e-15	4.06295e-16	2.97492e-17	2.05053e-18	1.33286e-19	8.18357e-21	4.75351e-22	2.61593e-23	1.36575e-24	6.77327e-26	3.19475e-27	1.43476e-28	6.14171e-30	2.50849e-31	9.78511e-33	3.64878e-34	1.30177e-35	4.4472e-37	1.45594e-38	4.57123e-40	1.37741e-41	3.98595e-43	1.10846e-44	2.96416e-46	7.62671e-48	1.93418e-49	
0.0203148	0.0485079	0.123522	0.275186	0.522093	0.839525	1.15419	1.3951	1.5436	1.59687	1.52155	1.31256	1.00937	0.624625	0.191635	-0.233734	-0.62769	-0.944503	-1.16535	-1.2695	-1.27071	-1.17919	-1.03078	-0.862004	-0.716062	-0.609411	-0.55403	-0.521077	-0.506367	-0.498195	-0.493712	-0.501111	-0.515283	-0.538905	-0.581782	-0.668692	-0.798877	-0.964714	-1.12391	-1.24506	-1.28114	-1.22188	-1.04542	-0.766133	-0.397476	0.019162	0.453734	0.864246	1.20177	1.45289	1.58315	1.57681	1.46566	1.26226	0.97039	0.643485	0.36243	0.173279	0.0708047	0.0249621	0.0076679	0.00207148	0.000496305	0.000106255	2.04634e-05	3.56631e-06	5.65412e-07	8.19351e-08	1.08988e-08	1.33584e-09	1.51393e-10	1.5915e-11	1.55634e-12	1.41957e-13	1.21064e-14	9.67519e-16	7.26094e-17	5.1269e-18	3.41214e-19	2.14406e-20	1.274e-21	7.16905e-23	3.82573e-24	1.93861e-25	9.33953e-27	4.28269e-28	1.87129e-29	7.79915e-31	3.10356e-32	1.18027e-33	4.29336e-35	1.4951e-36	4.98824e-38	1.59573e-39	4.89802e-41	1.44355e-42	4.08771e-44	1.11286e-45	2.91459e-47	7.52566e-49	
0.0280216	0.0640173	0.156147	0.333276	0.605402	0.933196	1.23599	1.45181	1.57106	1.58393	1.45744	1.20356	0.86032	0.439383	-0.00802773	-0.433022	-0.80784	-1.07876	-1.24185	-1.28023	-1.20765	-1.05168	-0.862004	-0.684799	-0.567933	-0.515552	-0.505649	-0.499605	-0.482997	-0.48531	-0.487261	-0.482316	-0.494223	-0.504097	-0.509122	-0.539068	-0.629103	-0.786464	-0.976432	-1.15278	-1.26237	-1.27198	-1.15745	-0.92932	-0.592062	-0.183005	0.260468	0.69907	1.07506	1.37005	1.55158	1.58972	1.51052	1.33484	1.06214	0.733553	0.431282	0.21519	0.0916372	0.0336088	0.0107207	0.00300234	0.000744527	0.000164747	3.27516e-05	5.88515e-06	9.61028e-07	1.43306e-07	1.95983e-08	2.46773e-09	2.87102e-10	3.0962e-11	3.10421e-12	2.90117e-13	2.53377e-14	2.07265e-15	1.59135e-16	1.14906e-17	7.81709e-19	5.01897e-20	3.04609e-21	1.75016e-22	9.53294e-24	4.92904e-25	2.42228e-26	1.13271e-27	5.04576e-29	2.1434e-30	8.6912e-32	3.36716e-33	1.24751e-34	4.42373e-36	1.50262e-37	4.89281e-39	1.5284e-40	4.58341e-42	1.32039e-43	3.65645e-45	9.7393e-47	2.55819e-48	
0.0366019	0.0804771	0.18908	0.388923	0.680767	1.01285	1.30121	1.49334	1.58461	1.55903	1.38882	1.09743	0.718491	0.272191	-0.180378	-0.599266	-0.943297	-1.17096	-1.27551	-1.24078	-1.11228	-0.911082	-0.716062	-0.567933	-0.509338	-0.50493	-0.511522	-0.500721	-0.485124	-0.48825	-0.489425	-0.483219	-0.493235	-0.509417	-0.508401	-0.504147	-0.533788	-0.649155	-0.828795	-1.03777	-1.1987	-1.27753	-1.2278	-1.05022	-0.747354	-0.353598	0.0888184	0.546709	0.953677	1.28391	1.50976	1.59009	1.5412	1.3908	1.13812	0.813165	0.495842	0.25662	0.113236	0.0429729	0.0141629	0.00409229	0.00104571	0.000238162	4.86815e-05	8.98592e-06	1.50609e-06	2.30334e-07	3.22844e-08	4.16365e-09	4.95864e-10	5.47105e-11	5.60907e-12	5.35806e-13	4.78087e-14	3.99388e-15	3.13039e-16	2.30664e-17	1.60081e-18	1.04816e-19	6.4855e-21	3.79786e-22	2.10781e-23	1.11019e-24	5.55622e-26	2.64542e-27	1.19957e-28	5.18601e-30	2.13969e-31	8.43322e-33	3.17798e-34	1.14603e-35	3.95807e-37	1.31024e-38	4.16026e-40	1.26794e-41	3.71176e-43	1.04434e-44	2.82595e-46	7.54279e-48	
