0.0454733	0.0968098	0.220368	0.439454	0.745918	1.07813	1.35162	1.52239	1.58816	1.52858	1.32175	0.998179	0.590946	0.129923	-0.32348	-0.730312	-1.041	-1.2246	-1.27235	-1.1883	-1.0083	-0.79211	-0.609411	-0.515552	-0.50493	-0.530438	-0.508078	-0.472794	-0.451566	-0.453651	-0.455886	-0.450369	-0.462296	-0.492071	-0.528675	-0.516202	-0.502523	-0.561213	-0.709697	-0.923768	-1.12299	-1.25478	-1.25936	-1.13104	-0.869404	-0.493593	-0.0572251	0.412174	0.844645	1.20237	1.46364	1.58165	1.56087	1.43275	1.1989	0.880584	0.553397	0.295284	0.134237	0.0524248	0.0177595	0.00526858	0.00138084	0.000322264	6.74465e-05	1.27379e-05	2.18295e-06	3.41157e-07	4.88382e-08	6.42987e-09	7.81367e-10	8.79324e-11	9.19155e-12	8.94888e-13	8.13557e-14	6.92243e-15	5.52482e-16	4.14414e-17	2.92697e-18	1.94994e-19	1.22729e-20	7.30904e-22	4.12455e-23	2.20841e-24	1.12335e-25	5.4351e-27	2.50403e-28	1.0997e-29	4.60844e-31	1.84455e-32	7.05799e-34	2.58404e-35	9.05948e-37	3.04392e-38	9.80873e-40	3.03356e-41	9.01046e-43	2.57205e-44	7.06035e-46	1.91219e-47	
0.0539333	0.111863	0.248173	0.482699	0.799434	1.12939	1.38918	1.54177	1.58567	1.49734	1.26048	0.911635	0.485025	0.0146224	-0.438151	-0.828381	-1.10885	-1.25414	-1.25084	-1.12462	-0.918609	-0.70549	-0.55403	-0.505649	-0.511522	-0.508078	-0.454142	-0.415866	-0.42776	-0.416693	-0.408034	-0.427627	-0.419585	-0.430357	-0.492039	-0.513783	-0.505924	-0.523822	-0.633423	-0.830725	-1.04727	-1.21349	-1.27011	-1.18291	-0.95808	-0.60087	-0.173542	0.298111	0.750298	1.13114	1.41965	1.56853	1.57229	1.4631	1.24566	0.935	0.601897	0.329137	0.153266	0.0612591	0.0212188	0.00643067	0.00172041	0.000409568	8.7383e-05	1.68145e-05	2.93451e-06	4.66835e-07	6.80011e-08	9.10649e-09	1.12526e-09	1.28727e-10	1.36744e-11	1.35261e-12	1.24903e-13	1.07926e-14	8.74524e-16	6.65869e-17	4.77297e-18	3.22648e-19	2.06025e-20	1.24458e-21	7.12303e-23	3.86748e-24	1.99464e-25	9.78352e-27	4.5689e-28	2.03367e-29	8.63655e-31	3.50276e-32	1.35796e-33	5.03673e-35	1.78877e-36	6.0876e-38	1.98678e-39	6.22268e-41	1.87166e-42	5.40978e-44	1.50355e-45	4.12397e-47	
0.0612496	0.124534	0.270911	0.517017	0.840536	1.16737	1.41577	1.55398	1.58031	1.46927	1.20994	0.843185	0.402114	-0.0755412	-0.522883	-0.896407	-1.15322	-1.26314	-1.22795	-1.07105	-0.847401	-0.648071	-0.521077	-0.499605	-0.500721	-0.472794	-0.415866	-0.394098	-0.425556	-0.404008	-0.389545	-0.425348	-0.406369	-0.397625	-0.453052	-0.490725	-0.504532	-0.50051	-0.587536	-0.759139	-0.986384	-1.17489	-1.26874	-1.2123	-1.01775	-0.682719	-0.261003	0.211622	0.675048	1.07275	1.38202	1.55479	1.57818	1.48399	1.2797	0.976206	0.639911	0.356493	0.169067	0.0687777	0.0242303	0.00746395	0.00202845	0.000490287	0.000106158	2.07223e-05	3.66751e-06	5.91492e-07	8.73241e-08	1.18493e-08	1.48329e-09	1.71861e-10	1.84872e-11	1.85147e-12	1.7307e-13	1.5136e-14	1.24116e-15	9.56217e-17	6.93437e-18	4.7418e-19	3.0625e-20	1.87099e-21	1.08281e-22	5.94444e-24	3.09955e-25	1.53687e-26	7.25469e-28	3.26372e-29	1.40075e-30	5.74096e-32	2.24895e-33	8.42804e-35	3.02403e-36	1.03968e-37	3.42767e-39	1.08441e-40	3.29446e-42	9.61733e-44	2.69952e-45	7.47932e-47	
0.0667542	0.133882	0.287329	0.541257	0.868879	1.19285	1.433	1.56102	1.57481	1.44798	1.17345	0.794208	0.343569	-0.136278	-0.578882	-0.942201	-1.17901	-1.26512	-1.20491	-1.02934	-0.805137	-0.609827	-0.506367	-0.482997	-0.485124	-0.451566	-0.42776	-0.425556	-0.428841	-0.411598	-0.403309	-0.424101	-0.427325	-0.425188	-0.440607	-0.472665	-0.487906	-0.488024	-0.55903	-0.717456	-0.942742	-1.14448	-1.25871	-1.23078	-1.05587	-0.734388	-0.321246	0.150738	0.622256	1.03106	1.35401	1.54332	1.58076	1.49721	1.30226	1.00432	0.666516	0.376075	0.180606	0.0743679	0.0265068	0.00825718	0.00226839	0.000554047	0.000121188	2.38918e-05	4.26962e-06	6.95166e-07	1.03591e-07	1.41861e-08	1.79191e-09	2.09476e-10	2.27322e-11	2.29642e-12	2.16509e-13	1.90959e-14	1.57904e-15	1.22663e-16	8.96845e-18	6.18257e-19	4.02514e-20	2.47867e-21	1.44581e-22	7.99912e-24	4.20311e-25	2.09999e-26	9.98801e-28	4.52711e-29	1.95744e-30	8.08165e-32	3.18901e-33	1.20375e-34	4.35014e-36	1.50626e-37	5.00098e-39	1.59325e-40	4.87397e-42	1.43265e-43	4.04889e-45	1.12962e-46	
0.0699293	0.139207	0.296556	0.55469	0.884348	1.20653	1.44202	1.56439	1.5712	1.43564	1.1528	0.766979	0.3117	-0.169375	-0.609219	-0.965131	-1.19225	-1.26616	-1.19012	-1.0049	-0.780088	-0.591876	-0.498195	-0.48531	-0.48825	-0.453651	-0.416693	-0.404008	-0.411598	-0.394137	-0.388331	-0.409002	-0.406448	-0.407815	-0.437479	-0.476392	-0.49023	-0.484478	-0.543784	-0.69414	-0.916864	-1.12355	-1.25365	-1.23872	-1.07519	-0.762796	-0.353919	0.117553	0.59308	1.00779	1.33802	1.53635	1.58165	1.50402	1.31425	1.01956	0.681174	0.387017	0.187135	0.077567	0.0278231	0.00872031	0.00240977	0.000591944	0.000130197	2.58072e-05	4.63639e-06	7.58815e-07	1.13655e-07	1.56428e-08	1.98574e-09	2.33274e-10	2.54376e-11	2.58203e-12	2.4459e-13	2.16737e-14	1.8005e-15	1.40507e-16	1.03197e-17	7.14603e-19	4.67304e-20	2.89028e-21	1.69321e-22	9.40817e-24	4.96448e-25	2.49081e-26	1.1896e-27	5.41405e-29	2.35044e-30	9.74315e-32	3.85989e-33	1.4627e-34	5.30643e-36	1.84442e-37	6.14691e-39	1.96566e-40	6.03547e-42	1.78055e-43	5.05031e-45	1.41417e-46	
0.0704713	0.140111	0.298114	0.556944	0.886925	1.20879	1.4435	1.56492	1.57053	1.43344	1.14931	0.762766	0.306739	-0.175527	-0.615216	-0.968861	-1.19375	-1.26401	-1.18817	-1.00373	-0.774114	-0.589448	-0.493712	-0.487261	-0.489425	-0.455886	-0.408034	-0.389545	-0.403309	-0.388331	-0.379184	-0.401189	-0.3945	-0.394806	-0.437708	-0.478018	-0.493879	-0.482182	-0.54126	-0.689683	-0.914663	-1.12225	-1.25321	-1.23764	-1.07889	-0.768657	-0.358346	0.112581	0.587837	1.00368	1.33536	1.53519	1.58177	1.50513	1.31624	1.0221	0.683628	0.388856	0.188236	0.0781085	0.0280466	0.00879917	0.00243391	0.000598433	0.000131744	2.61369e-05	4.69972e-06	7.69835e-07	1.15402e-07	1.58964e-08	2.01958e-09	2.37441e-10	2.59126e-11	2.63233e-12	2.4955e-13	2.21303e-14	1.83985e-15	1.43687e-16	1.05612e-17	7.3187e-19	4.78949e-20	2.96447e-21	1.73793e-22	9.66355e-24	5.10284e-25	2.56202e-26	1.22446e-27	5.57651e-29	2.4226e-30	1.0049e-31	3.98367e-33	1.51059e-34	5.48368e-36	1.90724e-37	6.36025e-39	2.03513e-40	6.2526e-42	1.84571e-43	5.23824e-45	1.46767e-46	
0.068328	0.136527	0.291922	0.547957	0.876613	1.19971	1.43755	1.56274	1.573	1.44181	1.16325	0.78074	0.327767	-0.152381	-0.594473	-0.955448	-1.18443	-1.26368	-1.20009	-1.01822	-0.792634	-0.600736	-0.501111	-0.482316	-0.483219	-0.450369	-0.427627	-0.425348	-0.424101	-0.409002	-0.401189	-0.420824	-0.425217	-0.425778	-0.438385	-0.471053	-0.486499	-0.484656	-0.55021	-0.706361	-0.929483	-1.13715	-1.25511	-1.23294	-1.06548	-0.749574	-0.33853	0.134396	0.608214	1.0195	1.34597	1.53989	1.58128	1.50067	1.3083	1.01196	0.673834	0.381515	0.18384	0.075947	0.0271545	0.00848442	0.00233758	0.000572546	0.000125576	2.48225e-05	4.44747e-06	7.2597e-07	1.08452e-07	1.48885e-08	1.88521e-09	2.20912e-10	2.40303e-11	2.43325e-12	2.29943e-13	2.03274e-14	1.6847e-15	1.31165e-16	9.61153e-18	6.64055e-19	4.33276e-20	2.67389e-21	1.56303e-22	8.66604e-24	4.56312e-25	2.28462e-26	1.08886e-27	4.94537e-29	2.14261e-30	8.86389e-32	3.50462e-33	1.32548e-34	4.79936e-36	1.665e-37	5.53856e-39	1.76784e-40	5.41817e-42	1.59556e-43	4.51754e-45	1.26271e-46	
0.0637051	0.128722	0.278299	0.527975	0.853415	1.17902	1.42372	1.55732	1.57791	1.45964	1.1936	0.821579	0.375997	-0.103582	-0.549193	-0.917777	-1.16572	-1.26467	-1.21661	-1.05039	-0.828494	-0.631083	-0.515283	-0.494223	-0.493235	-0.462296	-0.419585	-0.406369	-0.427325	-0.406448	-0.3945	-0.425217	-0.414748	-0.407934	-0.445434	-0.48302	-0.497923	-0.496415	-0.57471	-0.740833	-0.966338	-1.15899	-1.265	-1.22136	-1.03592	-0.707881	-0.288384	0.184939	0.651414	1.05377	1.36942	1.54982	1.57954	1.49014	1.29007	0.989033	0.651961	0.365302	0.174226	0.0712629	0.0252371	0.00781308	0.00213358	0.000518104	0.000112689	2.20941e-05	3.92714e-06	6.36034e-07	9.42884e-08	1.28464e-08	1.61453e-09	1.87806e-10	2.0281e-11	2.03891e-12	1.91315e-13	1.67943e-14	1.38225e-15	1.06882e-16	7.77907e-18	5.33851e-19	3.46013e-20	2.12136e-21	1.23199e-22	6.78675e-24	3.55085e-25	1.76661e-26	8.36722e-28	3.77677e-29	1.62631e-30	6.68726e-32	2.62818e-33	9.88104e-35	3.55674e-36	1.22673e-37	4.05712e-39	1.28759e-40	3.92392e-42	1.14904e-43	3.23523e-45	8.9918e-47	
0.057041	0.11728	0.257962	0.497579	0.817394	1.14613	1.40103	1.54739	1.58363	1.48537	1.23879	0.882372	0.449358	-0.0248097	-0.475806	-0.859387	-1.12995	-1.25867	-1.24099	-1.10245	-0.887159	-0.67861	-0.538905	-0.504097	-0.509417	-0.492071	-0.430357	-0.397625	-0.425188	-0.407815	-0.394806	-0.425778	-0.407934	-0.406279	-0.473319	-0.505101	-0.507991	-0.512344	-0.6126	-0.79785	-1.02259	-1.19698	-1.26995	-1.19699	-0.985418	-0.637388	-0.211871	0.260585	0.717832	1.10601	1.40362	1.56294	1.57519	1.47252	1.26078	0.953095	0.618421	0.340918	0.160014	0.0644449	0.0224857	0.00686242	0.00184831	0.000442878	9.50854e-05	1.84086e-05	3.2319e-06	5.17142e-07	7.57587e-08	1.02021e-08	1.26756e-09	1.45787e-10	1.55688e-11	1.54804e-12	1.43685e-13	1.24785e-14	1.01619e-15	7.7756e-17	5.60077e-18	3.80432e-19	2.44079e-20	1.48141e-21	8.51795e-23	4.64617e-24	2.40718e-25	1.18603e-26	5.56355e-28	2.48737e-29	1.06097e-30	4.32175e-32	1.6827e-33	6.26792e-35	2.23547e-36	7.63987e-38	2.50381e-39	7.87458e-41	2.37828e-42	6.90223e-44	1.92615e-45	5.30496e-47	
0.0489528	0.103055	0.232012	0.45774	0.768785	1.10028	1.36806	1.53113	1.58766	1.51588	1.29624	0.961882	0.546288	0.0807729	-0.373585	-0.773438	-1.07047	-1.24057	-1.26674	-1.1619	-0.968643	-0.752418	-0.581782	-0.509122	-0.508401	-0.528675	-0.492039	-0.453052	-0.440607	-0.437479	-0.437708	-0.438385	-0.445434	-0.473319	-0.520403	-0.519355	-0.501165	-0.542498	-0.672769	-0.883421	-1.0897	-1.24045	-1.26733	-1.15455	-0.908308	-0.53988	-0.107714	0.363416	0.805196	1.1727	1.44549	1.57669	1.5663	1.44621	1.21928	0.903965	0.57397	0.309476	0.14213	0.0560528	0.0191671	0.00573731	0.00151667	0.00035691	7.52975e-05	1.43313e-05	2.47459e-06	3.8958e-07	5.61704e-08	7.44703e-09	9.11179e-10	1.0323e-10	1.08616e-11	1.06432e-12	9.73727e-14	8.33696e-15	6.69456e-16	5.05187e-17	3.58928e-18	2.40517e-19	1.52255e-20	9.11898e-22	5.17478e-23	2.78607e-24	1.42494e-25	6.93145e-27	3.21044e-28	1.41736e-29	5.97055e-31	2.40204e-32	9.23792e-34	3.39917e-35	1.19766e-36	4.04388e-38	1.30946e-39	4.06933e-41	1.21448e-42	3.48317e-44	9.6063e-46	2.61412e-47	
0.0401583	0.0870967	0.20191	0.409896	0.708165	1.04068	1.32302	1.50623	1.58694	1.54726	1.36173	1.05674	0.66509	0.2118	-0.24067	-0.655476	-0.987135	-1.19639	-1.27667	-1.22132	-1.07208	-0.859804	-0.668692	-0.539068	-0.504147	-0.516202	-0.513783	-0.490725	-0.472665	-0.476392	-0.478018	-0.471053	-0.48302	-0.505101	-0.519355	-0.506738	-0.51475	-0.607344	-0.777613	-0.991072	-1.17114	-1.26998	-1.24355	-1.08779	-0.799696	-0.413574	0.026271	0.49078	0.908936	1.25046	1.49136	1.58754	1.5503	1.40919	1.16426	0.841688	0.519821	0.272502	0.121752	0.0467594	0.0155875	0.00455323	0.00117569	0.00027046	5.5819e-05	1.03998e-05	1.75883e-06	2.71348e-07	3.83573e-08	4.98791e-09	5.98829e-10	6.6592e-11	6.87977e-12	6.62137e-13	5.95161e-14	5.00775e-15	3.9528e-16	2.93282e-17	2.04922e-18	1.35072e-19	8.41235e-21	4.95794e-22	2.76907e-23	1.46756e-24	7.38978e-26	3.53963e-27	1.61458e-28	7.02103e-30	2.9135e-31	1.15483e-32	4.37623e-34	1.58686e-35	5.51043e-37	1.83393e-38	5.85397e-40	1.79349e-41	5.27743e-43	1.49246e-44	4.05893e-46	1.08892e-47	
0.0313833	0.0705517	0.169404	0.356003	0.63667	0.966795	1.26395	1.47	1.57786	1.5751	1.43033	1.16069	0.80245	0.369615	-0.0812003	-0.503646	-0.865964	-1.12025	-1.2616	-1.26929	-1.17073	-0.994336	-0.798877	-0.629103	-0.533788	-0.502523	-0.505924	-0.504532	-0.487906	-0.49023	-0.493879	-0.486499	-0.497923	-0.507991	-0.501165	-0.51475	-0.581135	-0.72548	-0.915037	-1.10773	-1.24004	-1.28107	-1.19078	-0.981678	-0.658452	-0.254994	0.188857	0.636134	1.02549	1.33563	1.5358	1.59122	1.52437	1.35914	1.09448	0.766798	0.457765	0.231907	0.100221	0.0372774	0.0120512	0.00341827	0.000858053	0.000192092	3.8617e-05	7.01408e-06	1.15731e-06	1.74309e-07	2.40702e-08	3.05938e-09	3.5919e-10	3.90803e-11	3.952e-12	3.72458e-13	3.27957e-14	2.70418e-15	2.09244e-16	1.5224e-17	1.04342e-18	6.74814e-20	4.12479e-21	2.38651e-22	1.30881e-23	6.81271e-25	3.37002e-26	1.58608e-27	7.1102e-29	3.03919e-30	1.2399e-31	4.83256e-33	1.80103e-34	6.42374e-36	2.19447e-37	7.18594e-39	2.25719e-40	6.80599e-42	1.97125e-43	5.48783e-45	1.4694e-46	3.88007e-48	
0.023268	0.0545431	0.136422	0.298542	0.556205	0.878633	1.18899	1.41968	1.55633	1.59358	1.49733	1.26919	0.948864	0.548499	0.109009	-0.31698	-0.705436	-1.00493	-1.20126	-1.27865	-1.25178	-1.13169	-0.964714	-0.786464	-0.649155	-0.561213	-0.523822	-0.50051	-0.488024	-0.484478	-0.482182	-0.484656	-0.496415	-0.512344	-0.542498	-0.607344	-0.72548	-0.892228	-1.06827	-1.21288	-1.28004	-1.24604	-1.09644	-0.837833	-0.479088	-0.0649426	0.373371	0.79681	1.15127	1.42085	1.57217	1.58377	1.48559	1.29352	1.00904	0.680626	0.390254	0.1899	0.0789226	0.0282764	0.00881989	0.00241752	0.000587263	0.000127393	2.48446e-05	4.38226e-06	7.02844e-07	1.02988e-07	1.38466e-08	1.71476e-09	1.96285e-10	2.08344e-11	2.05657e-12	1.89294e-13	1.62863e-14	1.31277e-15	9.93439e-17	7.07176e-18	4.74388e-19	3.00397e-20	1.79844e-21	1.01949e-22	5.47966e-24	2.79628e-25	1.35643e-26	6.26199e-28	2.75421e-29	1.15533e-30	4.62667e-32	1.77046e-33	6.47961e-35	2.26997e-36	7.61814e-38	2.45114e-39	7.5665e-41	2.24249e-42	6.38504e-44	1.74771e-45	4.60172e-47	1.19459e-48	
0.016288	0.0400426	0.104896	0.240432	0.469633	0.777179	1.09658	1.35264	1.51907	1.59629	1.55421	1.37696	1.10041	0.74067	0.322093	-0.0989447	-0.500368	-0.837539	-1.0903	-1.24208	-1.28385	-1.23953	-1.12391	-0.976432	-0.828795	-0.709697	-0.633423	-0.587536	-0.55903	-0.543784	-0.54126	-0.55021	-0.57471	-0.6126	-0.672769	-0.777613	-0.915037	-1.06827	-1.19892	-1.27737	-1.26965	-1.16583	-0.948955	-0.645105	-0.264395	0.152733	0.577633	0.966245	1.27694	1.4981	1.59497	1.56143	1.43056	1.20987	0.908004	0.58558	0.320365	0.148823	0.0591437	0.0203032	0.00608017	0.0016031	0.000375241	7.85581e-05	1.48068e-05	2.52734e-06	3.92702e-07	5.58064e-08	7.28364e-09	8.76393e-10	9.75494e-11	1.00759e-11	9.68527e-13	8.68659e-14	7.28689e-15	5.73002e-16	4.2324e-17	2.94215e-18	1.92826e-19	1.19346e-20	6.98672e-22	3.87428e-23	2.03778e-24	1.01796e-25	4.83546e-27	2.18665e-28	9.42372e-30	3.87448e-31	1.52116e-32	5.7083e-34	2.04922e-35	7.04338e-37	2.31969e-38	7.32592e-40	2.22019e-41	6.46118e-43	1.80681e-44	4.85807e-46	1.2567e-47	3.20435e-49	
0.0107068	0.0277556	0.0765427	0.184792	0.380813	0.664895	0.98596	1.26607	1.46332	1.57869	1.59234	1.4742	1.24818	0.938564	0.554697	0.147908	-0.255764	-0.62363	-0.916764	-1.13127	-1.2526	-1.28633	-1.24506	-1.15278	-1.03777	-0.923768	-0.830725	-0.759139	-0.717456	-0.69414	-0.689683	-0.706361	-0.740833	-0.79785	-0.883421	-0.991072	-1.10773	-1.21288	-1.27737	-1.27585	-1.19097	-1.01282	-0.74923	-0.410677	-0.0139165	0.392683	0.790922	1.13436	1.39468	1.56017	1.59834	1.52005	1.35589	1.10655	0.792846	0.485279	0.251633	0.110921	0.0419203	0.0137193	0.00392634	0.000991565	0.00022277	4.48465e-05	8.14175e-06	1.34058e-06	2.01215e-07	2.7656e-08	3.49504e-09	4.07615e-10	4.40189e-11	4.4151e-12	4.12446e-13	3.59773e-14	2.93731e-15	2.24945e-16	1.61915e-17	1.09747e-18	7.01705e-20	4.23917e-21	2.42345e-22	1.31291e-23	6.74948e-25	3.29676e-26	1.53181e-27	6.77813e-29	2.85935e-30	1.1511e-31	4.42653e-33	1.62746e-34	5.72573e-36	1.9292e-37	6.23e-39	1.92969e-40	5.73698e-42	1.6382e-43	4.49595e-45	1.18662e-46	3.01371e-48	7.54276e-50	
0.00656981	0.0180484	0.0526436	0.134573	0.294356	0.546084	0.85816	1.1575	1.38611	1.53731	1.60436	1.55167	1.38303	1.12954	0.794223	0.413473	0.0243551	-0.353738	-0.684359	-0.953417	-1.13666	-1.24878	-1.28114	-1.26237	-1.1987	-1.12299	-1.04727	-0.986384	-0.942742	-0.916864	-0.914663	-0.929483	-0.966338	-1.02259	-1.0897	-1.17114	-1.24004	-1.28004	-1.26965	-1.19097	-1.03613	-0.801352	-0.49268	-0.130498	0.258014	0.643733	1.00454	1.2917	1.49557	1.59861	1.57659	1.45611	1.25882	0.98334	0.666923	0.384473	0.187709	0.0780615	0.0279121	0.00866859	0.00236106	0.000568972	0.000122269	2.35946e-05	4.11401e-06	6.51718e-07	9.42598e-08	1.25018e-08	1.52657e-09	1.7223e-10	1.80121e-11	1.75132e-12	1.58741e-13	1.34469e-14	1.06698e-15	7.94724e-17	5.56746e-18	3.67514e-19	2.28986e-20	1.34881e-21	7.52231e-23	3.97757e-24	1.99673e-25	9.52792e-27	4.32672e-28	1.87189e-29	7.72355e-31	3.04226e-32	1.14506e-33	4.12188e-35	1.42025e-36	4.68802e-38	1.48354e-39	4.50411e-41	1.31287e-42	3.67645e-44	9.89698e-46	2.56275e-47	6.38702e-49	1.56831e-50	
0.00373965	0.010934	0.0338707	0.0921188	0.215071	0.426829	0.716834	1.02582	1.2845	1.46977	1.58432	1.59903	1.49546	1.30261	1.02801	0.688241	0.324056	-0.0506082	-0.390759	-0.693861	-0.936995	-1.11154	-1.22188	-1.27198	-1.27753	-1.25478	-1.21349	-1.17489	-1.14448	-1.12355	-1.12225	-1.13715	-1.15899	-1.19698	-1.24045	-1.26998	-1.28107	-1.24604	-1.16583	-1.01282	-0.801352	-0.516266	-0.191962	0.172991	0.544879	0.89754	1.20281	1.42727	1.57054	1.605	1.52548	1.36706	1.13753	0.842201	0.535723	0.288676	0.131873	0.0514662	0.0173318	0.00508764	0.00131413	0.000301231	6.17418e-05	1.13915e-05	1.90319e-06	2.89447e-07	4.02614e-08	5.14371e-09	6.05877e-10	6.60255e-11	6.67759e-12	6.28567e-13	5.52138e-14	4.53686e-15	3.49496e-16	2.52932e-17	1.72294e-18	1.10666e-19	6.71368e-21	3.85283e-22	2.09462e-23	1.08026e-24	5.29189e-26	2.46532e-27	1.09349e-28	4.62275e-30	1.86456e-31	7.18222e-33	2.64453e-34	9.31588e-36	3.14226e-37	1.01566e-38	3.1482e-40	9.36484e-42	2.6752e-43	7.34365e-45	1.93838e-46	4.9226e-48	1.20346e-49	2.8981e-51	
0.0019624	0.00612754	0.0202262	0.0587633	0.147161	0.31436	0.568795	0.872733	1.15597	1.37434	1.5291	1.60702	1.57465	1.44592	1.2399	0.954637	0.632907	0.286443	-0.0639462	-0.375332	-0.654529	-0.874246	-1.04542	-1.15745	-1.2278	-1.25936	-1.27011	-1.26874	-1.25871	-1.25365	-1.25321	-1.25511	-1.265	-1.26995	-1.26733	-1.24355	-1.19078	-1.09644	-0.948955	-0.74923	-0.49268	-0.191962	0.142487	0.498142	0.828282	1.13327	1.37322	1.53299	1.60849	1.57216	1.44345	1.25114	0.991884	0.688123	0.406719	0.203405	0.0864639	0.0315265	0.00996188	0.00275514	0.000673013	0.000146386	2.85557e-05	5.0276e-06	8.03441e-07	1.17126e-07	1.56462e-08	1.92299e-09	2.18242e-10	2.29472e-11	2.24212e-12	2.04138e-13	1.73629e-14	1.38281e-15	1.03344e-16	7.2619e-18	4.8069e-19	3.00247e-20	1.77252e-21	9.90507e-23	5.24675e-24	2.63796e-25	1.26047e-26	5.73053e-28	2.48164e-29	1.02476e-30	4.039e-32	1.52092e-33	5.47658e-35	1.88734e-36	6.22988e-38	1.97121e-39	5.98314e-41	1.7433e-42	4.8792e-44	1.31262e-45	3.3963e-47	8.45675e-49	2.02758e-50	4.78749e-52	
0.000943817	0.00315478	0.0111226	0.0346255	0.0933719	0.215795	0.423695	0.704242	0.999886	1.24942	1.43819	1.56906	1.61039	1.5488	1.41383	1.20044	0.921908	0.623954	0.302626	-0.0120612	-0.302539	-0.556816	-0.766133	-0.92932	-1.05022	-1.13104	-1.18291	-1.2123	-1.23078	-1.23872	-1.23764	-1.23294	-1.22136	-1.19699	-1.15455	-1.08779	-0.981678	-0.837833	-0.645105	-0.410677	-0.130498	0.172991	0.498142	0.804892	1.09324	1.33941	1.50346	1.59691	1.59865	1.49824	1.33104	1.10694	0.824803	0.529787	0.288473	0.133098	0.0524171	0.0177962	0.00526213	0.00136809	0.000315445	6.49979e-05	1.20498e-05	2.02192e-06	3.08719e-07	4.30963e-08	5.52386e-09	6.52585e-10	7.1307e-11	7.22933e-12	6.82001e-13	6.00261e-14	4.94102e-15	3.81231e-16	2.76282e-17	1.88428e-18	1.21156e-19	7.35652e-21	4.22482e-22	2.29818e-23	1.18576e-24	5.81041e-26	2.70732e-27	1.20086e-28	5.0762e-30	2.047e-31	7.88233e-33	2.90099e-34	1.02135e-35	3.44267e-37	1.11187e-38	3.44333e-40	1.02324e-41	2.91978e-43	8.0053e-45	2.11024e-46	5.35144e-48	1.3063e-49	3.07104e-51	7.10886e-53	
0.000413953	0.00148303	0.00559176	0.0186871	0.0543992	0.136514	0.292476	0.531365	0.819785	1.09378	1.31353	1.483	1.59184	1.60478	1.53323	1.40098	1.19333	0.935815	0.659569	0.371239	0.0926445	-0.168357	-0.397476	-0.592062	-0.747354	-0.869404	-0.95808	-1.01775	-1.05587	-1.07519	-1.07889	-1.06548	-1.03592	-0.985418	-0.908308	-0.799696	-0.658452	-0.479088	-0.264395	-0.0139165	0.258014	0.544879	0.828282	1.09324	1.3278	1.4888	1.58361	1.6091	1.53575	1.38637	1.18823	0.934618	0.644457	0.379057	0.188844	0.080038	0.0291195	0.00918683	0.00253803	0.000619544	0.000134701	2.62714e-05	4.62531e-06	7.3922e-07	1.07782e-07	1.4401e-08	1.77036e-09	2.00966e-10	2.11353e-11	2.06547e-12	1.88081e-13	1.59987e-14	1.27422e-15	9.5226e-17	6.69086e-18	4.4282e-19	2.76528e-20	1.63199e-21	9.11621e-23	4.82664e-24	2.4254e-25	1.15817e-26	5.26171e-28	2.27681e-29	9.39348e-31	3.6988e-32	1.39136e-33	5.00437e-35	1.72251e-36	5.67841e-38	1.79423e-39	5.43797e-41	1.58199e-42	4.42048e-44	1.18717e-45	3.06615e-47	7.62024e-49	1.82339e-50	4.203e-52	9.53728e-54	
0.000164921	0.000633352	0.00255438	0.00916925	0.0288431	0.0787309	0.184671	0.369063	0.626003	0.907914	1.15689	1.35507	1.51089	1.60148	1.60055	1.53093	1.40686	1.22095	0.994379	0.745876	0.492061	0.246364	0.019162	-0.183005	-0.353598	-0.493593	-0.60087	-0.682719	-0.734388	-0.762796	-0.768657	-0.749574	-0.707881	-0.637388	-0.53988	-0.413574	-0.254994	-0.0649426	0.152733	0.392683	0.643733	0.89754	1.13327	1.33941	1.4888	1.57814	1.61117	1.55736	1.42253	1.24134	1.01377	0.739791	0.465222	0.248487	0.112776	0.04381	0.0147077	0.00430901	0.00111186	0.000254772	5.22258e-05	9.64042e-06	1.61179e-06	2.45345e-07	3.41597e-08	4.36849e-09	5.15068e-10	5.61818e-11	5.68688e-12	5.35717e-13	4.70879e-14	3.87115e-15	2.98324e-16	2.15947e-17	1.47111e-18	9.44819e-20	5.73036e-21	3.28712e-22	1.786e-23	9.20386e-25	4.50443e-26	2.09612e-27	9.28522e-29	3.91957e-30	1.57833e-31	6.06858e-33	2.23001e-34	7.83855e-36	2.63774e-37	8.50428e-39	2.62893e-40	7.79769e-42	2.22073e-43	6.07643e-45	1.59845e-46	4.04483e-48	9.8515e-50	2.31069e-51	5.22212e-53	1.16159e-54	
5.95262e-05	0.000244843	0.00105542	0.00406686	0.0138168	0.0410174	0.105413	0.232427	0.436745	0.69925	0.966851	1.19397	1.37729	1.52216	1.60267	1.60263	1.54168	1.43127	1.27545	1.08672	0.87762	0.662686	0.453734	0.260468	0.0888184	-0.0572251	-0.173542	-0.261003	-0.321246	-0.353919	-0.358346	-0.33853	-0.288384	-0.211871	-0.107714	0.026271	0.188857	0.373371	0.577633	0.790922	1.00454	1.20281	1.37322	1.50346	1.58361	1.61117	1.56434	1.44079	1.27144	1.06372	0.809416	0.537601	0.305092	0.14732	0.0608246	0.0216563	0.00671204	0.00182741	0.000440711	9.48584e-05	1.83449e-05	3.20677e-06	5.09398e-07	7.38854e-08	9.82744e-09	1.20335e-09	1.36125e-10	1.42716e-11	1.39082e-12	1.26327e-13	1.07207e-14	8.52004e-16	6.35434e-17	4.45615e-18	2.94377e-19	1.83502e-20	1.08109e-21	6.02856e-23	3.18644e-24	1.59848e-25	7.62007e-27	3.45595e-28	1.49283e-29	6.14816e-31	2.41657e-32	9.0736e-34	3.25742e-35	1.11905e-36	3.68178e-38	1.16099e-39	3.51141e-41	1.01934e-42	2.84203e-44	7.61529e-46	1.96226e-47	4.8651e-49	1.16127e-50	2.66998e-52	5.91625e-54	1.29005e-55	
1.94382e-05	8.54981e-05	0.000393285	0.00162419	0.00594942	0.019174	0.0539087	0.131087	0.27358	0.487947	0.746546	0.998019	1.20865	1.38088	1.51699	1.59659	1.60882	1.5641	1.47394	1.34909	1.19937	1.03443	0.864246	0.69907	0.546709	0.412174	0.298111	0.211622	0.150738	0.117553	0.112581	0.134396	0.184939	0.260585	0.363416	0.49078	0.636134	0.79681	0.966245	1.13436	1.2917	1.42727	1.53299	1.59691	1.6091	1.55736	1.44079	1.28123	1.0876	0.85113	0.589196	0.351535	0.179194	0.0781912	0.0294068	0.00961392	0.00275606	0.000698519	0.000157698	3.19275e-05	5.83223e-06	9.66486e-07	1.46005e-07	2.01961e-08	2.56813e-09	3.01294e-10	3.272e-11	3.29907e-12	3.09687e-13	2.71337e-14	2.22417e-15	1.70939e-16	1.23425e-17	8.38813e-19	5.3751e-20	3.25294e-21	1.86208e-22	1.00965e-23	5.19264e-25	2.53627e-26	1.17791e-27	5.20753e-29	2.1939e-30	8.81675e-32	3.38316e-33	1.24066e-34	4.35189e-36	1.46135e-37	4.70133e-39	1.45012e-40	4.2915e-42	1.21937e-43	3.3286e-45	8.73488e-47	2.20485e-48	5.35642e-50	1.25308e-51	2.82433e-53	6.1363e-55	1.31171e-56	
5.7415e-06	2.6948e-05	0.000132001	0.000582921	0.00229611	0.0080097	0.0245575	0.065656	0.151921	0.30247	0.517429	0.766195	1.00318	1.2024	1.36589	1.4955	1.57973	1.61052	1.5906	1.52906	1.43726	1.32528	1.20177	1.07506	0.953677	0.844645	0.750298	0.675048	0.622256	0.59308	0.587837	0.608214	0.651414	0.717832	0.805196	0.908936	1.02549	1.15127	1.27694	1.39468	1.49557	1.57054	1.60849	1.59865	1.53575	1.42253	1.27144	1.0876	0.864945	0.615876	0.381919	0.203713	0.0933403	0.0369095	0.0126867	0.00382071	0.00101602	0.00024032	5.08987e-05	9.7114e-06	1.67838e-06	2.64043e-07	3.79818e-08	5.01592e-09	6.10376e-10	6.86712e-11	7.16499e-12	6.95258e-13	6.29062e-14	5.31984e-15	4.21429e-16	3.13378e-17	2.19159e-18	1.44403e-19	8.97937e-21	5.2777e-22	2.93638e-23	1.54863e-24	7.75197e-26	3.68757e-27	1.66891e-28	7.19395e-30	2.95658e-31	1.15965e-32	4.34495e-34	1.55649e-35	5.33549e-37	1.75153e-38	5.51073e-40	1.66289e-41	4.81591e-43	1.33951e-44	3.58044e-46	9.20269e-48	2.27579e-49	5.41784e-51	1.24231e-52	2.74512e-54	5.84838e-56	1.22567e-57	
1.53512e-06	7.66986e-06	3.99092e-05	0.000187946	0.000793576	0.00298533	0.00993882	0.029079	0.0742562	0.164509	0.315072	0.522464	0.757831	0.982657	1.17456	1.33213	1.45759	1.54726	1.5966	1.6053	1.57863	1.52496	1.45289	1.37005	1.28391	1.20237	1.13114	1.07275	1.03106	1.00779	1.00368	1.0195	1.05377	1.10601	1.1727	1.25046	1.33563	1.42085	1.4981	1.56017	1.59861	1.605	1.57216	1.49824	1.38637	1.24134	1.06372	0.85113	0.615876	0.392474	0.217045	0.103704	0.0429002	0.0154483	0.00487526	0.00135794	0.000336134	7.44192e-05	1.48243e-05	2.67137e-06	4.37626e-07	6.54679e-08	8.9802e-09	1.13369e-09	1.32169e-10	1.42743e-11	1.43223e-12	1.33861e-13	1.16827e-14	9.54251e-16	7.31018e-17	5.26248e-18	3.5665e-19	2.27943e-20	1.37606e-21	7.85831e-23	4.25119e-24	2.18153e-25	1.06322e-26	4.9273e-28	2.17373e-29	9.13845e-31	3.66474e-32	1.40324e-33	5.13489e-35	1.79726e-36	6.02185e-38	1.93296e-39	5.94859e-41	1.75634e-42	4.97853e-44	1.35572e-45	3.54883e-47	8.93512e-49	2.16502e-50	5.0513e-52	1.1354e-53	2.45989e-55	5.13939e-57	1.05607e-58	
