1.14196e-11	1.74226e-10	2.5082e-09	3.20859e-08	3.62082e-07	3.57538e-06	3.06066e-05	0.000224708	0.00139738	0.00725475	0.0309273	0.106294	0.289215	0.615496	1.03291	1.43431	1.77723	2.02895	2.1168	2.03817	1.77547	1.34757	0.785302	0.140569	-0.531168	-1.17452	-1.71893	-2.14068	-2.44122	-2.6055	-2.63209	-2.52365	-2.27618	-1.901	-1.40769	-0.795203	-0.127603	0.532509	1.13818	1.62036	1.95609	2.10563	2.08472	1.89275	1.58043	1.20082	0.776661	0.402154	0.163309	0.0523339	0.0134509	0.0028232	0.000492127	7.23163e-05	9.07488e-06	9.83454e-07	9.29369e-08	7.7235e-09	5.68651e-10	3.73352e-11	2.19859e-12	1.16725e-13	5.61285e-15	2.45476e-16	9.80105e-18	3.58472e-19	1.20477e-20	3.73122e-22	1.06763e-23	2.8291e-25	6.95794e-27	1.59146e-28	3.39157e-30	6.74589e-32	1.2543e-33	2.18337e-35	3.56292e-37	5.45739e-39	7.85542e-41	1.06372e-42	1.35643e-44	1.63033e-46	1.84855e-48	1.97883e-50	2.00132e-52	1.91356e-54	1.73081e-56	1.48174e-58	1.20122e-60	9.22564e-63	6.71521e-65	4.63406e-67	3.03268e-69	1.88263e-71	1.10881e-73	6.19687e-76	3.28666e-78	1.65435e-80	7.90305e-83	3.59836e-85	
5.92909e-12	9.31969e-11	1.38184e-09	1.8228e-08	2.124e-07	2.16902e-06	1.92361e-05	0.000146609	0.000948649	0.00513826	0.0229203	0.0826802	0.236723	0.530314	0.932006	1.33752	1.69104	1.97117	2.1073	2.08997	1.89967	1.55245	1.07322	0.505123	-0.106342	-0.694645	-1.22344	-1.64811	-1.95401	-2.13585	-2.16805	-2.04322	-1.78308	-1.40769	-0.918557	-0.343904	0.261682	0.854659	1.37553	1.77823	2.03553	2.1187	2.04695	1.81575	1.48595	1.09861	0.682257	0.336461	0.129833	0.0395614	0.00968483	0.00193992	0.000323333	4.55103e-05	5.47918e-06	5.70508e-07	5.18683e-08	4.15196e-09	2.9477e-10	1.86803e-11	1.06276e-12	5.45553e-14	2.53847e-15	1.07502e-16	4.15896e-18	1.47478e-19	4.80815e-21	1.44526e-22	4.0155e-24	1.03366e-25	2.47054e-27	5.49349e-29	1.13851e-30	2.2029e-32	3.98562e-34	6.75257e-36	1.07274e-37	1.59995e-39	2.24287e-41	2.95833e-43	3.675e-45	4.30357e-47	4.75468e-49	4.95984e-51	4.88846e-53	4.55525e-55	4.01553e-57	3.35035e-59	2.64705e-61	1.98126e-63	1.40537e-65	9.45031e-68	6.026e-70	3.6445e-72	2.09097e-74	1.1382e-76	5.87877e-79	2.88114e-81	1.33983e-83	5.93648e-86	
2.5523e-12	4.16425e-11	6.40683e-10	8.7828e-09	1.06539e-07	1.13483e-06	1.05211e-05	8.40391e-05	0.000571567	0.00326481	0.0154155	0.059095	0.180448	0.431737	0.80659	1.21194	1.57493	1.88357	2.0748	2.11937	2.0172	1.76118	1.37914	0.900751	0.378544	-0.146456	-0.623019	-1.02522	-1.31023	-1.46291	-1.48802	-1.38688	-1.15412	-0.795203	-0.343904	0.163822	0.697063	1.19353	1.62476	1.92988	2.0993	2.10883	1.97725	1.70741	1.36307	0.97025	0.570152	0.26371	0.0952885	0.0272372	0.00627317	0.00118586	0.000187087	2.49931e-05	2.86285e-06	2.84225e-07	2.4687e-08	1.89124e-09	1.28704e-10	7.82939e-12	4.28129e-13	2.11489e-14	9.47982e-16	3.87124e-17	1.44548e-18	4.95118e-20	1.56042e-21	4.53724e-23	1.22025e-24	3.04231e-26	7.04648e-28	1.51914e-29	3.05389e-31	5.73402e-33	1.00711e-34	1.65697e-36	2.55708e-38	3.70584e-40	5.04923e-42	6.47455e-44	7.8208e-46	8.907e-48	9.57197e-50	9.71364e-52	9.31469e-54	8.44556e-56	7.24445e-58	5.88193e-60	4.52238e-62	3.29398e-64	2.27371e-66	1.48777e-68	9.23076e-71	5.43157e-73	3.03158e-75	1.60514e-77	8.06278e-80	3.84229e-82	1.73705e-84	7.47954e-87	
9.07143e-13	1.54613e-11	2.48431e-10	3.56337e-09	4.53235e-08	5.07422e-07	4.95802e-06	4.18684e-05	0.000302114	0.00183831	0.00928867	0.0382939	0.126352	0.327632	0.661488	1.05836	1.42916	1.75726	2.00147	2.11497	2.10168	1.94267	1.66703	1.2986	0.872985	0.435305	0.0200181	-0.329066	-0.591312	-0.744695	-0.771306	-0.667415	-0.444636	-0.127603	0.261682	0.697063	1.13434	1.52832	1.8449	2.05492	2.12584	2.0616	1.8705	1.56578	1.21107	0.818348	0.447283	0.190865	0.0636422	0.016848	0.00361016	0.000637779	9.44186e-05	1.18795e-05	1.28573e-06	1.20956e-07	9.9803e-09	7.27966e-10	4.72624e-11	2.74785e-12	1.43842e-13	6.81207e-15	2.9312e-16	1.15046e-17	4.13319e-19	1.36354e-20	4.14266e-22	1.16218e-23	3.01788e-25	7.26997e-27	1.628e-28	3.39536e-30	6.60663e-32	1.20125e-33	2.04406e-35	3.2595e-37	4.87703e-39	6.85513e-41	9.06153e-43	1.12758e-44	1.32205e-46	1.46176e-48	1.52535e-50	1.50327e-52	1.4001e-54	1.23309e-56	1.02749e-58	8.10427e-61	6.05325e-63	4.28316e-65	2.87199e-67	1.82543e-69	1.10003e-71	6.28611e-74	3.40684e-76	1.75126e-78	8.53867e-81	3.94879e-83	1.73198e-85	7.2324e-88	
2.66351e-13	4.76479e-12	8.03485e-11	1.21214e-09	1.62561e-08	1.92437e-07	1.99457e-06	1.79329e-05	0.000138357	0.000904551	0.00493822	0.0221326	0.0798963	0.227804	0.505688	0.878497	1.25268	1.59289	1.88202	2.05946	2.12998	2.07249	1.91218	1.64909	1.33419	0.988596	0.654727	0.364581	0.150253	0.0268022	0.00466651	0.0891916	0.268536	0.532509	0.854659	1.19353	1.52832	1.81698	2.01978	2.12197	2.10099	1.96718	1.71731	1.39158	1.03207	0.648929	0.323422	0.125255	0.0380296	0.00922136	0.00182117	0.000298254	4.11433e-05	4.84532e-06	4.92786e-07	4.37134e-08	3.41131e-09	2.35957e-10	1.45615e-11	8.06431e-13	4.02863e-14	1.82382e-15	7.51344e-17	2.82718e-18	9.74975e-20	3.09096e-21	9.03378e-23	2.44024e-24	6.10662e-26	1.41876e-27	3.0663e-29	6.17604e-31	1.16125e-32	2.04141e-34	3.3601e-36	5.18514e-38	7.51085e-40	1.02242e-41	1.30927e-43	1.57873e-45	1.79413e-47	1.92316e-49	1.9459e-51	1.85978e-53	1.68001e-55	1.4352e-57	1.16007e-59	8.87614e-62	6.43135e-64	4.41439e-66	2.87116e-68	1.76999e-70	1.03441e-72	5.73183e-75	3.01169e-77	1.50061e-79	7.0903e-82	3.17673e-84	1.34949e-86	5.45528e-89	
6.48385e-14	1.2212e-12	2.16823e-11	3.45238e-10	4.90023e-09	6.1587e-08	6.80175e-07	6.54338e-06	5.42787e-05	0.000383689	0.00227965	0.0112027	0.0447048	0.142004	0.352621	0.680316	1.04795	1.39061	1.70706	1.9462	2.08776	2.1332	2.06508	1.92448	1.71686	1.47363	1.22944	1.0129	0.843937	0.746861	0.730518	0.795505	0.937762	1.13818	1.37553	1.62476	1.8449	2.01978	2.11406	2.12121	2.01148	1.8149	1.52182	1.18897	0.828613	0.472882	0.210713	0.0729991	0.0199612	0.004395	0.000794346	0.000119885	1.53325e-05	1.68279e-06	1.60217e-07	1.33565e-08	9.82885e-10	6.42992e-11	3.76277e-12	1.98062e-13	9.4237e-15	4.07076e-16	1.60281e-17	5.77285e-19	1.90813e-20	5.80513e-22	1.62993e-23	4.23398e-25	1.01983e-26	2.28244e-28	4.75551e-30	9.24015e-32	1.67706e-33	2.84742e-35	4.52885e-37	6.75633e-39	9.46522e-41	1.24658e-42	1.54493e-44	1.80344e-46	1.98457e-48	2.06035e-50	2.01945e-52	1.86993e-54	1.63672e-56	1.3549e-58	1.06128e-60	7.8692e-63	5.52539e-65	3.67508e-67	2.3161e-69	1.38333e-71	7.83156e-74	4.20312e-76	2.13859e-78	1.03162e-80	4.71778e-83	2.04522e-85	8.40366e-88	3.28425e-90	
1.31611e-14	2.61418e-13	4.89583e-12	8.2436e-11	1.24096e-09	1.65968e-08	1.95802e-07	2.02114e-06	1.80833e-05	0.000138719	0.000900854	0.0048798	0.0216734	0.0774227	0.218122	0.477884	0.819921	1.16079	1.48026	1.7679	1.96642	2.0921	2.13109	2.08905	1.98312	1.84033	1.68343	1.53343	1.41762	1.34843	1.33536	1.38394	1.48209	1.62036	1.77823	1.92988	2.05492	2.12197	2.12121	2.02439	1.85917	1.60405	1.29046	0.959947	0.610073	0.307843	0.120572	0.0369616	0.00903536	0.0017967	0.000295958	4.10276e-05	4.85175e-06	4.95152e-07	4.40487e-08	3.44539e-09	2.3874e-10	1.47526e-11	8.17717e-13	4.0868e-14	1.85022e-15	7.61955e-17	2.86504e-18	9.86964e-20	3.12451e-21	9.1157e-23	2.4572e-24	6.13417e-26	1.42125e-27	3.06228e-29	6.14712e-31	1.15155e-32	2.01627e-34	3.3044e-36	5.07564e-38	7.31597e-40	9.90661e-42	1.26154e-43	1.51224e-45	1.70789e-47	1.81876e-49	1.82762e-51	1.73414e-53	1.55468e-55	1.31763e-57	1.05623e-59	8.01173e-62	5.75266e-64	3.91137e-66	2.51902e-68	1.53701e-70	8.88683e-73	4.86963e-75	2.52907e-77	1.24496e-79	5.80863e-82	2.56851e-84	1.07628e-86	4.27293e-89	1.61259e-91	
2.24365e-15	4.70257e-14	9.29565e-13	1.65631e-11	2.64627e-10	3.76892e-09	4.75356e-08	5.26953e-07	5.09016e-06	4.24212e-05	0.000301527	0.00180362	0.00893909	0.0360646	0.116195	0.293763	0.578683	0.908732	1.22098	1.51943	1.77792	1.9581	2.07247	2.12255	2.11513	2.06492	1.98844	1.90958	1.84194	1.80038	1.79317	1.82156	1.88054	1.95609	2.03553	2.0993	2.12584	2.10099	2.01148	1.85917	1.63243	1.34117	1.03635	0.710707	0.397058	0.173348	0.0590479	0.0159344	0.00347286	0.000622759	9.34082e-05	1.1887e-05	1.29926e-06	1.23264e-07	1.02437e-08	7.51634e-10	4.90356e-11	2.86179e-12	1.50229e-13	7.12802e-15	3.07027e-16	1.20526e-17	4.32731e-19	1.42557e-20	4.32182e-22	1.20895e-23	3.12807e-25	7.50317e-27	1.67189e-28	3.46728e-30	6.70418e-32	1.21053e-33	2.04422e-35	3.23291e-37	4.7943e-39	6.67466e-41	8.73321e-43	1.07496e-44	1.24589e-46	1.36082e-48	1.40181e-50	1.36287e-52	1.25132e-54	1.08564e-56	8.90497e-59	6.90888e-61	5.07212e-63	3.52477e-65	2.31935e-67	1.44544e-69	8.5334e-72	4.77305e-74	2.52967e-76	1.27042e-78	6.04565e-81	2.726e-83	1.16452e-85	4.71231e-88	1.80588e-90	6.57477e-93	
3.23849e-16	7.16077e-15	1.49374e-13	2.8158e-12	4.77314e-11	7.23644e-10	9.7524e-09	1.16028e-07	1.2091e-06	1.0937e-05	8.4992e-05	0.000560678	0.00309684	0.0140981	0.0519847	0.152552	0.351586	0.637822	0.944685	1.23118	1.50284	1.73793	1.91396	2.02998	2.09593	2.11796	2.1133	2.09028	2.06629	2.05203	2.04876	2.0595	2.08023	2.10563	2.1187	2.10883	2.0616	1.96718	1.8149	1.60405	1.34117	1.06105	0.762621	0.45909	0.219245	0.0820018	0.0242489	0.00576637	0.00112257	0.000181879	2.48847e-05	2.91167e-06	2.94554e-07	2.6009e-08	2.02125e-09	1.39253e-10	8.55986e-12	4.72142e-13	2.34869e-14	1.05852e-15	4.33974e-17	1.62453e-18	5.57116e-20	1.75564e-21	5.09808e-23	1.3676e-24	3.39709e-26	7.83023e-28	1.6781e-29	3.34981e-31	6.2389e-33	1.0858e-34	1.76832e-36	2.69843e-38	3.86303e-40	5.19391e-42	6.56537e-44	7.80968e-46	8.74974e-48	9.24041e-50	9.20533e-52	8.65621e-54	7.68808e-56	6.45275e-58	5.12059e-60	3.84351e-62	2.72981e-64	1.83515e-66	1.16805e-68	7.04041e-71	4.01929e-73	2.17354e-75	1.11346e-77	5.40358e-80	2.48406e-82	1.08163e-84	4.46025e-87	1.74146e-89	6.43615e-92	2.25831e-94	
3.99132e-17	9.30361e-16	2.04654e-14	4.07788e-13	7.32669e-12	1.18101e-10	1.69831e-09	2.16495e-08	2.42901e-07	2.37918e-06	2.01562e-05	0.00014614	0.000895858	0.00457987	0.0192303	0.0652684	0.176519	0.377834	0.647874	0.92944	1.19146	1.43254	1.64418	1.81451	1.93987	2.02262	2.07288	2.09744	2.11063	2.11089	2.10974	2.11156	2.10459	2.08472	2.04695	1.97725	1.8705	1.71731	1.52182	1.29046	1.03635	0.762621	0.481185	0.245988	0.0995949	0.0319935	0.00825853	0.00174036	0.00030414	4.47114e-05	5.59997e-06	6.0424e-07	5.67176e-08	4.67112e-09	3.4008e-10	2.20335e-11	1.27788e-12	6.66942e-14	3.1472e-15	1.34848e-16	5.26638e-18	1.88121e-19	6.16587e-21	1.85965e-22	5.17481e-24	1.33177e-25	3.17687e-27	7.03865e-29	1.45115e-30	2.78881e-32	5.00381e-34	8.39454e-36	1.31855e-37	1.94154e-39	2.68315e-41	3.48384e-43	4.25414e-45	4.88987e-47	5.29511e-49	5.40598e-51	5.20709e-53	4.73488e-55	4.06688e-57	3.3012e-59	2.53359e-61	1.83918e-63	1.26323e-65	8.21176e-68	5.05342e-70	2.94448e-72	1.62465e-74	8.48935e-77	4.20107e-79	1.96881e-81	8.73712e-84	3.67106e-86	1.46011e-88	5.49591e-91	1.95709e-93	6.61168e-96	
4.23554e-18	1.03971e-16	2.40917e-15	5.06803e-14	9.63765e-13	1.64903e-11	2.52548e-10	3.44176e-09	4.14662e-08	4.38408e-07	4.03374e-06	3.19949e-05	0.000216452	0.00123407	0.00585171	0.022758	0.0716374	0.180825	0.366368	0.607903	0.862128	1.10028	1.31373	1.49969	1.65456	1.77634	1.86521	1.92647	1.96517	1.98593	1.99026	1.97543	1.94438	1.89275	1.81575	1.70741	1.56578	1.39158	1.18897	0.959947	0.710707	0.45909	0.245988	0.106212	0.0367176	0.0102325	0.00232749	0.000438148	6.91878e-05	9.27864e-06	1.06855e-06	1.06716e-07	9.32327e-09	7.18045e-10	4.9085e-11	2.99644e-12	1.64241e-13	8.12276e-15	3.64063e-16	1.48466e-17	5.5287e-19	1.88619e-20	5.91302e-22	1.70798e-23	4.55712e-25	1.12572e-26	2.57998e-28	5.49659e-30	1.09053e-31	2.0182e-33	3.4893e-35	5.64374e-37	8.55096e-39	1.21507e-40	1.62109e-42	2.0327e-44	2.39777e-46	2.66306e-48	2.787e-50	2.75033e-52	2.561e-54	2.25147e-56	1.86975e-58	1.46745e-60	1.08891e-62	7.64216e-65	5.07426e-67	3.18836e-69	1.89621e-71	1.06756e-73	5.6901e-76	2.87137e-78	1.3718e-80	6.20431e-83	2.65607e-85	1.07609e-87	4.12486e-90	1.49551e-92	5.12649e-95	1.66586e-97	
3.90115e-19	1.00726e-17	2.45557e-16	5.4459e-15	1.09436e-13	1.98391e-12	3.22889e-11	4.69255e-10	6.05306e-09	6.8838e-08	6.84996e-07	5.91393e-06	4.38808e-05	0.000276891	0.00146886	0.00647187	0.0234069	0.0688417	0.164123	0.319889	0.522393	0.742042	0.953234	1.14266	1.30555	1.44037	1.54592	1.62339	1.67341	1.7014	1.70654	1.68733	1.64627	1.58043	1.48595	1.36307	1.21107	1.03207	0.828613	0.610073	0.397058	0.219245	0.0995949	0.0367176	0.010988	0.0026903	0.000544974	9.24382e-05	1.32824e-05	1.63426e-06	1.73868e-07	1.6135e-08	1.31634e-09	9.50715e-11	6.11687e-12	3.52565e-13	1.82966e-14	8.5881e-16	3.66105e-17	1.42271e-18	5.05711e-20	1.64933e-21	4.94953e-23	1.37023e-24	3.50773e-26	8.32178e-28	1.8333e-29	3.75739e-31	7.17649e-33	1.27938e-34	2.13195e-36	3.32531e-38	4.86072e-40	6.66623e-42	8.58676e-44	1.03985e-45	1.18491e-47	1.27155e-49	1.28598e-51	1.22656e-53	1.10397e-55	9.38166e-58	7.53131e-60	5.71371e-62	4.09812e-64	2.77978e-66	1.78366e-68	1.08287e-70	6.22127e-73	3.38268e-75	1.74078e-77	8.47869e-80	3.90828e-82	1.70477e-84	7.0354e-87	2.74634e-89	1.01375e-91	3.53717e-94	1.16611e-96	3.64114e-99	
3.14209e-20	8.52264e-19	2.18309e-17	5.09678e-16	1.08047e-14	2.07132e-13	3.57463e-12	5.52574e-11	7.60868e-10	9.27471e-09	9.93966e-08	9.29377e-07	7.51732e-06	5.21089e-05	0.000306426	0.00151243	0.00620044	0.0209281	0.0578833	0.131591	0.24943	0.404364	0.578389	0.752209	0.912042	1.0503	1.16315	1.24886	1.30666	1.33746	1.3424	1.32219	1.27532	1.20082	1.09861	0.97025	0.818348	0.648929	0.472882	0.307843	0.173348	0.0820018	0.0319935	0.0102325	0.0026903	0.000586002	0.000106805	1.64595e-05	2.16667e-06	2.45947e-07	2.42845e-08	2.10221e-09	1.60679e-10	1.09132e-11	6.62459e-13	3.61268e-14	1.7783e-15	7.93468e-17	3.22167e-18	1.1945e-19	4.05731e-21	1.26622e-22	3.64054e-24	9.66668e-26	2.3759e-27	5.41656e-29	1.14762e-30	2.26369e-32	4.16384e-34	7.1529e-36	1.14918e-37	1.72889e-39	2.43857e-41	3.22825e-43	4.01514e-45	4.69609e-47	5.16943e-49	5.35987e-51	5.23817e-53	4.82829e-55	4.19998e-57	3.44956e-59	2.67633e-61	1.96222e-63	1.35998e-65	8.91297e-68	5.52475e-70	3.23952e-72	1.79712e-74	9.43256e-77	4.68428e-79	2.20088e-81	9.78233e-84	4.11254e-86	1.63494e-88	6.14453e-91	2.18231e-93	7.32148e-96	2.31908e-98	6.95085e-101	
2.22834e-21	6.34166e-20	1.70462e-18	4.18331e-17	9.33993e-16	1.88984e-14	3.45081e-13	5.65976e-12	8.29489e-11	1.08012e-09	1.24172e-08	1.25146e-07	1.09722e-06	8.298e-06	5.36401e-05	0.000293561	0.00134741	0.00514404	0.0162476	0.042466	0.0926204	0.171546	0.276346	0.397237	0.521847	0.639217	0.741363	0.822929	0.880645	0.912278	0.91747	0.896457	0.849048	0.776661	0.682257	0.570152	0.447283	0.323422	0.210713	0.120572	0.0590479	0.0242489	0.00825853	0.00232749	0.000544974	0.000106805	1.7677e-05	2.49385e-06	3.02622e-07	3.18561e-08	2.9319e-09	2.37617e-10	1.70686e-11	1.09313e-12	6.27495e-14	3.24429e-15	1.51742e-16	6.44619e-18	2.49628e-19	8.84138e-21	2.87278e-22	8.58719e-24	2.36742e-25	6.03384e-27	1.42478e-28	3.1232e-30	6.36723e-32	1.2093e-33	2.14302e-35	3.54862e-37	5.49808e-39	7.9802e-41	1.08633e-42	1.38837e-44	1.66749e-46	1.88373e-48	2.00317e-50	2.00671e-52	1.89497e-54	1.68786e-56	1.41878e-58	1.12603e-60	8.44149e-63	5.9797e-65	4.0037e-67	2.53439e-69	1.51704e-71	8.58794e-74	4.59819e-76	2.32862e-78	1.11535e-80	5.05219e-83	2.16392e-85	8.76195e-88	3.35303e-90	1.21227e-92	4.13908e-95	1.33394e-97	4.05555e-100	1.16553e-102	
1.40031e-22	4.17626e-21	1.1765e-19	3.03068e-18	7.11502e-17	1.51676e-15	2.92434e-14	5.07689e-13	7.89808e-12	1.09516e-10	1.34559e-09	1.45546e-08	1.37609e-07	1.12846e-06	7.9596e-06	4.78719e-05	0.000243379	0.00103775	0.00369006	0.0109251	0.0270578	0.0567404	0.102607	0.163445	0.234245	0.307904	0.377175	0.435834	0.479171	0.50382	0.50799	0.49138	0.455193	0.402154	0.336461	0.26371	0.190865	0.125255	0.0729991	0.0369616	0.0159344	0.00576637	0.00174036	0.000438148	9.24382e-05	1.64595e-05	2.49385e-06	3.24241e-07	3.64731e-08	3.57717e-09	3.08093e-10	2.34562e-11	1.58809e-12	9.61421e-14	5.23041e-15	2.56869e-16	1.1435e-17	4.63179e-19	1.71296e-20	5.80225e-22	1.80533e-23	5.17343e-25	1.36874e-26	3.35089e-28	7.60665e-30	1.60416e-31	3.14838e-33	5.75993e-35	9.8376e-37	1.57074e-38	2.34755e-40	3.28802e-42	4.32048e-44	5.33142e-46	6.1839e-48	6.74768e-50	6.9319e-52	6.70896e-54	6.1212e-56	5.26793e-58	4.27841e-60	3.28061e-62	2.37586e-64	1.62562e-66	1.05116e-68	6.42474e-71	3.71233e-73	2.02807e-75	1.04757e-77	5.11602e-80	2.36211e-82	1.03092e-84	4.25221e-87	1.65713e-89	6.09964e-92	2.11971e-94	6.95131e-97	2.14994e-99	6.2672e-102	1.72506e-104	
7.84214e-24	2.4482e-22	7.21965e-21	1.94957e-19	4.80543e-18	1.07745e-16	2.18918e-15	4.0141e-14	6.61196e-13	9.73483e-12	1.27404e-10	1.47322e-09	1.49518e-08	1.32232e-07	1.0112e-06	6.63255e-06	3.70113e-05	0.000174387	0.000689671	0.00228291	0.00633799	0.0148797	0.0299553	0.0526215	0.0821505	0.115981	0.150369	0.181262	0.205031	0.218927	0.221307	0.21187	0.191758	0.163309	0.129833	0.0952885	0.0636422	0.0380296	0.0199612	0.00903536	0.00347286	0.00112257	0.00030414	6.91878e-05	1.32824e-05	2.16667e-06	3.02622e-07	3.64731e-08	3.82198e-09	3.50707e-10	2.83675e-11	2.03506e-12	1.3021e-13	7.4688e-15	3.85862e-16	1.80321e-17	7.65229e-19	2.95952e-20	1.04654e-21	3.39396e-23	1.0122e-24	2.78315e-26	7.07183e-28	1.66412e-29	3.63377e-31	7.37636e-33	1.39435e-34	2.45825e-36	4.04786e-38	6.23373e-40	8.98929e-42	1.2152e-43	1.54156e-45	1.8369e-47	2.05776e-49	2.16889e-51	2.15241e-53	2.01254e-55	1.77399e-57	1.47492e-59	1.15718e-61	8.57087e-64	5.99492e-66	3.96098e-68	2.47275e-70	1.45877e-72	8.13345e-75	4.28611e-77	2.13477e-79	1.00486e-81	4.46971e-84	1.87837e-86	7.45596e-89	2.79449e-91	9.88568e-94	3.2992e-96	1.03817e-98	3.07826e-101	8.59411e-104	2.26288e-106	
3.93441e-25	1.28432e-23	3.96026e-22	1.11964e-20	2.89349e-19	6.8127e-18	1.45615e-16	2.81431e-15	4.89702e-14	7.63531e-13	1.06119e-11	1.30722e-10	1.41837e-09	1.34641e-08	1.11008e-07	7.88878e-07	4.79491e-06	2.47439e-05	0.000107743	0.000394374	0.00121358	0.00315606	0.00700943	0.0134847	0.022825	0.0345218	0.0473192	0.0594894	0.0692318	0.0750613	0.0760663	0.0720851	0.063746	0.0523339	0.0395614	0.0272372	0.016848	0.00922136	0.004395	0.0017967	0.000622759	0.000181879	4.47114e-05	9.27864e-06	1.63426e-06	2.45947e-07	3.18561e-08	3.57717e-09	3.50707e-10	3.02202e-11	2.30302e-12	1.56111e-13	9.4623e-15	5.15335e-16	2.53301e-17	1.12823e-18	4.57081e-20	1.69004e-21	5.72099e-23	1.77812e-24	5.08758e-26	1.34332e-27	3.28048e-29	7.42474e-31	1.5604e-32	3.05046e-34	5.55615e-36	9.44301e-38	1.4996e-39	2.22804e-41	3.1007e-43	4.04629e-45	4.95617e-47	5.70321e-49	6.17078e-51	6.28253e-53	6.02282e-55	5.44008e-57	4.63221e-59	3.72015e-61	2.81906e-63	2.01642e-65	1.36182e-67	8.68618e-70	5.23344e-72	2.97886e-74	1.60195e-76	8.13927e-79	3.90696e-81	1.77157e-83	7.58691e-86	3.06799e-88	1.17109e-90	4.21795e-93	1.43281e-95	4.58791e-98	1.3839e-100	3.92954e-103	1.04946e-105	2.63993e-108	
1.77668e-26	6.05839e-25	1.95136e-23	5.7693e-22	1.56117e-20	3.85434e-19	8.65222e-18	1.75933e-16	3.22713e-15	5.31585e-14	7.8247e-13	1.02364e-11	1.18316e-10	1.20052e-09	1.06201e-08	8.13142e-08	5.34858e-07	3.00053e-06	1.4265e-05	5.72114e-05	0.000193291	0.000551706	0.00134053	0.00280458	0.00511962	0.00826491	0.0119506	0.0156508	0.0187306	0.020616	0.0209431	0.0196484	0.0169825	0.0134509	0.00968483	0.00627317	0.00361016	0.00182117	0.000794346	0.000295958	9.34082e-05	2.48847e-05	5.59997e-06	1.06855e-06	1.73868e-07	2.42845e-08	2.9319e-09	3.08093e-10	2.83675e-11	2.30302e-12	1.65827e-13	1.06476e-14	6.12714e-16	3.17445e-17	1.48702e-18	6.32236e-20	2.4485e-21	8.66551e-23	2.811e-24	8.38104e-26	2.30253e-27	5.84244e-29	1.37215e-30	2.98874e-32	6.04854e-34	1.13925e-35	2.00022e-37	3.27826e-39	5.02225e-41	7.20064e-43	9.6728e-45	1.21868e-46	1.44144e-48	1.60195e-50	1.67412e-52	1.64637e-54	1.52457e-56	1.33014e-58	1.09396e-60	8.48499e-63	6.20896e-65	4.28788e-67	2.79536e-69	1.72066e-71	1.00017e-73	5.49056e-76	2.84662e-78	1.39379e-80	6.44431e-83	2.81317e-85	1.15919e-87	4.50734e-90	1.65322e-92	5.71728e-95	1.86321e-97	5.71847e-100	1.6517e-102	4.48597e-105	1.1446e-107	2.7469e-110	
7.25242e-28	2.581e-26	8.67533e-25	2.6794e-23	7.58286e-22	1.96045e-20	4.615e-19	9.85631e-18	1.90225e-16	3.30335e-15	5.13713e-14	7.11732e-13	8.73553e-12	9.44007e-11	8.92288e-10	7.32547e-09	5.18582e-08	3.14289e-07	1.61997e-06	7.06482e-06	2.59982e-05	8.08074e-05	0.00021325	0.000482129	0.000944301	0.00162104	0.00246649	0.00336012	0.00413274	0.00461696	0.00470169	0.00436721	0.00369079	0.0028232	0.00193992	0.00118586	0.000637779	0.000298254	0.000119885	4.10276e-05	1.1887e-05	2.91167e-06	6.0424e-07	1.06716e-07	1.6135e-08	2.10221e-09	2.37617e-10	2.34562e-11	2.03506e-12	1.56111e-13	1.06476e-14	6.49047e-16	3.55285e-17	1.75412e-18	7.84289e-20	3.18737e-21	1.18143e-22	4.00649e-24	1.24665e-25	3.56865e-27	9.42105e-29	2.29883e-30	5.1955e-32	1.08966e-33	2.12453e-35	3.85702e-37	6.52993e-39	1.03237e-40	1.52612e-42	2.11192e-44	2.73887e-46	3.33196e-48	3.8059e-50	4.08509e-52	4.12345e-54	3.91676e-56	3.5032e-58	2.95195e-60	2.34457e-62	1.75594e-64	1.2405e-66	8.26896e-69	5.20196e-71	3.089e-73	1.7316e-75	9.16379e-78	4.57815e-80	2.15901e-82	9.60962e-85	4.03596e-87	1.59901e-89	5.97397e-92	2.10372e-94	6.97912e-97	2.17988e-99	6.40586e-102	1.76963e-104	4.59145e-107	1.11769e-109	2.55514e-112	
2.68653e-29	9.96987e-28	3.49402e-26	1.12622e-24	3.32974e-23	9.0038e-22	2.21967e-20	4.97152e-19	1.00781e-17	1.84144e-16	3.01887e-15	4.41858e-14	5.74267e-13	6.58828e-12	6.62964e-11	5.81184e-10	4.40716e-09	2.87024e-08	1.59457e-07	7.51353e-07	2.9916e-06	1.00586e-05	2.86508e-05	6.96117e-05	0.000145614	0.000264878	0.000423083	0.000598698	0.00075623	0.000857337	0.000875203	0.000804938	0.000665446	0.000492127	0.000323333	0.000187087	9.44186e-05	4.11433e-05	1.53325e-05	4.85175e-06	1.29926e-06	2.94554e-07	5.67176e-08	9.32327e-09	1.31634e-09	1.60679e-10	1.70686e-11	1.58809e-12	1.3021e-13	9.4623e-15	6.12714e-16	3.55285e-17	1.85328e-18	8.73328e-20	3.73222e-21	1.45164e-22	5.1555e-24	1.67693e-25	5.0095e-27	1.3779e-28	3.49788e-30	8.21299e-32	1.7872e-33	3.61097e-35	6.78564e-37	1.18784e-38	1.93978e-40	2.95908e-42	4.22184e-44	5.64001e-46	7.06223e-48	8.29657e-50	9.15222e-52	9.48784e-54	9.24975e-56	8.48579e-58	7.32995e-60	5.96451e-62	4.57407e-64	3.3071e-66	2.25497e-68	1.45041e-70	8.80194e-73	5.04029e-75	2.72363e-77	1.38884e-79	6.68253e-82	3.03356e-84	1.29897e-86	5.2452e-89	1.99658e-91	7.16121e-94	2.41902e-96	7.691e-99	2.29993e-101	6.4638e-104	1.70571e-106	4.22198e-109	9.7907e-112	2.12864e-114	
9.06297e-31	3.50453e-29	1.27955e-27	4.3004e-26	1.32696e-24	3.74874e-23	9.66619e-22	2.26732e-20	4.82022e-19	9.25072e-18	1.59564e-16	2.46182e-15	3.37959e-14	4.10462e-13	4.38324e-12	4.08837e-11	3.30749e-10	2.30428e-09	1.37289e-08	6.95186e-08	2.97804e-07	1.07709e-06	3.29372e-06	8.55892e-06	1.90435e-05	3.6591e-05	6.12194e-05	8.98637e-05	0.000116488	0.000133982	0.000137105	0.000124875	0.000101036	7.23163e-05	4.55103e-05	2.49931e-05	1.18795e-05	4.84532e-06	1.68279e-06	4.95152e-07	1.23264e-07	2.6009e-08	4.67112e-09	7.18045e-10	9.50715e-11	1.09132e-11	1.09313e-12	9.61421e-14	7.4688e-15	5.15335e-16	3.17445e-17	1.75412e-18	8.73328e-20	3.93352e-21	1.60877e-22	5.99525e-24	2.04218e-25	6.37704e-27	1.83039e-28	4.84108e-30	1.1825e-31	2.67319e-33	5.60363e-35	1.09118e-36	1.97707e-38	3.33816e-40	5.25968e-42	7.7435e-44	1.06648e-45	1.37557e-47	1.66323e-49	1.88696e-51	2.01033e-53	2.01277e-55	1.89511e-57	1.67899e-59	1.40046e-61	1.10026e-63	8.14522e-66	5.68373e-68	3.73943e-70	2.32011e-72	1.35769e-74	7.49412e-77	3.90185e-79	1.91615e-81	8.87449e-84	3.87553e-86	1.59543e-88	6.18924e-91	2.26167e-93	7.78096e-96	2.51881e-98	7.66685e-101	2.19257e-103	5.88593e-106	1.48168e-108	3.49353e-111	7.70512e-114	1.59033e-116	
2.79329e-32	1.12469e-30	4.27503e-29	1.49691e-27	4.81631e-26	1.42008e-24	3.8256e-23	9.38571e-22	2.08965e-20	4.20565e-19	7.61901e-18	1.23666e-16	1.78925e-15	2.29483e-14	2.59336e-13	2.56557e-12	2.20654e-11	1.63807e-10	1.04219e-09	5.64522e-09	2.5894e-08	1.00258e-07	3.27645e-07	9.06807e-07	2.13846e-06	4.32799e-06	7.56953e-06	1.15114e-05	1.53023e-05	1.78505e-05	1.83101e-05	1.65187e-05	1.30874e-05	9.07488e-06	5.47918e-06	2.86285e-06	1.28573e-06	4.92786e-07	1.60217e-07	4.40487e-08	1.02437e-08	2.02125e-09	3.4008e-10	4.9085e-11	6.11687e-12	6.62459e-13	6.27495e-14	5.23041e-15	3.85862e-16	2.53301e-17	1.48702e-18	7.84289e-20	3.73222e-21	1.60877e-22	6.30413e-24	2.25323e-25	7.36823e-27	2.21066e-28	6.10112e-30	1.55261e-31	3.65124e-33	7.95103e-35	1.60629e-36	3.01575e-38	5.27018e-40	8.58524e-42	1.30546e-43	1.85523e-45	2.46688e-47	3.07235e-49	3.5874e-51	3.93052e-53	4.04414e-55	3.91034e-57	3.55542e-59	3.04159e-61	2.44939e-63	1.85758e-65	1.32717e-67	8.9355e-70	5.67056e-72	3.39248e-74	1.91354e-76	1.01765e-78	5.1025e-81	2.41185e-83	1.07454e-85	4.51119e-88	1.78409e-90	6.64394e-93	2.32865e-95	7.67714e-98	2.37914e-100	6.92511e-103	1.89161e-105	4.84388e-108	1.16148e-110	2.60447e-113	5.45355e-116	1.06649e-118	
7.88864e-34	3.30527e-32	1.30709e-30	4.76481e-29	1.59726e-27	4.91075e-26	1.38073e-24	3.53909e-23	8.24138e-22	1.73698e-20	3.29975e-19	5.62461e-18	8.55997e-17	1.15681e-15	1.38005e-14	1.44406e-13	1.31632e-12	1.03776e-11	7.02464e-11	4.05425e-10	1.98304e-09	8.18579e-09	2.84758e-08	8.36368e-08	2.08393e-07	4.43137e-07	8.08735e-07	1.27268e-06	1.73369e-06	2.0503e-06	2.10796e-06	1.88423e-06	1.46264e-06	9.83454e-07	5.70508e-07	2.84225e-07	1.20956e-07	4.37134e-08	1.33565e-08	3.44539e-09	7.51634e-10	1.39253e-10	2.20335e-11	2.99644e-12	3.52565e-13	3.61268e-14	3.24429e-15	2.56869e-16	1.80321e-17	1.12823e-18	6.32236e-20	3.18737e-21	1.45164e-22	5.99525e-24	2.25323e-25	7.7313e-27	2.42907e-28	7.00734e-30	1.86075e-31	4.55881e-33	1.03269e-34	2.16723e-36	4.22123e-38	7.64366e-40	1.28873e-41	2.02598e-43	2.97365e-45	4.07987e-47	5.23817e-49	6.29979e-51	7.10368e-53	7.51643e-55	7.46854e-57	6.97346e-59	6.1222e-61	5.0564e-63	3.9305e-65	2.8767e-67	1.98299e-69	1.28776e-71	7.87985e-74	4.54382e-76	2.46926e-78	1.26459e-80	6.10279e-83	2.77484e-85	1.18844e-87	4.79304e-90	1.81958e-92	6.49906e-95	2.18274e-97	6.88876e-100	2.04141e-102	5.67529e-105	1.47869e-107	3.60663e-110	8.2243e-113	1.75079e-115	3.47367e-118	6.42239e-121	
2.04686e-35	8.91942e-34	3.66748e-32	1.39094e-30	4.8543e-29	1.55493e-27	4.55875e-26	1.21954e-24	2.96693e-23	6.54007e-22	1.30099e-20	2.32518e-19	3.7156e-18	5.28054e-17	6.6356e-16	7.32634e-15	7.05898e-14	5.89265e-13	4.23019e-12	2.59247e-11	1.34739e-10	5.90856e-10	2.18041e-09	6.77485e-09	1.77864e-08	3.96502e-08	7.53866e-08	1.2263e-07	1.71064e-07	2.05005e-07	2.11242e-07	1.87146e-07	1.42422e-07	9.29369e-08	5.18683e-08	2.4687e-08	9.9803e-09	3.41131e-09	9.82885e-10	2.3874e-10	4.90356e-11	8.55986e-12	1.27788e-12	1.64241e-13	1.82966e-14	1.7783e-15	1.51742e-16	1.1435e-17	7.65229e-19	4.57081e-20	2.4485e-21	1.18143e-22	5.1555e-24	2.04218e-25	7.36823e-27	2.42907e-28	7.33802e-30	2.03674e-31	5.20684e-33	1.22878e-34	2.68248e-36	5.42743e-38	1.01956e-39	1.78113e-41	2.89796e-43	4.39745e-45	6.23114e-47	8.25458e-49	1.02339e-50	1.18858e-52	1.29429e-54	1.32251e-56	1.26892e-58	1.14398e-60	9.69596e-63	7.72971e-65	5.7985e-67	4.09449e-69	2.7223e-71	1.70456e-73	1.0053e-75	5.58488e-78	2.9226e-80	1.44056e-82	6.68717e-85	2.92285e-87	1.20253e-89	4.65534e-92	1.695e-94	5.80108e-97	1.86505e-99	5.62837e-102	1.59298e-104	4.22413e-107	1.04827e-109	2.43144e-112	5.26348e-115	1.06167e-117	1.9916e-120	3.47298e-123	
4.89146e-37	2.21569e-35	9.46773e-34	3.73355e-32	1.35563e-30	4.52078e-29	1.38088e-27	3.85185e-26	9.77988e-25	2.25211e-23	4.68519e-22	8.76735e-21	1.46875e-19	2.19126e-18	2.89481e-17	3.3652e-16	3.41915e-15	3.01436e-14	2.28849e-13	1.48482e-12	8.17465e-12	3.79635e-11	1.4817e-10	4.85693e-10	1.34029e-09	3.12603e-09	6.1828e-09	1.0386e-08	1.48259e-08	1.79959e-08	1.85832e-08	1.63233e-08	1.21862e-08	7.7235e-09	4.15196e-09	1.89124e-09	7.27966e-10	2.35957e-10	6.42992e-11	1.47526e-11	2.86179e-12	4.72142e-13	6.66942e-14	8.12276e-15	8.5881e-16	7.93468e-17	6.44619e-18	4.63179e-19	2.95952e-20	1.69004e-21	8.66551e-23	4.00649e-24	1.67693e-25	6.37704e-27	2.21066e-28	7.00734e-30	2.03674e-31	5.44245e-33	1.34019e-34	3.04792e-36	6.41484e-38	1.25176e-39	2.26857e-41	3.82443e-43	6.00607e-45	8.79838e-47	1.20374e-48	1.53981e-50	1.8435e-52	2.0676e-54	2.17421e-56	2.14522e-58	1.98733e-60	1.72965e-62	1.41501e-64	1.0886e-66	7.87857e-69	5.36576e-71	3.4397e-73	2.07581e-75	1.17944e-77	6.30945e-80	3.17774e-82	1.50661e-84	6.72287e-87	2.82267e-89	1.1147e-91	4.13866e-94	1.44387e-96	4.73026e-99	1.45415e-101	4.19109e-104	1.13139e-106	2.85743e-109	6.74318e-112	1.48475e-114	3.0453e-117	5.80753e-120	1.02761e-122	1.68563e-125	
1.07899e-38	5.07832e-37	2.25401e-35	9.23715e-34	3.48733e-32	1.20993e-30	3.84755e-29	1.11814e-27	2.96011e-26	7.11367e-25	1.54589e-23	3.02497e-22	5.30505e-21	8.2957e-20	1.15015e-18	1.40507e-17	1.50227e-16	1.39553e-15	1.11771e-14	7.65757e-14	4.45371e-13	2.18446e-12	8.99357e-12	3.1025e-11	8.97968e-11	2.18735e-10	4.49449e-10	7.7895e-10	1.1371e-09	1.39727e-09	1.44581e-09	1.25967e-09	9.23108e-10	5.68651e-10	2.9477e-10	1.28704e-10	4.72624e-11	1.45615e-11	3.76277e-12	8.17717e-13	1.50229e-13	2.34869e-14	3.1472e-15	3.64063e-16	3.66105e-17	3.22167e-18	2.49628e-19	1.71296e-20	1.04654e-21	5.72099e-23	2.811e-24	1.24665e-25	5.0095e-27	1.83039e-28	6.10112e-30	1.86075e-31	5.20684e-33	1.34019e-34	3.18034e-36	6.97314e-38	1.41542e-39	2.66459e-41	4.66001e-43	7.58266e-45	1.14959e-46	1.62598e-48	2.14805e-50	2.65339e-52	3.06767e-54	3.32242e-56	3.37353e-58	3.21373e-60	2.87412e-62	2.41442e-64	1.90609e-66	1.41472e-68	9.87511e-71	6.48443e-73	4.00629e-75	2.32919e-77	1.27433e-79	6.56087e-82	3.17833e-84	1.44849e-86	6.20871e-89	2.50211e-91	9.47637e-94	3.37119e-96	1.12579e-98	3.52654e-101	1.03535e-103	2.84612e-106	7.31751e-109	1.75739e-111	3.93683e-114	8.2128e-117	1.59259e-119	2.86468e-122	4.76848e-125	7.33591e-128	
2.20151e-40	1.07616e-38	4.95945e-37	2.11113e-35	8.28271e-34	2.98794e-32	9.88515e-31	2.99064e-29	8.24816e-28	2.06664e-26	4.68648e-25	9.57833e-24	1.7563e-22	2.87453e-21	4.17607e-20	5.35211e-19	6.01048e-18	5.87136e-17	4.95013e-16	3.57285e-15	2.19e-14	1.13175e-13	4.90365e-13	1.77639e-12	5.38225e-12	1.36706e-11	2.91473e-11	5.20752e-11	7.76886e-11	9.6591e-11	1.0014e-10	8.65733e-11	6.23147e-11	3.73352e-11	1.86803e-11	7.82939e-12	2.74785e-12	8.06431e-13	1.98062e-13	4.0868e-14	7.12802e-15	1.05852e-15	1.34848e-16	1.48466e-17	1.42271e-18	1.1945e-19	8.84138e-21	5.80225e-22	3.39396e-23	1.77812e-24	8.38104e-26	3.56865e-27	1.3779e-28	4.84108e-30	1.55261e-31	4.55881e-33	1.22878e-34	3.04792e-36	6.97314e-38	1.47454e-39	2.88748e-41	5.2455e-43	8.85445e-45	1.39088e-46	2.03595e-48	2.78055e-50	3.54714e-52	4.23118e-54	4.72374e-56	4.93995e-58	4.84285e-60	4.45365e-62	3.84438e-64	3.11642e-66	2.37355e-68	1.69907e-70	1.14346e-72	7.23642e-75	4.30708e-77	2.41118e-79	1.26958e-81	6.287e-84	2.92757e-86	1.28159e-88	5.2726e-91	2.03778e-93	7.39481e-96	2.51806e-98	8.04018e-101	2.40526e-103	6.73506e-106	1.76329e-108	4.31088e-111	9.82766e-114	2.08581e-116	4.11382e-119	7.52418e-122	1.27318e-124	1.98777e-127	2.85841e-130	
4.16248e-42	2.11262e-40	1.0105e-38	4.46615e-37	1.82006e-35	6.82312e-34	2.34702e-32	7.38708e-31	2.12088e-29	5.53582e-28	1.30874e-26	2.79092e-25	5.34438e-24	9.14377e-23	1.39003e-21	1.8661e-20	2.19751e-19	2.25328e-18	1.99592e-17	1.51456e-16	9.76334e-16	5.3047e-15	2.41388e-14	9.16511e-14	2.90196e-13	7.67465e-13	1.69606e-12	3.12136e-12	4.75592e-12	5.97982e-12	6.21092e-12	5.33004e-12	3.77068e-12	2.19859e-12	1.06276e-12	4.28129e-13	1.43842e-13	4.02863e-14	9.4237e-15	1.85022e-15	3.07027e-16	4.33974e-17	5.26638e-18	5.5287e-19	5.05711e-20	4.05731e-21	2.87278e-22	1.80533e-23	1.0122e-24	5.08758e-26	2.30253e-27	9.42105e-29	3.49788e-30	1.1825e-31	3.65124e-33	1.03269e-34	2.68248e-36	6.41484e-38	1.41542e-39	2.88748e-41	5.45638e-43	9.56727e-45	1.55903e-46	2.36447e-48	3.34196e-50	4.40737e-52	5.42937e-54	6.2538e-56	6.74148e-58	6.80668e-60	6.44167e-62	5.71771e-64	4.76265e-66	3.72465e-68	2.73594e-70	1.88822e-72	1.2247e-74	7.46648e-77	4.27909e-79	2.3054e-81	1.16755e-83	5.55747e-86	2.48575e-88	1.04444e-90	4.12081e-93	1.52595e-95	5.3003e-98	1.72567e-100	5.26206e-103	1.50136e-105	4.00379e-108	9.96733e-111	2.31309e-113	4.99592e-116	1.00244e-118	1.86476e-121	3.20837e-124	5.09189e-127	7.43144e-130	9.95089e-133	
7.30564e-44	3.84866e-42	1.91007e-40	8.762e-39	3.70739e-37	1.44362e-35	5.16029e-34	1.68865e-32	5.04358e-31	1.37035e-29	3.37464e-28	7.50186e-27	1.4987e-25	2.67736e-24	4.25366e-23	5.97357e-22	7.36541e-21	7.91478e-20	7.35306e-19	5.85561e-18	3.96229e-17	2.25914e-16	1.07767e-15	4.28115e-15	1.4144e-14	3.88967e-14	8.90095e-14	1.68617e-13	2.6224e-13	3.33276e-13	3.46755e-13	2.95504e-13	2.05589e-13	1.16725e-13	5.45553e-14	2.11489e-14	6.81207e-15	1.82382e-15	4.07076e-16	7.61955e-17	1.20526e-17	1.62453e-18	1.88121e-19	1.88619e-20	1.64933e-21	1.26622e-22	8.58719e-24	5.17343e-25	2.78315e-26	1.34332e-27	5.84244e-29	2.29883e-30	8.21299e-32	2.67319e-33	7.95103e-35	2.16723e-36	5.42743e-38	1.25176e-39	2.66459e-41	5.2455e-43	9.56727e-45	1.61943e-46	2.54788e-48	3.73118e-50	5.09243e-52	6.48519e-54	7.71439e-56	8.57982e-58	8.92955e-60	8.70343e-62	7.94985e-64	6.80918e-66	5.47172e-68	4.127e-70	2.92269e-72	1.94398e-74	1.21464e-76	7.13025e-79	3.93263e-81	2.03784e-83	9.92001e-86	4.5355e-88	1.94709e-90	7.84561e-93	2.96582e-95	1.05121e-97	3.49108e-100	1.08545e-102	3.1567e-105	8.57756e-108	2.17505e-110	5.13973e-113	1.13002e-115	2.30739e-118	4.36666e-121	7.64107e-124	1.23303e-126	1.82927e-129	2.48621e-132	3.08652e-135	
1.19212e-45	6.51699e-44	3.355e-42	1.59686e-40	7.01267e-39	2.83513e-37	1.05262e-35	3.5794e-34	1.11148e-32	3.14142e-31	8.05225e-30	1.86441e-28	3.88221e-27	7.2343e-26	1.19984e-24	1.76045e-23	2.26974e-22	2.55241e-21	2.48321e-20	2.07191e-19	1.46919e-18	8.77561e-18	4.38115e-17	1.81822e-16	6.25909e-16	1.78777e-15	4.23234e-15	8.24755e-15	1.30853e-14	1.68005e-14	1.75086e-14	1.48224e-14	1.01476e-14	5.61285e-15	2.53847e-15	9.47982e-16	2.9312e-16	7.51344e-17	1.60281e-17	2.86504e-18	4.32731e-19	5.57116e-20	6.16587e-21	5.91302e-22	4.94953e-23	3.64054e-24	2.36742e-25	1.36874e-26	7.07183e-28	3.28048e-29	1.37215e-30	5.1955e-32	1.7872e-33	5.60363e-35	1.60629e-36	4.22123e-38	1.01956e-39	2.26857e-41	4.66001e-43	8.85445e-45	1.55903e-46	2.54788e-48	3.87063e-50	5.47345e-52	7.21368e-54	8.87077e-56	1.01887e-57	1.09404e-59	1.09917e-61	1.03401e-63	9.11388e-66	7.53074e-68	5.83629e-70	4.24397e-72	2.89654e-74	1.85593e-76	1.11657e-78	6.30783e-81	3.34615e-83	1.66664e-85	7.79274e-88	3.41962e-90	1.40782e-92	5.43505e-95	1.96654e-97	6.66425e-100	2.11354e-102	6.26729e-105	1.7358e-107	4.48479e-110	1.07946e-112	2.4166e-115	5.02291e-118	9.67317e-121	1.722e-123	2.82611e-126	4.26297e-129	5.88945e-132	7.42184e-135	8.49986e-138	
1.81116e-47	1.02724e-45	5.48441e-44	2.70774e-42	1.23378e-40	5.1769e-39	1.99555e-37	7.04799e-36	2.27411e-34	6.68196e-33	1.78154e-31	4.29316e-30	9.30991e-29	1.80796e-27	3.12715e-26	4.78852e-25	6.44799e-24	7.57829e-23	7.71028e-22	6.73054e-21	4.99389e-20	3.12018e-19	1.62786e-18	7.04779e-18	2.52479e-17	7.48202e-17	1.83092e-16	3.66805e-16	5.93358e-16	7.69282e-16	8.02933e-16	6.75506e-16	4.55332e-16	2.45476e-16	1.07502e-16	3.87124e-17	1.15046e-17	2.82718e-18	5.77285e-19	9.86964e-20	1.42557e-20	1.75564e-21	1.85965e-22	1.70798e-23	1.37023e-24	9.66668e-26	6.03384e-27	3.35089e-28	1.66412e-29	7.42474e-31	2.98874e-32	1.08966e-33	3.61097e-35	1.09118e-36	3.01575e-38	7.64366e-40	1.78113e-41	3.82443e-43	7.58266e-45	1.39088e-46	2.36447e-48	3.73118e-50	5.47345e-52	7.47406e-54	9.5117e-56	1.12938e-57	1.25238e-59	1.29815e-61	1.25879e-63	1.14268e-65	9.71619e-68	7.7428e-70	5.7852e-72	4.05423e-74	2.66555e-76	1.64449e-78	9.52113e-81	5.17329e-83	2.63778e-85	1.26193e-87	5.66312e-90	2.38314e-92	9.40004e-95	3.47345e-97	1.2016e-99	3.8886e-102	1.17616e-104	3.32145e-107	8.74691e-110	2.14512e-112	4.89144e-115	1.03522e-117	2.02936e-120	3.67623e-123	6.13781e-126	9.41601e-129	1.32264e-131	1.69425e-134	1.96977e-137	2.06896e-140	
2.5653e-49	1.5093e-47	8.35537e-46	4.27807e-44	2.02197e-42	8.80264e-41	3.52159e-39	1.29128e-37	4.32726e-36	1.32111e-34	3.66158e-33	9.17724e-32	2.07104e-30	4.18791e-29	7.54742e-28	1.20497e-26	1.69279e-25	2.07691e-24	2.20707e-23	2.01303e-22	1.56076e-21	1.01866e-20	5.54643e-20	2.50197e-19	9.31679e-19	2.86172e-18	7.23319e-18	1.48893e-17	2.45448e-17	3.21185e-17	3.3572e-17	2.80773e-17	1.86445e-17	9.80105e-18	4.15896e-18	1.44548e-18	4.13319e-19	9.74975e-20	1.90813e-20	3.12451e-21	4.32182e-22	5.09808e-23	5.17481e-24	4.55712e-25	3.50773e-26	2.3759e-27	1.42478e-28	7.60665e-30	3.63377e-31	1.5604e-32	6.04854e-34	2.12453e-35	6.78564e-37	1.97707e-38	5.27018e-40	1.28873e-41	2.89796e-43	6.00607e-45	1.14959e-46	2.03595e-48	3.34196e-50	5.09243e-52	7.21368e-54	9.5117e-56	1.16879e-57	1.33985e-59	1.43425e-61	1.43487e-63	1.3426e-65	1.17573e-67	9.64153e-70	7.40742e-72	5.33384e-74	3.60079e-76	2.27948e-78	1.35336e-80	7.53614e-83	3.93577e-85	1.92752e-87	8.85043e-90	3.80879e-92	1.53563e-94	5.79747e-97	2.04818e-99	6.76621e-102	2.08828e-104	6.01519e-107	1.61515e-109	4.03729e-112	9.38003e-115	2.02202e-117	4.03601e-120	7.44222e-123	1.26441e-125	1.97329e-128	2.81898e-131	3.67142e-134	4.33877e-137	4.62676e-140	4.42657e-143	
3.39142e-51	2.06963e-49	1.18783e-47	6.30616e-46	3.09094e-44	1.39578e-42	5.79345e-41	2.20464e-39	7.66995e-38	2.43187e-36	7.00284e-35	1.8244e-33	4.28166e-32	9.00881e-31	1.69028e-29	2.81107e-28	4.11607e-27	5.26643e-26	5.83887e-25	5.55791e-24	4.49743e-23	3.06249e-22	1.73815e-21	8.16011e-21	3.15531e-20	1.00365e-19	2.61838e-19	5.53526e-19	9.29418e-19	1.227e-18	1.28428e-18	1.06808e-18	6.99075e-19	3.58472e-19	1.47478e-19	4.95118e-20	1.36354e-20	3.09096e-21	5.80513e-22	9.1157e-23	1.20895e-23	1.3676e-24	1.33177e-25	1.12572e-26	8.32178e-28	5.41656e-29	3.1232e-30	1.60416e-31	7.37636e-33	3.05046e-34	1.13925e-35	3.85702e-37	1.18784e-38	3.33816e-40	8.58524e-42	2.02598e-43	4.39745e-45	8.79838e-47	1.62598e-48	2.78055e-50	4.40737e-52	6.48519e-54	8.87077e-56	1.12938e-57	1.33985e-59	1.48268e-61	1.53184e-63	1.47878e-65	1.33484e-67	1.12734e-69	8.91274e-72	6.59907e-74	4.57742e-76	2.97534e-78	1.81261e-80	1.03504e-82	5.5398e-85	2.77889e-87	1.30618e-89	5.75134e-92	2.37134e-94	9.15087e-97	3.303e-99	1.11433e-101	3.51074e-104	1.03187e-106	2.82609e-109	7.20271e-112	1.70563e-114	3.7462e-117	7.61618e-120	1.42997e-122	2.47294e-125	3.92724e-128	5.70734e-131	7.55958e-134	9.08309e-137	9.84538e-140	9.56383e-143	8.2664e-146	
