-0.158174	-0.197381	-0.270633	-0.368734	-0.469733	-0.557296	-0.618816	-0.641861	-0.600038	-0.496876	-0.34115	-0.155616	0.0371944	0.237839	0.42222	0.574201	0.665731	0.678414	0.620102	0.507708	0.370926	0.239914	0.124359	0.0424765	-0.0192485	-0.0531556	-0.076843	-0.0868548	-0.0932058	-0.0956994	-0.0951323	-0.09519	-0.0888703	-0.0826525	-0.0628277	-0.0359352	0.0161223	0.0875178	0.191728	0.316531	0.454979	0.579544	0.663561	0.679621	0.61991	0.487722	0.314932	0.116883	-0.0787022	-0.269489	-0.439754	-0.565639	-0.634083	-0.633667	-0.586444	-0.506728	-0.410116	-0.307587	-0.222617	-0.170757	-0.145877	-0.125869	-0.0919185	-0.0426373	0.0371501	0.135421	0.216341	0.268912	0.29823	0.306566	0.286622	0.243536	0.17981	0.0891999	-0.00115327	-0.072686	-0.145062	-0.216315	-0.265581	-0.290153	-0.293613	-0.277953	-0.239901	-0.174305	-0.100123	-0.0320018	0.0514952	0.146683	0.22036	0.27145	0.302429	0.304255	0.282926	0.240661	0.171103	0.0761359	-0.0145274	-0.0746441	-0.114348	-0.138894	
-0.197381	-0.206124	-0.248744	-0.326214	-0.421685	-0.511096	-0.583955	-0.62574	-0.611248	-0.533665	-0.396058	-0.224632	-0.034854	0.161771	0.35199	0.517979	0.629882	0.668146	0.630856	0.530644	0.399905	0.26238	0.142048	0.0481886	-0.0194191	-0.0611124	-0.0884487	-0.101092	-0.109623	-0.111743	-0.112733	-0.110761	-0.105161	-0.0948669	-0.0736127	-0.0389887	0.0181348	0.100858	0.211517	0.34415	0.480466	0.596873	0.661687	0.654638	0.570406	0.422709	0.239294	0.0434426	-0.150646	-0.330081	-0.485192	-0.587128	-0.627721	-0.605342	-0.54294	-0.459105	-0.363662	-0.276596	-0.218536	-0.196887	-0.204346	-0.215625	-0.208552	-0.187501	-0.139027	-0.0653243	0.00225418	0.0598679	0.117476	0.174902	0.217306	0.234834	0.226216	0.1894	0.151842	0.13185	0.105347	0.0747273	0.0635065	0.0646644	0.065489	0.063513	0.0674337	0.0925133	0.122917	0.142214	0.17291	0.213939	0.234708	0.22771	0.194597	0.141522	0.0825425	0.0254654	-0.0360506	-0.111392	-0.172815	-0.201729	-0.215072	-0.209932	
-0.270633	-0.248744	-0.257538	-0.312406	-0.393193	-0.477168	-0.552703	-0.605117	-0.608772	-0.552022	-0.432316	-0.270088	-0.0869429	0.107545	0.300314	0.475082	0.60492	0.664597	0.647201	0.56062	0.434197	0.292941	0.165221	0.059746	-0.0152873	-0.0668125	-0.0973115	-0.115514	-0.124466	-0.128692	-0.129298	-0.126638	-0.120049	-0.105818	-0.0813794	-0.0384678	0.0257546	0.119978	0.238713	0.377981	0.512635	0.619536	0.666347	0.637847	0.533899	0.373654	0.185675	-0.00975206	-0.198715	-0.371009	-0.511163	-0.593633	-0.613777	-0.577702	-0.508979	-0.42714	-0.342796	-0.274171	-0.247701	-0.259589	-0.289091	-0.325102	-0.339684	-0.330767	-0.301379	-0.249604	-0.196592	-0.137084	-0.0552752	0.040039	0.13069	0.206595	0.26506	0.299465	0.325154	0.358357	0.379309	0.387521	0.403836	0.42049	0.423929	0.411702	0.392556	0.382721	0.369202	0.337941	0.309103	0.281763	0.232892	0.162458	0.0779459	-0.0169462	-0.107697	-0.17431	-0.227445	-0.283345	-0.321388	-0.338236	-0.334795	-0.304129	
-0.368734	-0.326214	-0.312406	-0.342714	-0.405031	-0.476887	-0.547589	-0.599984	-0.612477	-0.57211	-0.462579	-0.310524	-0.129758	0.0640873	0.258034	0.442527	0.587258	0.668731	0.672435	0.601681	0.482486	0.340737	0.205603	0.0917567	0.00626276	-0.0520765	-0.089372	-0.110757	-0.122561	-0.127681	-0.128483	-0.125255	-0.116429	-0.0994598	-0.069249	-0.0199591	0.0540694	0.157138	0.284869	0.427022	0.558544	0.652083	0.680046	0.628541	0.506964	0.334397	0.142165	-0.0526515	-0.241076	-0.404874	-0.536173	-0.603025	-0.610853	-0.572069	-0.506193	-0.433508	-0.365235	-0.319462	-0.314877	-0.351227	-0.393897	-0.43362	-0.458607	-0.454031	-0.429765	-0.392784	-0.352005	-0.295088	-0.202063	-0.0792195	0.0534107	0.178717	0.297325	0.408832	0.507673	0.593034	0.654721	0.695157	0.729043	0.751341	0.754729	0.739475	0.709408	0.672732	0.620737	0.543566	0.449925	0.343401	0.226602	0.104446	-0.0254968	-0.155317	-0.262518	-0.331935	-0.3774	-0.415853	-0.445773	-0.460983	-0.446345	-0.410223	
-0.469733	-0.421685	-0.393193	-0.405031	-0.450849	-0.513403	-0.579672	-0.62819	-0.650631	-0.61843	-0.519691	-0.373746	-0.18941	0.00559536	0.208324	0.403642	0.566714	0.672603	0.700919	0.649919	0.54381	0.403175	0.26645	0.142615	0.0506816	-0.0170449	-0.0590629	-0.0851583	-0.0993771	-0.105311	-0.107205	-0.10187	-0.0927971	-0.0703945	-0.0373747	0.0214464	0.101223	0.215067	0.346383	0.490279	0.612545	0.689543	0.693665	0.61783	0.473956	0.28948	0.0855289	-0.111091	-0.304166	-0.465843	-0.586467	-0.645853	-0.641321	-0.601914	-0.540279	-0.474833	-0.419492	-0.393773	-0.406088	-0.449799	-0.495622	-0.529122	-0.547161	-0.540935	-0.520116	-0.490519	-0.452427	-0.390864	-0.289065	-0.153195	0.00602439	0.172364	0.339747	0.510263	0.668169	0.799032	0.898706	0.96948	1.01853	1.04534	1.04902	1.03168	0.992145	0.929886	0.84212	0.724403	0.575974	0.407972	0.239331	0.0725045	-0.0915652	-0.238153	-0.354957	-0.43196	-0.476788	-0.50885	-0.534068	-0.547381	-0.538108	-0.510416	
-0.557296	-0.511096	-0.477168	-0.476887	-0.513403	-0.574045	-0.636567	-0.689037	-0.71864	-0.695345	-0.610507	-0.467081	-0.283438	-0.0833683	0.127653	0.334286	0.515693	0.647252	0.700408	0.675784	0.583482	0.45268	0.314708	0.187097	0.0890039	0.0146892	-0.0312232	-0.0614303	-0.0769163	-0.0841264	-0.0861451	-0.0798491	-0.0697296	-0.0440684	-0.0071597	0.0571425	0.143968	0.261929	0.397068	0.534414	0.645568	0.700013	0.678012	0.5767	0.410447	0.212505	-9.18051e-05	-0.204838	-0.396692	-0.559899	-0.668478	-0.717116	-0.705274	-0.659945	-0.599274	-0.53661	-0.487223	-0.471998	-0.494751	-0.539713	-0.578482	-0.601759	-0.607849	-0.585855	-0.556837	-0.529939	-0.487731	-0.41367	-0.299181	-0.152766	0.0166985	0.197557	0.388079	0.59358	0.787492	0.947211	1.0799	1.18529	1.2556	1.29127	1.29643	1.27358	1.21828	1.12549	1.00301	0.855962	0.674279	0.46938	0.272291	0.0878389	-0.0871631	-0.243926	-0.372456	-0.462395	-0.516267	-0.546415	-0.573543	-0.60217	-0.607005	-0.589482	
-0.618816	-0.583955	-0.552703	-0.547589	-0.579672	-0.636567	-0.701472	-0.758323	-0.795839	-0.78834	-0.718293	-0.58623	-0.407611	-0.206719	0.00898954	0.223619	0.422214	0.575445	0.65637	0.657573	0.584004	0.466366	0.329852	0.203011	0.0984604	0.021356	-0.0296381	-0.0619553	-0.0788478	-0.087729	-0.0882931	-0.0837946	-0.0697297	-0.0451144	-0.00143733	0.0638002	0.158347	0.276699	0.412402	0.540797	0.635531	0.666726	0.617116	0.490669	0.306529	0.095262	-0.121283	-0.329777	-0.519068	-0.672413	-0.768181	-0.799878	-0.776265	-0.726209	-0.66227	-0.60024	-0.556548	-0.546786	-0.569015	-0.606118	-0.63143	-0.633968	-0.623474	-0.587711	-0.539099	-0.496413	-0.440841	-0.352624	-0.230926	-0.0859615	0.0798114	0.257654	0.444375	0.652846	0.858901	1.0336	1.18935	1.32464	1.41785	1.46549	1.47255	1.44161	1.36831	1.24731	1.09736	0.932687	0.73785	0.525452	0.330469	0.150459	-0.0219353	-0.175901	-0.306856	-0.410137	-0.477906	-0.520966	-0.568514	-0.612954	-0.631153	-0.634246	
-0.641861	-0.62574	-0.605117	-0.599984	-0.62819	-0.689037	-0.758323	-0.822699	-0.874872	-0.882437	-0.83309	-0.715568	-0.545922	-0.347564	-0.130864	0.0894106	0.299583	0.4713	0.576751	0.600879	0.548016	0.44081	0.309968	0.180696	0.0729382	-0.00974364	-0.0643927	-0.10004	-0.118571	-0.128355	-0.129203	-0.12376	-0.108888	-0.0808645	-0.0346413	0.0366745	0.134361	0.256815	0.38958	0.509798	0.587988	0.595878	0.522664	0.37422	0.175868	-0.0424522	-0.262707	-0.469193	-0.652417	-0.794497	-0.869672	-0.885191	-0.846482	-0.784929	-0.716661	-0.649902	-0.606144	-0.599961	-0.617446	-0.636685	-0.641639	-0.617492	-0.574978	-0.517448	-0.455632	-0.399215	-0.326167	-0.224599	-0.101265	0.03342	0.179741	0.338316	0.50865	0.701522	0.896648	1.068	1.23045	1.37896	1.48284	1.53665	1.54524	1.51005	1.42744	1.29314	1.13309	0.96827	0.781635	0.583139	0.404549	0.242326	0.0897802	-0.0488276	-0.176613	-0.289246	-0.373244	-0.432744	-0.492626	-0.553439	-0.602061	-0.635348	
-0.600038	-0.611248	-0.608772	-0.612477	-0.650631	-0.71864	-0.795839	-0.874872	-0.938081	-0.964332	-0.936826	-0.836374	-0.681173	-0.489636	-0.276168	-0.0557527	0.160713	0.3466	0.470251	0.517697	0.480751	0.387754	0.259208	0.130975	0.0172008	-0.0692299	-0.129693	-0.167912	-0.189313	-0.199762	-0.200986	-0.194945	-0.177867	-0.147813	-0.0959519	-0.0213911	0.0834686	0.206119	0.33921	0.4487	0.512161	0.49923	0.404495	0.24081	0.0325043	-0.188648	-0.405322	-0.609022	-0.778647	-0.905519	-0.960672	-0.953945	-0.902983	-0.828273	-0.748571	-0.675426	-0.623758	-0.60685	-0.611333	-0.606654	-0.584674	-0.537177	-0.47051	-0.390808	-0.310623	-0.24409	-0.16516	-0.0593783	0.0580449	0.177137	0.302797	0.438646	0.583851	0.747948	0.915828	1.06443	1.20884	1.34451	1.43901	1.48744	1.49543	1.46348	1.38833	1.266	1.12217	0.977656	0.81643	0.646987	0.495184	0.356483	0.225861	0.105352	-0.012337	-0.125815	-0.215809	-0.28297	-0.357587	-0.440067	-0.512508	-0.568514	
-0.496876	-0.533665	-0.552022	-0.57211	-0.61843	-0.695345	-0.78834	-0.882437	-0.964332	-1.01571	-1.01379	-0.938568	-0.803663	-0.623344	-0.418061	-0.201192	0.0193329	0.212621	0.35518	0.419523	0.401634	0.319361	0.196035	0.0670419	-0.0515043	-0.143224	-0.209079	-0.251548	-0.274985	-0.287843	-0.287861	-0.282615	-0.261589	-0.229795	-0.17164	-0.0924361	0.0178766	0.143506	0.273165	0.375097	0.421727	0.390669	0.278026	0.10051	-0.110891	-0.333305	-0.542463	-0.736221	-0.890699	-0.992343	-1.02262	-0.990198	-0.917326	-0.826267	-0.731903	-0.645327	-0.586972	-0.558242	-0.54261	-0.513758	-0.464917	-0.39254	-0.306958	-0.221884	-0.140029	-0.0657018	0.0184657	0.121492	0.229919	0.333438	0.43583	0.547385	0.666434	0.792702	0.917123	1.02526	1.12967	1.2279	1.29414	1.32681	1.33227	1.31069	1.25901	1.1714	1.06665	0.961893	0.844077	0.716088	0.594252	0.479787	0.373462	0.271812	0.16546	0.0575652	-0.0342329	-0.109637	-0.188507	-0.27267	-0.358768	-0.438449	
-0.34115	-0.396058	-0.432316	-0.462579	-0.519691	-0.610507	-0.718293	-0.83309	-0.936826	-1.01379	-1.04077	-0.99466	-0.883465	-0.720176	-0.528866	-0.318708	-0.103549	0.0946455	0.246936	0.32586	0.322556	0.249357	0.130362	-0.000797055	-0.124617	-0.22253	-0.295303	-0.341585	-0.369576	-0.382668	-0.384569	-0.376467	-0.354554	-0.316741	-0.2545	-0.167246	-0.0519367	0.0777538	0.206126	0.30002	0.335013	0.2877	0.163537	-0.0209615	-0.231892	-0.446478	-0.646112	-0.823214	-0.956881	-1.03138	-1.03204	-0.971739	-0.877267	-0.763938	-0.652356	-0.55286	-0.481281	-0.442649	-0.413174	-0.365153	-0.301641	-0.218433	-0.120431	-0.029433	0.0498049	0.120699	0.204266	0.303608	0.399254	0.486242	0.568184	0.652389	0.737285	0.817449	0.888989	0.946408	0.999308	1.04802	1.07713	1.08952	1.09198	1.08383	1.06197	1.01997	0.967524	0.913621	0.84777	0.76954	0.686652	0.601872	0.518725	0.435115	0.343372	0.242947	0.151965	0.0781357	0.00364756	-0.0824076	-0.180037	-0.271129	
-0.155616	-0.224632	-0.270088	-0.310524	-0.373746	-0.467081	-0.58623	-0.715568	-0.836374	-0.938568	-0.99466	-0.980037	-0.89755	-0.757715	-0.583644	-0.388582	-0.181501	0.0136904	0.17134	0.260294	0.267778	0.202503	0.0857709	-0.0480119	-0.178126	-0.283519	-0.363528	-0.415458	-0.447465	-0.462612	-0.464836	-0.455492	-0.430142	-0.387685	-0.318351	-0.223973	-0.101421	0.0326446	0.160327	0.249406	0.272972	0.216386	0.083186	-0.100826	-0.305596	-0.508346	-0.690606	-0.847725	-0.954662	-0.997514	-0.968611	-0.880721	-0.76538	-0.637774	-0.5126	-0.406734	-0.333028	-0.284701	-0.245333	-0.185547	-0.108601	-0.0217203	0.07546	0.16138	0.235808	0.307295	0.386352	0.475041	0.555972	0.620577	0.672791	0.724593	0.772756	0.803309	0.819281	0.826649	0.830571	0.832697	0.828407	0.823237	0.822752	0.825984	0.831153	0.832181	0.82853	0.822584	0.810839	0.787174	0.745373	0.693378	0.642141	0.58398	0.508996	0.421432	0.337705	0.264006	0.192299	0.111894	0.0167735	-0.0751479	
0.0371944	-0.034854	-0.0869429	-0.129758	-0.18941	-0.283438	-0.407611	-0.545922	-0.681173	-0.803663	-0.883465	-0.89755	-0.841841	-0.722432	-0.567849	-0.385644	-0.189999	-3.28476e-05	0.160027	0.254386	0.271317	0.210588	0.0956968	-0.042667	-0.179781	-0.294221	-0.382381	-0.44129	-0.477838	-0.495708	-0.498231	-0.487197	-0.458115	-0.40931	-0.332681	-0.228765	-0.0988437	0.0416021	0.1698	0.255066	0.271485	0.206045	0.0705292	-0.112949	-0.307458	-0.498021	-0.664148	-0.800035	-0.883908	-0.89737	-0.842666	-0.732854	-0.601534	-0.461583	-0.331017	-0.222399	-0.150289	-0.103786	-0.0580075	0.00585804	0.086886	0.177239	0.273413	0.353001	0.415301	0.477724	0.548462	0.618404	0.67248	0.710123	0.731001	0.743806	0.750811	0.736493	0.706984	0.676235	0.644369	0.612829	0.586187	0.570486	0.568415	0.578595	0.600868	0.631445	0.663428	0.694474	0.72586	0.747665	0.747896	0.736594	0.720109	0.689475	0.642125	0.577757	0.505349	0.439361	0.379201	0.308065	0.216016	0.121628	
0.237839	0.161771	0.107545	0.0640873	0.00559536	-0.0833683	-0.206719	-0.347564	-0.489636	-0.623344	-0.720176	-0.757715	-0.722432	-0.623887	-0.484391	-0.315276	-0.130982	0.0543941	0.213822	0.31402	0.338483	0.282823	0.169986	0.027529	-0.116198	-0.239242	-0.336213	-0.401278	-0.443858	-0.463077	-0.467529	-0.453205	-0.4216	-0.36524	-0.281947	-0.168281	-0.0313547	0.11481	0.243116	0.32475	0.333551	0.26224	0.123024	-0.0554797	-0.243109	-0.419246	-0.572629	-0.689063	-0.752709	-0.743006	-0.668613	-0.545092	-0.40492	-0.261871	-0.129259	-0.0256071	0.0433764	0.0904401	0.137441	0.205348	0.286238	0.36943	0.456357	0.522791	0.56982	0.616948	0.666727	0.710577	0.732985	0.733835	0.719154	0.69902	0.673527	0.624673	0.563837	0.51202	0.46275	0.41447	0.378244	0.359324	0.356837	0.368795	0.397405	0.442789	0.492883	0.541844	0.599793	0.65675	0.690726	0.71106	0.729307	0.735901	0.721992	0.685969	0.63709	0.587697	0.54288	0.48657	0.40453	0.318852	
0.42222	0.35199	0.300314	0.258034	0.208324	0.127653	0.00898954	-0.130864	-0.276168	-0.418061	-0.528866	-0.583644	-0.567849	-0.484391	-0.357208	-0.198023	-0.020463	0.161361	0.322943	0.430215	0.463554	0.415518	0.306457	0.162074	0.0140863	-0.117325	-0.22049	-0.293139	-0.339192	-0.36183	-0.366042	-0.350421	-0.314882	-0.252743	-0.162542	-0.0409946	0.101738	0.251414	0.377727	0.453532	0.453205	0.373752	0.230432	0.0526945	-0.128477	-0.296771	-0.438098	-0.541184	-0.586425	-0.558409	-0.468029	-0.334468	-0.189096	-0.0449734	0.0834098	0.181151	0.240265	0.282939	0.32953	0.391654	0.468694	0.541107	0.608379	0.653386	0.674828	0.698011	0.721406	0.73026	0.718402	0.690342	0.647162	0.59867	0.550973	0.485572	0.412518	0.355663	0.303732	0.252465	0.217054	0.200515	0.198324	0.208575	0.235571	0.282553	0.335111	0.387439	0.455627	0.527632	0.580118	0.627145	0.674978	0.708854	0.727217	0.727837	0.708184	0.682977	0.663709	0.629932	0.569023	0.498233	
0.574201	0.517979	0.475082	0.442527	0.403642	0.334286	0.223619	0.0894106	-0.0557527	-0.201192	-0.318708	-0.388582	-0.385644	-0.315276	-0.198023	-0.0452439	0.126021	0.306218	0.470357	0.584512	0.627991	0.588204	0.48436	0.340503	0.188544	0.0519037	-0.0584087	-0.135978	-0.186827	-0.211249	-0.216222	-0.198864	-0.159981	-0.092795	0.00374722	0.131392	0.278972	0.429811	0.553091	0.621267	0.611527	0.52331	0.375637	0.198284	0.0211013	-0.139682	-0.273996	-0.363734	-0.397245	-0.353384	-0.253478	-0.114799	0.031848	0.172244	0.294244	0.380581	0.429506	0.460934	0.499419	0.55027	0.608901	0.661774	0.703413	0.718284	0.710664	0.705996	0.701504	0.681578	0.63984	0.586126	0.527145	0.468253	0.412376	0.342839	0.271127	0.221687	0.177877	0.132187	0.102782	0.0912005	0.0899516	0.0967828	0.117492	0.158748	0.204995	0.249075	0.312296	0.386326	0.446413	0.502835	0.563159	0.619321	0.666733	0.696153	0.705167	0.707622	0.716222	0.713456	0.680304	0.630747	
0.665731	0.629882	0.60492	0.587258	0.566714	0.515693	0.422214	0.299583	0.160713	0.0193329	-0.103549	-0.181501	-0.189999	-0.130982	-0.020463	0.126021	0.29328	0.473266	0.639647	0.762607	0.816176	0.78614	0.690044	0.547144	0.395226	0.25274	0.138738	0.0554242	0.00159733	-0.0248441	-0.0306044	-0.0109877	0.02958	0.102629	0.202607	0.336679	0.485601	0.637068	0.754284	0.814139	0.793169	0.696185	0.542516	0.365542	0.19	0.0353655	-0.0927168	-0.173296	-0.19395	-0.141711	-0.0335734	0.103461	0.245241	0.375931	0.482832	0.551205	0.581021	0.597162	0.618771	0.650121	0.687516	0.711235	0.72163	0.708625	0.67324	0.644187	0.616333	0.573592	0.5167	0.454302	0.389988	0.32942	0.277189	0.216433	0.155555	0.118196	0.0859241	0.0495105	0.0282524	0.0220461	0.021476	0.0246486	0.0384139	0.071068	0.106295	0.137664	0.19008	0.255	0.308232	0.364036	0.429261	0.492029	0.551246	0.601841	0.63407	0.659822	0.695823	0.72007	0.71674	0.698792	
0.678414	0.668146	0.664597	0.668731	0.672603	0.647252	0.575445	0.4713	0.3466	0.212621	0.0946455	0.0136904	-3.28476e-05	0.0543941	0.161361	0.306218	0.473266	0.654156	0.825555	0.957394	1.02126	1.00321	0.913365	0.775547	0.621747	0.477112	0.358103	0.270786	0.213971	0.185047	0.179968	0.19948	0.244326	0.319415	0.425766	0.561662	0.714262	0.862209	0.974643	1.02379	0.99209	0.884982	0.725236	0.545253	0.370521	0.216024	0.0913774	0.0147156	-0.00106914	0.0564023	0.161799	0.293281	0.423232	0.537256	0.623656	0.667502	0.672253	0.664513	0.666511	0.673237	0.685378	0.686788	0.667967	0.627821	0.573782	0.530874	0.492349	0.439961	0.376139	0.3141	0.258076	0.207424	0.164192	0.115315	0.0686086	0.0450721	0.0245912	-0.00288845	-0.0170714	-0.0188036	-0.0186436	-0.0183222	-0.0108338	0.0132124	0.0381085	0.0569614	0.0947047	0.145775	0.189618	0.236682	0.291557	0.350474	0.414817	0.473551	0.516091	0.55481	0.606118	0.654676	0.681652	0.687821	
0.620102	0.630856	0.647201	0.672435	0.700919	0.700408	0.65637	0.576751	0.470251	0.35518	0.246936	0.17134	0.160027	0.213822	0.322943	0.470357	0.639647	0.825555	1.00343	1.14535	1.22275	1.21556	1.13729	1.00315	0.852685	0.705261	0.584413	0.49349	0.43431	0.404308	0.398245	0.419885	0.465338	0.545168	0.652537	0.792783	0.942969	1.08898	1.19165	1.23027	1.18515	1.06672	0.89853	0.713824	0.53467	0.379335	0.25075	0.174868	0.158142	0.210844	0.30993	0.424376	0.536497	0.628272	0.68812	0.705112	0.685881	0.655766	0.636505	0.623927	0.613525	0.592728	0.557497	0.505503	0.442289	0.39397	0.353276	0.302337	0.245118	0.192356	0.147544	0.109041	0.077969	0.0431693	0.0101097	-0.00269504	-0.0140867	-0.0339212	-0.0424779	-0.0411626	-0.0406701	-0.042361	-0.0393429	-0.0219934	-0.00564989	0.0027148	0.027899	0.0654854	0.096278	0.130606	0.17419	0.223137	0.278907	0.334646	0.378281	0.420316	0.480157	0.539295	0.579851	0.606866	
0.507708	0.530644	0.56062	0.601681	0.649919	0.675784	0.657573	0.600879	0.517697	0.419523	0.32586	0.260294	0.254386	0.31402	0.430215	0.584512	0.762607	0.957394	1.14535	1.30261	1.39311	1.40354	1.33513	1.21124	1.06316	0.917471	0.79492	0.702278	0.64167	0.610172	0.604647	0.625976	0.674072	0.754152	0.864937	1.00322	1.15321	1.29053	1.38446	1.40747	1.34755	1.21465	1.03402	0.840268	0.652821	0.488588	0.354692	0.270577	0.249885	0.294385	0.38013	0.479576	0.570398	0.638941	0.674146	0.664601	0.62175	0.574804	0.542261	0.515742	0.496151	0.467431	0.419541	0.3617	0.302708	0.261442	0.227557	0.18323	0.13525	0.0950407	0.0649039	0.0397344	0.0188101	-0.00509783	-0.0268955	-0.0313804	-0.0364454	-0.0510123	-0.0558703	-0.0527106	-0.0520384	-0.054756	-0.0545361	-0.0422752	-0.0319712	-0.0303609	-0.0152632	0.0101925	0.0308361	0.0540529	0.0826699	0.117647	0.163578	0.211376	0.248192	0.283997	0.336955	0.397283	0.450108	0.486781	
0.370926	0.399905	0.434197	0.482486	0.54381	0.583482	0.584004	0.548016	0.480751	0.401634	0.322556	0.267778	0.271317	0.338483	0.463554	0.627991	0.816176	1.02126	1.22275	1.39311	1.50216	1.52688	1.47428	1.35888	1.21801	1.07404	0.952691	0.859035	0.798136	0.765837	0.760459	0.782098	0.830701	0.911963	1.0219	1.15983	1.30371	1.43439	1.51411	1.52278	1.44536	1.29673	1.10332	0.897442	0.70015	0.526324	0.381751	0.291387	0.261026	0.295746	0.369113	0.449683	0.523942	0.573764	0.588801	0.563212	0.508299	0.450637	0.412512	0.382034	0.355911	0.326798	0.283761	0.231679	0.179625	0.146866	0.123603	0.0906593	0.054525	0.0266319	0.00872212	-0.00636306	-0.0195058	-0.0343381	-0.0476947	-0.0475914	-0.0490571	-0.0597503	-0.0622137	-0.0582624	-0.0575554	-0.0606875	-0.0621402	-0.0532831	-0.0465624	-0.0489676	-0.0411674	-0.0245929	-0.0116959	0.0020853	0.0190838	0.042084	0.0754519	0.111798	0.138113	0.163778	0.209625	0.264193	0.310752	0.345496	
0.239914	0.26238	0.292941	0.340737	0.403175	0.45268	0.466366	0.44081	0.387754	0.319361	0.249357	0.202503	0.210588	0.282823	0.415518	0.588204	0.78614	1.00321	1.21556	1.40354	1.52688	1.57105	1.53116	1.42867	1.29391	1.15476	1.0345	0.941764	0.880345	0.848331	0.842485	0.864544	0.913108	0.99402	1.10344	1.23736	1.37689	1.49608	1.56425	1.55498	1.46144	1.29671	1.0889	0.87277	0.66398	0.48124	0.329685	0.23138	0.198481	0.225629	0.290489	0.361796	0.422596	0.460098	0.463657	0.425784	0.365284	0.309302	0.273493	0.247932	0.229125	0.204405	0.16322	0.119138	0.0820584	0.06275	0.0489265	0.0252583	-0.00033278	-0.0186844	-0.027193	-0.0336236	-0.0415402	-0.0513137	-0.0590632	-0.0559995	-0.0555341	-0.0638598	-0.0649432	-0.0607506	-0.0601605	-0.0632973	-0.0653686	-0.0587775	-0.0544564	-0.058864	-0.0554613	-0.0447927	-0.0368917	-0.029898	-0.0223928	-0.00907583	0.0145171	0.0407506	0.0576648	0.0724166	0.102726	0.14526	0.189316	0.221189	
0.124359	0.142048	0.165221	0.205603	0.26645	0.314708	0.329852	0.309968	0.259208	0.196035	0.130362	0.0857709	0.0956968	0.169986	0.306457	0.48436	0.690044	0.913365	1.13729	1.33513	1.47428	1.53116	1.50531	1.41182	1.28432	1.14819	1.03019	0.937144	0.876658	0.843463	0.838815	0.859766	0.909541	0.989418	1.09825	1.22953	1.36312	1.47484	1.52976	1.50794	1.39902	1.22171	1.00392	0.778041	0.563697	0.373738	0.217892	0.117908	0.0819889	0.107985	0.169267	0.234511	0.292537	0.32597	0.325297	0.288472	0.230083	0.177665	0.150061	0.130923	0.117567	0.10389	0.0745889	0.0403612	0.0123357	0.00240603	-0.00137109	-0.0170861	-0.0352879	-0.045153	-0.0467205	-0.0494221	-0.0549119	-0.0602445	-0.0638653	-0.0600934	-0.0590833	-0.0655634	-0.065794	-0.0618096	-0.0613121	-0.0641399	-0.0665443	-0.0617354	-0.0584517	-0.0629409	-0.0625798	-0.0567267	-0.0515525	-0.0475878	-0.0459955	-0.0404912	-0.0250354	-0.00633071	0.00179184	0.00621107	0.0274754	0.0612058	0.0935968	0.113359	
0.0424765	0.0481886	0.059746	0.0917567	0.142615	0.187097	0.203011	0.180696	0.130975	0.0670419	-0.000797055	-0.0480119	-0.042667	0.027529	0.162074	0.340503	0.547144	0.775547	1.00315	1.21124	1.35888	1.42867	1.41182	1.32745	1.20437	1.07182	0.954129	0.862036	0.800386	0.768006	0.762186	0.784376	0.833377	0.914057	1.0219	1.15102	1.2811	1.38465	1.43169	1.39715	1.27871	1.09159	0.866929	0.637893	0.419369	0.22975	0.0744877	-0.0230263	-0.0528911	-0.024489	0.0395297	0.106801	0.163722	0.197897	0.198617	0.161917	0.111065	0.0695498	0.0513514	0.0443713	0.0407422	0.0328126	0.00844167	-0.0172481	-0.0324252	-0.0333184	-0.0324401	-0.042107	-0.0544521	-0.0612647	-0.0588359	-0.0567672	-0.0607513	-0.0650109	-0.0663206	-0.0619138	-0.0607161	-0.0660775	-0.0658636	-0.062184	-0.0618559	-0.064396	-0.0666965	-0.0628737	-0.0603208	-0.0649891	-0.0663517	-0.0623026	-0.0580812	-0.0575409	-0.0606693	-0.0583537	-0.0473171	-0.035123	-0.0322316	-0.0341005	-0.0249489	-0.00265633	0.0245003	0.0394081	
-0.0192485	-0.0194191	-0.0152873	0.00626276	0.0506816	0.0890039	0.0984604	0.0729382	0.0172008	-0.0515043	-0.124617	-0.178126	-0.179781	-0.116198	0.0140863	0.188544	0.395226	0.621747	0.852685	1.06316	1.21801	1.29391	1.28432	1.20437	1.08469	0.952587	0.835421	0.74167	0.680326	0.646184	0.64168	0.662808	0.713928	0.794244	0.903477	1.03172	1.15955	1.25963	1.29938	1.25921	1.13279	0.941667	0.714445	0.484091	0.268095	0.079194	-0.0708235	-0.162635	-0.18613	-0.150487	-0.0809972	-0.00972258	0.0535911	0.0922411	0.0970256	0.0682201	0.0232999	-0.0104253	-0.0189966	-0.0195521	-0.0158642	-0.0142725	-0.0304073	-0.0498051	-0.0602677	-0.0558701	-0.0498277	-0.0572249	-0.0662624	-0.0678339	-0.0629701	-0.0613095	-0.0651615	-0.06701	-0.0663101	-0.0626044	-0.0618394	-0.0661343	-0.0655569	-0.0623174	-0.0621236	-0.0641942	-0.0663727	-0.0637181	-0.0615184	-0.0649682	-0.0671814	-0.0659838	-0.0627553	-0.0616505	-0.0659796	-0.0680136	-0.0614442	-0.0515299	-0.0522342	-0.0599302	-0.0556868	-0.0384567	-0.0190265	-0.0136629	
-0.0531556	-0.0611124	-0.0668125	-0.0520765	-0.0170449	0.0146892	0.021356	-0.00974364	-0.0692299	-0.143224	-0.22253	-0.283519	-0.294221	-0.239242	-0.117325	0.0519037	0.25274	0.477112	0.705261	0.917471	1.07404	1.15476	1.14819	1.07182	0.952587	0.821159	0.702146	0.607975	0.544559	0.510678	0.505049	0.527591	0.578799	0.66107	0.771075	0.899883	1.02756	1.12454	1.1622	1.11644	0.988274	0.794564	0.568475	0.341244	0.128306	-0.0538654	-0.19776	-0.280861	-0.294723	-0.251403	-0.175031	-0.0973306	-0.0306219	0.0128146	0.0222503	-0.00348957	-0.0392488	-0.0639411	-0.0647541	-0.0561686	-0.0478789	-0.0433124	-0.0566963	-0.0718894	-0.0748418	-0.0666761	-0.0595922	-0.063607	-0.0708818	-0.0733078	-0.0666736	-0.0619136	-0.0658691	-0.0683078	-0.0666358	-0.0628392	-0.0622412	-0.0659134	-0.0652152	-0.0623374	-0.0622555	-0.0640526	-0.0660583	-0.0638793	-0.0617622	-0.0650518	-0.068296	-0.0672362	-0.063016	-0.0638541	-0.0711429	-0.0729183	-0.0666032	-0.0601307	-0.0628986	-0.072371	-0.0747338	-0.0637917	-0.0469528	-0.0442566	
-0.076843	-0.0884487	-0.0973115	-0.089372	-0.0590629	-0.0312232	-0.0296381	-0.0643927	-0.129693	-0.209079	-0.295303	-0.363528	-0.382381	-0.336213	-0.22049	-0.0584087	0.138738	0.358103	0.584413	0.79492	0.952691	1.0345	1.03019	0.954129	0.835421	0.702146	0.582269	0.485581	0.42165	0.386088	0.381231	0.403468	0.456678	0.5399	0.652074	0.78214	0.910076	1.00723	1.04224	0.99605	0.865284	0.672991	0.448393	0.224548	0.0170068	-0.160738	-0.296799	-0.37266	-0.377987	-0.326995	-0.243497	-0.160768	-0.0873911	-0.0395044	-0.0263555	-0.0460523	-0.0784634	-0.09758	-0.0932061	-0.0813103	-0.0679885	-0.0594364	-0.0692792	-0.0813531	-0.0830731	-0.0727901	-0.0641712	-0.0689179	-0.0742753	-0.073102	-0.0664487	-0.0635773	-0.0677095	-0.0684519	-0.065717	-0.0628242	-0.0627764	-0.0657636	-0.0648304	-0.0623153	-0.0623766	-0.0637894	-0.0655549	-0.0641814	-0.0623863	-0.0644624	-0.0675527	-0.0683389	-0.0651162	-0.0644599	-0.0705186	-0.0748203	-0.0716382	-0.0649495	-0.0679831	-0.0798169	-0.0836358	-0.0747945	-0.0615805	-0.0627796	
-0.0868548	-0.101092	-0.115514	-0.110757	-0.0851583	-0.0614303	-0.0619553	-0.10004	-0.167912	-0.251548	-0.341585	-0.415458	-0.44129	-0.401278	-0.293139	-0.135978	0.0554242	0.270786	0.49349	0.702278	0.859035	0.941764	0.937144	0.862036	0.74167	0.607975	0.485581	0.38799	0.322151	0.286323	0.280925	0.303943	0.358055	0.442804	0.556856	0.688015	0.817699	0.914105	0.950106	0.902058	0.772914	0.580901	0.35985	0.139815	-0.06327	-0.234998	-0.3654	-0.434004	-0.432602	-0.375229	-0.28745	-0.199719	-0.124161	-0.0731203	-0.0569256	-0.0749665	-0.101746	-0.11662	-0.107973	-0.0921165	-0.0783822	-0.0680119	-0.0770858	-0.0885637	-0.0866434	-0.0751841	-0.0663998	-0.0690636	-0.0748986	-0.0757627	-0.0677787	-0.0625662	-0.0672165	-0.0689426	-0.0658207	-0.0628335	-0.0628464	-0.0654883	-0.0645762	-0.0623204	-0.0624109	-0.0636473	-0.065352	-0.0642074	-0.0622246	-0.0642023	-0.0682201	-0.0687193	-0.063891	-0.0644928	-0.0731239	-0.0762688	-0.0714029	-0.0665278	-0.0706032	-0.0825319	-0.0895765	-0.0827858	-0.0696688	-0.0724617	
-0.0932058	-0.109623	-0.124466	-0.122561	-0.0993771	-0.0769163	-0.0788478	-0.118571	-0.189313	-0.274985	-0.369576	-0.447465	-0.477838	-0.443858	-0.339192	-0.186827	0.00159733	0.213971	0.43431	0.64167	0.798136	0.880345	0.876658	0.800386	0.680326	0.544559	0.42165	0.322151	0.255807	0.219103	0.213793	0.23718	0.292054	0.378221	0.493215	0.626184	0.75594	0.853688	0.888445	0.841445	0.711336	0.521338	0.30158	0.084582	-0.11518	-0.283387	-0.409027	-0.473141	-0.466206	-0.405085	-0.312466	-0.222753	-0.143633	-0.090623	-0.073375	-0.088807	-0.114708	-0.126846	-0.116832	-0.0992466	-0.0827196	-0.0727594	-0.0807042	-0.0899864	-0.0880943	-0.0761383	-0.0676226	-0.0716335	-0.0757038	-0.0740462	-0.0669659	-0.0636248	-0.0682662	-0.0687644	-0.0650484	-0.062701	-0.063154	-0.0654503	-0.0643449	-0.0622645	-0.0624898	-0.0635173	-0.0649873	-0.0642913	-0.0626774	-0.0639102	-0.0673546	-0.0689168	-0.0653284	-0.0647141	-0.0713441	-0.0760213	-0.0737942	-0.0682118	-0.0713804	-0.0838174	-0.0907047	-0.0853689	-0.0741878	-0.076877	
-0.0956994	-0.111743	-0.128692	-0.127681	-0.105311	-0.0841264	-0.087729	-0.128355	-0.199762	-0.287843	-0.382668	-0.462612	-0.495708	-0.463077	-0.36183	-0.211249	-0.0248441	0.185047	0.404308	0.610172	0.765837	0.848331	0.843463	0.768006	0.646184	0.510678	0.386088	0.286323	0.219103	0.182014	0.176879	0.200033	0.256043	0.342145	0.458924	0.591682	0.723293	0.820311	0.856577	0.808737	0.680171	0.490369	0.272675	0.0570858	-0.140378	-0.306656	-0.429867	-0.49142	-0.482605	-0.418482	-0.325582	-0.233292	-0.153765	-0.0998076	-0.0809898	-0.0960269	-0.120027	-0.131336	-0.119418	-0.101689	-0.0861325	-0.0736191	-0.0815021	-0.0922995	-0.0892041	-0.0767353	-0.0675791	-0.0702862	-0.0757449	-0.0758752	-0.0676266	-0.0626624	-0.0676467	-0.0689481	-0.0652911	-0.062804	-0.0630923	-0.0652507	-0.0642587	-0.0623006	-0.0624807	-0.0634409	-0.0649802	-0.0643422	-0.0624259	-0.063676	-0.0679282	-0.0692068	-0.0641422	-0.0643087	-0.0731252	-0.0767845	-0.0724718	-0.0678283	-0.0719169	-0.0845668	-0.0929964	-0.0869111	-0.0746295	-0.0793736	
-0.0951323	-0.112733	-0.129298	-0.128483	-0.107205	-0.0861451	-0.0882931	-0.129203	-0.200986	-0.287861	-0.384569	-0.464836	-0.498231	-0.467529	-0.366042	-0.216222	-0.0306044	0.179968	0.398245	0.604647	0.760459	0.842485	0.838815	0.762186	0.64168	0.505049	0.381231	0.280925	0.213793	0.176879	0.17127	0.195195	0.250335	0.337604	0.45324	0.587286	0.717594	0.815686	0.850716	0.803535	0.674135	0.484752	0.266703	0.0517352	-0.145898	-0.311117	-0.434116	-0.49485	-0.48463	-0.421075	-0.326057	-0.23481	-0.154714	-0.100511	-0.0826074	-0.0974309	-0.121424	-0.131941	-0.120732	-0.10146	-0.0846467	-0.0752238	-0.0830395	-0.0915233	-0.0884457	-0.0763371	-0.0682474	-0.0718551	-0.0757011	-0.0744233	-0.067125	-0.0633416	-0.0682491	-0.068913	-0.0649296	-0.0626137	-0.0631958	-0.0653893	-0.0642359	-0.062226	-0.0625165	-0.0634689	-0.064836	-0.0642768	-0.0627121	-0.063803	-0.0673734	-0.0689734	-0.0651104	-0.0646637	-0.0717047	-0.0762234	-0.0738392	-0.0686837	-0.0718437	-0.0839313	-0.0916648	-0.0875609	-0.0766717	-0.0790294	
-0.09519	-0.110761	-0.126638	-0.125255	-0.10187	-0.0798491	-0.0837946	-0.12376	-0.194945	-0.282615	-0.376467	-0.455492	-0.487197	-0.453205	-0.350421	-0.198864	-0.0109877	0.19948	0.419885	0.625976	0.782098	0.864544	0.859766	0.784376	0.662808	0.527591	0.403468	0.303943	0.23718	0.200033	0.195195	0.21793	0.27403	0.359464	0.476152	0.608316	0.739769	0.83665	0.872712	0.825112	0.696037	0.506151	0.287572	0.0711071	-0.127244	-0.294997	-0.419259	-0.482363	-0.475017	-0.411862	-0.320008	-0.228429	-0.149001	-0.0956013	-0.0769549	-0.0919848	-0.117231	-0.129257	-0.117881	-0.101145	-0.0855306	-0.0725574	-0.0802247	-0.0914243	-0.0892017	-0.0767397	-0.0673286	-0.0703503	-0.0757834	-0.0754976	-0.0674476	-0.0629709	-0.0677624	-0.068765	-0.0653008	-0.0628877	-0.0630706	-0.0652864	-0.0643111	-0.0622913	-0.0624793	-0.0634722	-0.065023	-0.0643633	-0.0624549	-0.0636867	-0.0678191	-0.0692235	-0.0644232	-0.0643322	-0.0727557	-0.0766126	-0.0725828	-0.0677431	-0.0717524	-0.0846494	-0.0925898	-0.0856295	-0.0734181	-0.078615	
-0.0888703	-0.105161	-0.120049	-0.116429	-0.0927971	-0.0697296	-0.0697297	-0.108888	-0.177867	-0.261589	-0.354554	-0.430142	-0.458115	-0.4216	-0.314882	-0.159981	0.02958	0.244326	0.465338	0.674072	0.830701	0.913108	0.909541	0.833377	0.713928	0.578799	0.456678	0.358055	0.292054	0.256043	0.250335	0.27403	0.327839	0.413878	0.527586	0.660137	0.789183	0.886465	0.921532	0.873841	0.74418	0.552846	0.332277	0.113783	-0.0881979	-0.257663	-0.386167	-0.452371	-0.44778	-0.389347	-0.29836	-0.210396	-0.133436	-0.0813104	-0.0652343	-0.0823442	-0.108381	-0.121518	-0.112604	-0.0947231	-0.0791891	-0.0711422	-0.0800198	-0.0892351	-0.0867686	-0.0752564	-0.0674322	-0.0707744	-0.0750944	-0.0747167	-0.0673469	-0.0630826	-0.0678382	-0.0689864	-0.0654498	-0.0626229	-0.0629243	-0.0655995	-0.0645171	-0.0622088	-0.0624645	-0.0636471	-0.0651137	-0.0641694	-0.0625467	-0.0642084	-0.0676734	-0.0686514	-0.0647693	-0.0647081	-0.0720379	-0.0760967	-0.0728213	-0.0676747	-0.0710141	-0.0824638	-0.0895831	-0.0849469	-0.0730452	-0.0741636	
