-0.65637	-0.586075	-0.503783	-0.411915	-0.323625	-0.255897	-0.210084	-0.188339	-0.185877	-0.190214	-0.195906	-0.195813	-0.187861	-0.176191	-0.162992	-0.149814	-0.137997	-0.129398	-0.122842	-0.119158	-0.117231	-0.116363	-0.116684	-0.116935	-0.117573	-0.118162	-0.118412	-0.118952	-0.118912	-0.119186	-0.119081	-0.119019	-0.118871	-0.118532	-0.118151	-0.117718	-0.117017	-0.116755	-0.116414	-0.116772	-0.118517	-0.121069	-0.126464	-0.134358	-0.144072	-0.157524	-0.171325	-0.183932	-0.193238	-0.196459	-0.192913	-0.187577	-0.186181	-0.198612	-0.234474	-0.293471	-0.374929	-0.467773	-0.55425	-0.630782	-0.683756	-0.686579	-0.638289	-0.548911	-0.409416	-0.219535	-0.00407571	0.219412	0.448689	0.668218	0.84743	0.96955	1.03873	1.05789	1.01679	0.907474	0.744026	0.563126	0.408152	0.313215	0.296699	0.36158	0.495839	0.671412	0.847121	0.981235	1.04944	1.05255	1.00291	0.903193	0.746525	0.539622	0.310812	0.0843571	-0.135222	-0.338622	-0.499638	-0.60727	-0.672525	-0.691978	
-0.586075	-0.501177	-0.406029	-0.311253	-0.243969	-0.204838	-0.188245	-0.191426	-0.196817	-0.197541	-0.19148	-0.176814	-0.161504	-0.147283	-0.135958	-0.127622	-0.123021	-0.121281	-0.120835	-0.121847	-0.12215	-0.123008	-0.122945	-0.122591	-0.122295	-0.121277	-0.120815	-0.120042	-0.119517	-0.119435	-0.119048	-0.119707	-0.119534	-0.120805	-0.120729	-0.122193	-0.12212	-0.122905	-0.122812	-0.122385	-0.12181	-0.121561	-0.120542	-0.122761	-0.125391	-0.131538	-0.141972	-0.15578	-0.170997	-0.185807	-0.195852	-0.197836	-0.194382	-0.188482	-0.195457	-0.225158	-0.280316	-0.366442	-0.464297	-0.552964	-0.632708	-0.684786	-0.682961	-0.631092	-0.533429	-0.379552	-0.179143	0.0416391	0.272342	0.507595	0.722411	0.887486	0.995146	1.0515	1.05342	0.989101	0.859861	0.693853	0.537569	0.436207	0.418173	0.488416	0.62754	0.795687	0.944421	1.03616	1.0593	1.02343	0.937095	0.795705	0.598221	0.366825	0.132453	-0.0924641	-0.303436	-0.478588	-0.597881	-0.667523	-0.691197	-0.658816	
-0.503783	-0.406029	-0.306664	-0.238104	-0.204933	-0.190129	-0.193776	-0.199591	-0.194745	-0.184714	-0.166799	-0.15022	-0.138189	-0.129181	-0.125571	-0.123518	-0.124704	-0.124971	-0.125435	-0.124169	-0.122756	-0.120515	-0.117705	-0.115476	-0.112925	-0.110708	-0.10939	-0.107482	-0.107178	-0.106195	-0.106389	-0.106714	-0.107248	-0.108798	-0.109992	-0.112228	-0.114475	-0.116847	-0.119502	-0.122062	-0.12321	-0.125413	-0.124946	-0.12453	-0.124856	-0.124609	-0.126969	-0.133458	-0.1455	-0.159737	-0.177662	-0.191178	-0.198625	-0.197424	-0.190072	-0.196763	-0.221542	-0.274353	-0.364985	-0.465821	-0.558353	-0.640526	-0.686327	-0.677083	-0.619125	-0.507822	-0.337277	-0.127514	0.0996707	0.338968	0.576428	0.780194	0.928065	1.02082	1.06226	1.04394	0.95883	0.823497	0.680964	0.582532	0.564604	0.63384	0.764609	0.90901	1.01777	1.0627	1.04354	0.971268	0.846659	0.664127	0.435786	0.193822	-0.0384933	-0.256291	-0.445804	-0.581721	-0.659701	-0.689268	-0.665049	-0.593295	
-0.411915	-0.311253	-0.238104	-0.205747	-0.19123	-0.192424	-0.20091	-0.193351	-0.179082	-0.160066	-0.140989	-0.132451	-0.126139	-0.126611	-0.127163	-0.127621	-0.127631	-0.124265	-0.120715	-0.115777	-0.112164	-0.106991	-0.104382	-0.101071	-0.0987058	-0.0973803	-0.095637	-0.095064	-0.0944301	-0.0939437	-0.094309	-0.0939143	-0.0951457	-0.0949264	-0.0972125	-0.0974473	-0.100749	-0.102485	-0.10618	-0.110154	-0.114452	-0.118409	-0.123893	-0.125305	-0.127968	-0.127846	-0.127566	-0.12527	-0.129327	-0.137391	-0.151464	-0.171895	-0.187664	-0.199941	-0.196944	-0.189484	-0.198238	-0.22112	-0.276993	-0.370881	-0.472865	-0.570771	-0.651875	-0.687039	-0.669066	-0.600173	-0.469651	-0.28273	-0.064582	0.171389	0.418614	0.65178	0.83886	0.968896	1.0474	1.0732	1.03753	0.946061	0.832777	0.748184	0.73235	0.792906	0.900893	1.00654	1.06655	1.06435	1.00609	0.89769	0.733741	0.515675	0.269462	0.0274989	-0.197768	-0.399894	-0.555805	-0.648471	-0.685961	-0.672495	-0.606884	-0.512633	
-0.323625	-0.243969	-0.204933	-0.19123	-0.1912	-0.20218	-0.194914	-0.173255	-0.153433	-0.133281	-0.128728	-0.12915	-0.130499	-0.133075	-0.128135	-0.125558	-0.117508	-0.111258	-0.10495	-0.101525	-0.0969944	-0.0955201	-0.0941925	-0.0929716	-0.0929608	-0.0930021	-0.0921726	-0.0935272	-0.0920722	-0.0934519	-0.0925312	-0.0928338	-0.0931041	-0.0922118	-0.0933469	-0.0922832	-0.0933646	-0.0934555	-0.094834	-0.0959934	-0.100192	-0.102393	-0.109432	-0.115155	-0.121759	-0.127012	-0.131749	-0.132548	-0.128523	-0.129442	-0.129922	-0.144501	-0.165111	-0.186408	-0.202916	-0.195963	-0.189119	-0.197533	-0.223201	-0.287633	-0.383221	-0.487395	-0.589725	-0.663666	-0.686242	-0.657552	-0.570563	-0.417583	-0.216489	0.0109564	0.257887	0.50875	0.730004	0.897871	1.0128	1.08026	1.09558	1.05725	0.98693	0.927021	0.915337	0.959372	1.03107	1.08618	1.09294	1.04538	0.9498	0.804313	0.602885	0.359152	0.107348	-0.127929	-0.340842	-0.516839	-0.631136	-0.681082	-0.678838	-0.624538	-0.529592	-0.42421	
-0.255897	-0.204838	-0.190129	-0.192424	-0.20218	-0.196165	-0.168235	-0.146741	-0.13123	-0.129126	-0.137058	-0.134862	-0.133285	-0.123006	-0.115077	-0.108071	-0.100288	-0.0986885	-0.0965246	-0.0968575	-0.095496	-0.0984145	-0.0963208	-0.0983305	-0.0976908	-0.0974934	-0.0977838	-0.0971419	-0.0971214	-0.0970898	-0.0967883	-0.0972051	-0.0968944	-0.0977331	-0.0969641	-0.098422	-0.0969643	-0.0981058	-0.0970982	-0.0966423	-0.0964477	-0.0967353	-0.0964284	-0.100673	-0.104149	-0.112437	-0.118597	-0.130625	-0.133993	-0.136675	-0.133166	-0.128049	-0.139835	-0.157718	-0.186182	-0.203747	-0.196281	-0.189838	-0.195708	-0.229976	-0.304163	-0.401825	-0.511023	-0.612531	-0.673723	-0.683428	-0.638756	-0.52665	-0.351853	-0.138251	0.101396	0.358654	0.605668	0.809859	0.961747	1.06928	1.13489	1.15475	1.13759	1.1115	1.10577	1.12648	1.15122	1.14827	1.10066	1.00966	0.876834	0.693928	0.460646	0.202846	-0.0452965	-0.269413	-0.462842	-0.60303	-0.673096	-0.683255	-0.642886	-0.554689	-0.444534	-0.341303	
-0.210084	-0.188245	-0.193776	-0.20091	-0.194914	-0.168235	-0.143768	-0.133615	-0.132258	-0.140947	-0.135843	-0.124789	-0.115236	-0.105132	-0.104227	-0.0986333	-0.101361	-0.101088	-0.10212	-0.100213	-0.101545	-0.0985135	-0.0972434	-0.0957683	-0.0935214	-0.0915763	-0.0915663	-0.0882316	-0.0902623	-0.0872078	-0.0892644	-0.0884023	-0.0890449	-0.0910525	-0.0904011	-0.0941438	-0.0938013	-0.0971843	-0.0978872	-0.100653	-0.100108	-0.103048	-0.100363	-0.101797	-0.0994081	-0.10215	-0.104341	-0.110434	-0.121645	-0.130225	-0.141521	-0.135846	-0.131667	-0.138218	-0.156022	-0.186435	-0.201107	-0.197078	-0.189291	-0.196574	-0.24332	-0.325136	-0.428577	-0.542594	-0.635345	-0.681514	-0.676231	-0.60718	-0.466711	-0.273136	-0.0457812	0.208676	0.471402	0.707656	0.896917	1.04422	1.15862	1.238	1.2797	1.2936	1.2951	1.28775	1.25896	1.19481	1.09376	0.960352	0.789449	0.570891	0.314285	0.0530989	-0.185383	-0.393913	-0.559484	-0.657677	-0.685516	-0.659371	-0.58464	-0.474508	-0.364083	-0.273131	
-0.188339	-0.191426	-0.199591	-0.193351	-0.173255	-0.146741	-0.133615	-0.133957	-0.139114	-0.134659	-0.117952	-0.109909	-0.104609	-0.105598	-0.10423	-0.103877	-0.105226	-0.100448	-0.0990176	-0.0945191	-0.0930932	-0.0869899	-0.0878974	-0.0830303	-0.0833065	-0.081522	-0.0809833	-0.0804544	-0.0803607	-0.0799234	-0.0801362	-0.0801827	-0.0802624	-0.080852	-0.0815549	-0.0819813	-0.0842495	-0.0849216	-0.0879297	-0.0905541	-0.0933694	-0.0972	-0.100538	-0.10264	-0.105599	-0.10304	-0.106001	-0.104149	-0.108289	-0.113098	-0.127835	-0.140091	-0.136031	-0.132911	-0.138906	-0.16202	-0.187401	-0.198598	-0.195542	-0.186806	-0.203877	-0.262586	-0.352207	-0.46511	-0.577691	-0.65577	-0.686354	-0.659092	-0.558221	-0.391171	-0.180312	0.0647131	0.333341	0.595031	0.820826	1.00845	1.17021	1.30763	1.40935	1.46577	1.47511	1.43756	1.35322	1.22848	1.07585	0.900058	0.690602	0.440704	0.170384	-0.0859889	-0.310815	-0.498247	-0.628393	-0.683191	-0.673379	-0.614636	-0.51293	-0.394985	-0.295008	-0.222906	
-0.185877	-0.196817	-0.194745	-0.179082	-0.153433	-0.13123	-0.132258	-0.139114	-0.134056	-0.117848	-0.106189	-0.106657	-0.10783	-0.107065	-0.103219	-0.102592	-0.0958077	-0.0923406	-0.0886189	-0.0864096	-0.0833124	-0.0836966	-0.0825628	-0.0824572	-0.0826573	-0.0830374	-0.0819165	-0.0839447	-0.0814241	-0.0839604	-0.081792	-0.0830899	-0.0827266	-0.0818849	-0.0835016	-0.0811771	-0.0835298	-0.0816016	-0.0835928	-0.0831705	-0.0857211	-0.086629	-0.0915408	-0.0930405	-0.100793	-0.102907	-0.105085	-0.107814	-0.107551	-0.105902	-0.110682	-0.128507	-0.139159	-0.135734	-0.129317	-0.142246	-0.169996	-0.190149	-0.19786	-0.189995	-0.186449	-0.218195	-0.287474	-0.389252	-0.509169	-0.611566	-0.673343	-0.684244	-0.625016	-0.490371	-0.300125	-0.0689871	0.197319	0.476539	0.736198	0.964666	1.17271	1.36489	1.52378	1.62166	1.63874	1.57153	1.43381	1.25195	1.04982	0.831229	0.584082	0.309137	0.0340153	-0.211996	-0.419674	-0.579854	-0.669955	-0.684164	-0.641807	-0.55491	-0.436586	-0.323831	-0.242013	-0.194303	
-0.190214	-0.197541	-0.184714	-0.160066	-0.133281	-0.129126	-0.140947	-0.134659	-0.117848	-0.104302	-0.105213	-0.112516	-0.107895	-0.101512	-0.0968972	-0.0922115	-0.0871841	-0.0865598	-0.0852011	-0.0851236	-0.0852081	-0.0859782	-0.0843773	-0.0853672	-0.0835761	-0.0836451	-0.0825699	-0.0824731	-0.0816345	-0.0820407	-0.0815031	-0.0820982	-0.0822898	-0.0827161	-0.0835126	-0.0838478	-0.0846054	-0.0850116	-0.0850535	-0.0856983	-0.0851005	-0.0853689	-0.0866454	-0.0865629	-0.089403	-0.096068	-0.0991847	-0.104848	-0.111866	-0.109352	-0.102481	-0.110705	-0.128535	-0.140979	-0.134061	-0.128053	-0.148197	-0.176161	-0.194723	-0.195044	-0.183556	-0.192602	-0.23826	-0.321438	-0.437399	-0.555076	-0.642315	-0.686076	-0.66729	-0.569342	-0.40394	-0.189762	0.0681989	0.357034	0.646131	0.915078	1.16845	1.41108	1.62133	1.75658	1.78067	1.68669	1.50104	1.26733	1.01787	0.756447	0.47421	0.181394	-0.0913918	-0.323411	-0.510215	-0.637796	-0.687078	-0.665679	-0.59528	-0.486517	-0.364127	-0.267094	-0.207149	-0.182817	
-0.195906	-0.19148	-0.166799	-0.140989	-0.128728	-0.137058	-0.135843	-0.117952	-0.106189	-0.105213	-0.115893	-0.11002	-0.0948012	-0.0912549	-0.0892305	-0.0888173	-0.0866583	-0.0899705	-0.0877942	-0.087558	-0.0857473	-0.083757	-0.0815387	-0.0804437	-0.0780202	-0.0778262	-0.0760448	-0.0760432	-0.0750845	-0.0751922	-0.0748702	-0.0750924	-0.0755853	-0.075759	-0.0772561	-0.0778287	-0.0794269	-0.0817745	-0.0821696	-0.0855896	-0.0866818	-0.0866483	-0.0897951	-0.0885082	-0.086989	-0.0894077	-0.0909469	-0.0918669	-0.103242	-0.116635	-0.109865	-0.103812	-0.111962	-0.129666	-0.138992	-0.130755	-0.133329	-0.155695	-0.183171	-0.197026	-0.187879	-0.182001	-0.205615	-0.266234	-0.368636	-0.491986	-0.598521	-0.669203	-0.686897	-0.627498	-0.490926	-0.296169	-0.050472	0.241085	0.554004	0.86165	1.15902	1.44724	1.70126	1.8677	1.89764	1.78138	1.55539	1.27608	0.981702	0.678485	0.365326	0.0616148	-0.203742	-0.419205	-0.581379	-0.673066	-0.683851	-0.632137	-0.538439	-0.416973	-0.302472	-0.225973	-0.186976	-0.18232	
-0.195813	-0.176814	-0.15022	-0.132451	-0.12915	-0.134862	-0.124789	-0.109909	-0.106657	-0.112516	-0.11002	-0.0895524	-0.0874226	-0.0938348	-0.0948043	-0.0900306	-0.0897015	-0.0895129	-0.0810056	-0.0816913	-0.0770684	-0.0763876	-0.0741305	-0.0749734	-0.0723809	-0.0744068	-0.0720728	-0.0735676	-0.0726708	-0.0725193	-0.0735862	-0.0716503	-0.074094	-0.0717374	-0.0734466	-0.0733694	-0.0725161	-0.0753143	-0.0749285	-0.0761067	-0.0814143	-0.0804873	-0.0852176	-0.0909622	-0.0888081	-0.0926042	-0.0956095	-0.0900528	-0.0854679	-0.102007	-0.114124	-0.1086	-0.106747	-0.118613	-0.132868	-0.131855	-0.129515	-0.141175	-0.16606	-0.191143	-0.192586	-0.180987	-0.187512	-0.225932	-0.30812	-0.427378	-0.546531	-0.638474	-0.687105	-0.665366	-0.560645	-0.387558	-0.156457	0.132505	0.463194	0.806229	1.14542	1.47413	1.76354	1.95393	1.98831	1.85514	1.59735	1.27907	0.942717	0.60018	0.261318	-0.0472717	-0.301907	-0.498787	-0.633125	-0.688035	-0.664477	-0.587746	-0.476896	-0.352787	-0.253795	-0.198375	-0.179182	-0.188172	
-0.187861	-0.161504	-0.138189	-0.126139	-0.130499	-0.133285	-0.115236	-0.104609	-0.10783	-0.107895	-0.0948012	-0.0874226	-0.0991459	-0.0981003	-0.0877077	-0.0820091	-0.0855681	-0.0760221	-0.0758188	-0.0781854	-0.0755605	-0.0757344	-0.0780381	-0.0746125	-0.0775358	-0.0749643	-0.0764814	-0.0747823	-0.0763034	-0.0743848	-0.0762914	-0.0750282	-0.0755384	-0.0770266	-0.0744685	-0.0784473	-0.0751918	-0.0765857	-0.0779053	-0.074129	-0.0772891	-0.0781112	-0.0744216	-0.0829077	-0.0841681	-0.0834057	-0.0945476	-0.101374	-0.0911848	-0.0897157	-0.103323	-0.109603	-0.104431	-0.10887	-0.127925	-0.132724	-0.127083	-0.131735	-0.150324	-0.179646	-0.193625	-0.184054	-0.179595	-0.199636	-0.259399	-0.366096	-0.490388	-0.598207	-0.671866	-0.684636	-0.613199	-0.463783	-0.248609	0.0341019	0.376761	0.75058	1.12832	1.4922	1.80872	2.01569	2.05305	1.90847	1.62743	1.27679	0.902172	0.524205	0.165288	-0.143475	-0.385445	-0.562045	-0.666404	-0.685858	-0.633132	-0.536853	-0.415719	-0.297408	-0.21799	-0.18323	-0.180245	-0.192478	
-0.176191	-0.147283	-0.129181	-0.126611	-0.133075	-0.123006	-0.105132	-0.105598	-0.107065	-0.101512	-0.0912549	-0.0938348	-0.0981003	-0.0834138	-0.0781378	-0.0832703	-0.0822247	-0.0756997	-0.0838924	-0.0795156	-0.0771186	-0.078598	-0.0764564	-0.0725674	-0.0764883	-0.0695334	-0.0738829	-0.0696142	-0.0708074	-0.0707171	-0.0686818	-0.0721987	-0.0679974	-0.0734414	-0.0699507	-0.0734223	-0.0749366	-0.0734947	-0.0788892	-0.0778599	-0.0773429	-0.0832795	-0.07789	-0.0786553	-0.0845943	-0.0800384	-0.0783425	-0.0942405	-0.0963513	-0.0914393	-0.0967866	-0.105816	-0.107634	-0.102551	-0.115966	-0.130925	-0.128758	-0.12744	-0.13734	-0.164561	-0.189649	-0.188061	-0.178223	-0.184302	-0.223124	-0.311933	-0.433942	-0.552161	-0.645142	-0.687839	-0.649342	-0.525083	-0.326602	-0.0523729	0.297183	0.69633	1.10817	1.50179	1.83779	2.05456	2.09354	1.94262	1.64615	1.26953	0.86121	0.45285	0.0794113	-0.226155	-0.454409	-0.609398	-0.683009	-0.670104	-0.593757	-0.483268	-0.35858	-0.252727	-0.194637	-0.177642	-0.183942	-0.191923	
-0.162992	-0.135958	-0.125571	-0.127163	-0.128135	-0.115077	-0.104227	-0.10423	-0.103219	-0.0968972	-0.0892305	-0.0948043	-0.0877077	-0.0781378	-0.0845125	-0.0862645	-0.0796687	-0.0781647	-0.0816757	-0.0707947	-0.0741743	-0.072338	-0.0680666	-0.0701551	-0.0688973	-0.0662967	-0.0699422	-0.0658079	-0.0684418	-0.067875	-0.06626	-0.0697124	-0.0655946	-0.0695409	-0.0672958	-0.0679557	-0.0695854	-0.0690503	-0.0692527	-0.0755	-0.0698776	-0.0794905	-0.0795149	-0.0783307	-0.0828567	-0.0878451	-0.0786896	-0.0830204	-0.0935529	-0.0902341	-0.0938982	-0.100015	-0.105343	-0.102974	-0.109382	-0.125313	-0.127646	-0.125772	-0.130003	-0.150178	-0.180309	-0.189549	-0.180509	-0.177313	-0.198208	-0.266813	-0.380353	-0.503622	-0.610626	-0.677967	-0.670444	-0.572055	-0.390695	-0.126118	0.226207	0.64488	1.08547	1.50328	1.85208	2.07292	2.11236	1.95936	1.65417	1.2576	0.820861	0.387864	0.00493659	-0.295209	-0.509247	-0.641805	-0.685351	-0.644319	-0.549725	-0.430167	-0.308281	-0.219387	-0.181365	-0.177201	-0.18691	-0.187372	
-0.149814	-0.127622	-0.123518	-0.127621	-0.125558	-0.108071	-0.0986333	-0.103877	-0.102592	-0.0922115	-0.0888173	-0.0900306	-0.0820091	-0.0832703	-0.0862645	-0.0812561	-0.0725288	-0.0773139	-0.0728023	-0.0688513	-0.0742765	-0.0697838	-0.0695952	-0.0735123	-0.0676753	-0.0726768	-0.0693788	-0.0702444	-0.0705966	-0.0693146	-0.0706747	-0.069186	-0.0713403	-0.0686366	-0.0725867	-0.0690274	-0.0714676	-0.0724178	-0.0678054	-0.0744871	-0.069677	-0.0702577	-0.0769292	-0.0743618	-0.0769361	-0.0847421	-0.0858802	-0.0806112	-0.0885229	-0.0885078	-0.0907503	-0.0983781	-0.104493	-0.100578	-0.101271	-0.119932	-0.128307	-0.124888	-0.124609	-0.138565	-0.169188	-0.187459	-0.183037	-0.17566	-0.182994	-0.231447	-0.331853	-0.455217	-0.571525	-0.658147	-0.678375	-0.605636	-0.441562	-0.187107	0.164823	0.597323	1.0607	1.4972	1.85319	2.0736	2.1126	1.96083	1.65235	1.24139	0.782011	0.330387	-0.0577034	-0.35108	-0.550756	-0.660709	-0.676126	-0.611735	-0.503904	-0.380201	-0.266374	-0.196199	-0.175079	-0.179267	-0.1882	-0.17958	
-0.137997	-0.123021	-0.124704	-0.127631	-0.117508	-0.100288	-0.101361	-0.105226	-0.0958077	-0.0871841	-0.0866583	-0.0897015	-0.0855681	-0.0822247	-0.0796687	-0.0725288	-0.0735209	-0.0776548	-0.0708355	-0.0746721	-0.0739524	-0.0705517	-0.071418	-0.0712941	-0.0659016	-0.0715052	-0.063806	-0.0687844	-0.0652754	-0.0651844	-0.0679245	-0.0627593	-0.0700131	-0.0629821	-0.0702001	-0.0667759	-0.0690393	-0.0714206	-0.0710706	-0.0715036	-0.0766628	-0.0705999	-0.0753184	-0.0747299	-0.0731832	-0.0756884	-0.0821041	-0.0829099	-0.0893768	-0.0877359	-0.0859069	-0.0920647	-0.102199	-0.104509	-0.0985492	-0.11018	-0.124999	-0.126519	-0.122778	-0.128746	-0.15709	-0.182985	-0.184739	-0.176481	-0.174871	-0.205447	-0.28994	-0.409002	-0.530447	-0.63134	-0.67533	-0.627085	-0.480174	-0.235898	0.113328	0.554407	1.03445	1.48427	1.84292	2.05964	2.09757	1.94936	1.64176	1.22147	0.745366	0.280966	-0.108736	-0.39461	-0.580031	-0.667903	-0.658072	-0.575183	-0.458643	-0.335154	-0.233053	-0.181361	-0.17356	-0.182077	-0.186693	-0.169096	
-0.129398	-0.121281	-0.124971	-0.124265	-0.111258	-0.0986885	-0.101088	-0.100448	-0.0923406	-0.0865598	-0.0899705	-0.0895129	-0.0760221	-0.0756997	-0.0781647	-0.0773139	-0.0776548	-0.0751709	-0.0721361	-0.071613	-0.0690557	-0.0661511	-0.0678061	-0.0639818	-0.06549	-0.0647181	-0.0637793	-0.0650988	-0.063871	-0.0644021	-0.0647626	-0.0638231	-0.0650931	-0.0642573	-0.064766	-0.0651293	-0.0653247	-0.0654226	-0.067813	-0.0668858	-0.0709811	-0.0716132	-0.075273	-0.0759187	-0.077958	-0.0777698	-0.0776836	-0.0738634	-0.0846094	-0.0912647	-0.0871032	-0.0892197	-0.0971992	-0.102219	-0.0978589	-0.105553	-0.120263	-0.125543	-0.12329	-0.122923	-0.144968	-0.175758	-0.185164	-0.178532	-0.171502	-0.187393	-0.255167	-0.366501	-0.489468	-0.600166	-0.66362	-0.637923	-0.507723	-0.273452	0.0714552	0.516528	1.00734	1.46545	1.8232	2.0341	2.07055	1.92738	1.62367	1.19852	0.711441	0.239632	-0.148879	-0.426916	-0.598416	-0.66539	-0.633785	-0.537009	-0.415674	-0.295999	-0.207833	-0.173054	-0.174675	-0.183867	-0.182373	-0.158161	
-0.122842	-0.120835	-0.125435	-0.120715	-0.10495	-0.0965246	-0.10212	-0.0990176	-0.0886189	-0.0852011	-0.0877942	-0.0810056	-0.0758188	-0.0838924	-0.0816757	-0.0728023	-0.0708355	-0.0721361	-0.0663925	-0.0686161	-0.067648	-0.0670885	-0.0677956	-0.067544	-0.0666064	-0.0679053	-0.065546	-0.0673727	-0.0654355	-0.0662529	-0.0662027	-0.0652281	-0.0672869	-0.0650085	-0.067865	-0.0661147	-0.0674406	-0.0676878	-0.0674135	-0.0668124	-0.0697682	-0.0649795	-0.0705438	-0.0714504	-0.0715603	-0.0771573	-0.0851776	-0.0781929	-0.077811	-0.0860538	-0.0863194	-0.0867856	-0.0941587	-0.103345	-0.0976752	-0.0996203	-0.115409	-0.124007	-0.123619	-0.1202	-0.135211	-0.166894	-0.183406	-0.180581	-0.171255	-0.175773	-0.227328	-0.328606	-0.450144	-0.566843	-0.645516	-0.639843	-0.525565	-0.300995	0.0385157	0.483776	0.979989	1.44185	1.79602	1.99989	2.03466	1.89729	1.59951	1.17335	0.680557	0.206005	-0.179185	-0.449306	-0.607434	-0.65524	-0.605578	-0.499047	-0.376196	-0.263108	-0.18969	-0.169259	-0.176711	-0.184303	-0.176492	-0.147744	
-0.119158	-0.121847	-0.124169	-0.115777	-0.101525	-0.0968575	-0.100213	-0.0945191	-0.0864096	-0.0851236	-0.087558	-0.0816913	-0.0781854	-0.0795156	-0.0707947	-0.0688513	-0.0746721	-0.071613	-0.0686161	-0.0727743	-0.0687885	-0.0668762	-0.068849	-0.0639217	-0.0655487	-0.0638145	-0.0628082	-0.063343	-0.0623937	-0.0621606	-0.0631894	-0.0616379	-0.0636116	-0.0628977	-0.0633657	-0.0652628	-0.0645724	-0.0661179	-0.0693881	-0.0657397	-0.0731687	-0.0698776	-0.0704166	-0.073348	-0.0723045	-0.0680732	-0.0769242	-0.0790851	-0.0791675	-0.0864595	-0.0854314	-0.0859188	-0.0899354	-0.0994099	-0.098573	-0.0975091	-0.110873	-0.121772	-0.123566	-0.118599	-0.127566	-0.158128	-0.180155	-0.181781	-0.172521	-0.169027	-0.205848	-0.295734	-0.413542	-0.533145	-0.623117	-0.634623	-0.53516	-0.319894	0.0135441	0.455987	0.952999	1.41473	1.76338	1.95969	1.99274	1.86139	1.57082	1.14681	0.652871	0.179418	-0.200907	-0.463201	-0.608717	-0.639468	-0.57542	-0.462679	-0.340928	-0.236277	-0.177272	-0.168382	-0.178913	-0.183358	-0.169211	-0.138197	
-0.117231	-0.12215	-0.122756	-0.112164	-0.0969944	-0.095496	-0.101545	-0.0930932	-0.0833124	-0.0852081	-0.0857473	-0.0770684	-0.0755605	-0.0771186	-0.0741743	-0.0742765	-0.0739524	-0.0690557	-0.067648	-0.0687885	-0.0627548	-0.0649738	-0.0642854	-0.061215	-0.0647082	-0.0614373	-0.0628233	-0.062917	-0.0613921	-0.0634663	-0.0611039	-0.0634549	-0.0611919	-0.0634735	-0.0616996	-0.0628881	-0.0636262	-0.0614836	-0.0662332	-0.0623695	-0.0668688	-0.0676986	-0.0684719	-0.071874	-0.0744988	-0.074093	-0.075645	-0.0771907	-0.0745556	-0.083529	-0.0857761	-0.0837079	-0.0880516	-0.099535	-0.0988486	-0.0939511	-0.105746	-0.119352	-0.124181	-0.118699	-0.121546	-0.149298	-0.17584	-0.182251	-0.174397	-0.165639	-0.189795	-0.267914	-0.380351	-0.50043	-0.598277	-0.624028	-0.538017	-0.331575	-0.00457685	0.432822	0.926923	1.38536	1.72719	1.91596	1.94733	1.82187	1.53913	1.11975	0.6284	0.159025	-0.21539	-0.470077	-0.603923	-0.619943	-0.544919	-0.428865	-0.310157	-0.214961	-0.169323	-0.169253	-0.180584	-0.180923	-0.161577	-0.130744	
-0.116363	-0.123008	-0.120515	-0.106991	-0.0955201	-0.0984145	-0.0985135	-0.0869899	-0.0836966	-0.0859782	-0.083757	-0.0763876	-0.0757344	-0.078598	-0.072338	-0.0697838	-0.0705517	-0.0661511	-0.0670885	-0.0668762	-0.0649738	-0.0666739	-0.0654085	-0.0640191	-0.0661985	-0.0623232	-0.065081	-0.0627394	-0.063053	-0.0639182	-0.0616486	-0.0649572	-0.0613719	-0.0655794	-0.0624219	-0.0654441	-0.0646172	-0.0649806	-0.0662254	-0.0658051	-0.0657017	-0.0678622	-0.0656428	-0.0692629	-0.0701396	-0.0707414	-0.0763513	-0.0778687	-0.0745867	-0.0811693	-0.0853592	-0.0850772	-0.0839048	-0.0943926	-0.100278	-0.0948575	-0.102186	-0.115387	-0.122915	-0.119473	-0.118175	-0.141526	-0.170564	-0.181699	-0.176348	-0.164537	-0.178182	-0.244856	-0.350922	-0.469693	-0.572568	-0.609735	-0.535641	-0.337458	-0.0170169	0.413829	0.90225	1.35501	1.68928	1.87084	1.90067	1.78069	1.50597	1.093	0.607061	0.143897	-0.223993	-0.471401	-0.594671	-0.598329	-0.515331	-0.398211	-0.283879	-0.198456	-0.164647	-0.170882	-0.181491	-0.177683	-0.154288	-0.124639	
-0.116684	-0.122945	-0.117705	-0.104382	-0.0941925	-0.0963208	-0.0972434	-0.0878974	-0.0825628	-0.0843773	-0.0815387	-0.0741305	-0.0780381	-0.0764564	-0.0680666	-0.0695952	-0.071418	-0.0678061	-0.0677956	-0.068849	-0.0642854	-0.0654085	-0.0634305	-0.0618506	-0.0623192	-0.0603808	-0.0608085	-0.0601244	-0.0596693	-0.0602186	-0.0591965	-0.0604181	-0.0593665	-0.060779	-0.0602513	-0.0613361	-0.0622312	-0.0621251	-0.0652929	-0.0640813	-0.0673294	-0.068369	-0.0673885	-0.069807	-0.0711312	-0.0678884	-0.072108	-0.0796974	-0.0738843	-0.0791487	-0.0833359	-0.0836563	-0.0847989	-0.0933286	-0.0988417	-0.0930353	-0.099173	-0.113317	-0.122232	-0.119742	-0.115582	-0.135032	-0.165345	-0.180405	-0.177912	-0.164778	-0.170073	-0.226126	-0.325362	-0.441616	-0.547273	-0.593281	-0.529485	-0.338902	-0.0249237	0.398501	0.879393	1.32488	1.6513	1.82623	1.85468	1.73964	1.47275	1.06731	0.588705	0.133093	-0.228026	-0.468592	-0.582482	-0.576057	-0.487601	-0.371058	-0.261872	-0.18595	-0.162228	-0.172762	-0.181735	-0.173822	-0.147396	-0.12025	
-0.116935	-0.122591	-0.115476	-0.101071	-0.0929716	-0.0983305	-0.0957683	-0.0830303	-0.0824572	-0.0853672	-0.0804437	-0.0749734	-0.0746125	-0.0725674	-0.0701551	-0.0735123	-0.0712941	-0.0639818	-0.067544	-0.0639217	-0.061215	-0.0640191	-0.0618506	-0.0605482	-0.0642768	-0.0591118	-0.0638083	-0.0605038	-0.0617252	-0.062517	-0.0599274	-0.0640067	-0.0590819	-0.0644334	-0.059824	-0.0630146	-0.0622238	-0.0610169	-0.0632501	-0.0630131	-0.061108	-0.0679169	-0.0645393	-0.06848	-0.0726872	-0.0725897	-0.0698812	-0.075271	-0.0736909	-0.0781397	-0.0840546	-0.083861	-0.0817088	-0.0900106	-0.0995837	-0.0942572	-0.0965866	-0.109619	-0.120757	-0.120761	-0.114462	-0.129517	-0.160112	-0.178637	-0.179091	-0.165734	-0.164589	-0.211187	-0.303612	-0.41664	-0.52341	-0.576021	-0.520901	-0.337175	-0.0293716	0.386328	0.858695	1.29604	1.61474	1.78372	1.81098	1.70028	1.44075	1.04336	0.57315	0.12572	-0.228707	-0.462976	-0.568737	-0.554318	-0.462408	-0.347533	-0.243778	-0.176686	-0.161316	-0.17452	-0.181279	-0.169752	-0.141598	-0.117254	
-0.117573	-0.122295	-0.112925	-0.0987058	-0.0929608	-0.0976908	-0.0935214	-0.0833065	-0.0826573	-0.0835761	-0.0780202	-0.0723809	-0.0775358	-0.0764883	-0.0688973	-0.0676753	-0.0659016	-0.06549	-0.0666064	-0.0655487	-0.0647082	-0.0661985	-0.0623192	-0.0642768	-0.0620028	-0.0612325	-0.0617108	-0.0599149	-0.0603579	-0.060326	-0.0591307	-0.0609771	-0.0593838	-0.0610713	-0.0611575	-0.0615086	-0.0628619	-0.0638636	-0.0634276	-0.0666353	-0.0644376	-0.066492	-0.0653378	-0.0658912	-0.0667858	-0.0682256	-0.0726818	-0.0790608	-0.0733591	-0.0753551	-0.0816493	-0.0838521	-0.082209	-0.0883289	-0.0984956	-0.0937579	-0.0948896	-0.107737	-0.119376	-0.12087	-0.113831	-0.125415	-0.155433	-0.176537	-0.179793	-0.166986	-0.161036	-0.199495	-0.2855	-0.395022	-0.501759	-0.559115	-0.511112	-0.333422	-0.031328	0.376825	0.840432	1.26946	1.58088	1.7447	1.77095	1.66396	1.41111	1.02171	0.560199	0.120962	-0.227137	-0.455756	-0.554649	-0.534074	-0.440221	-0.327629	-0.229199	-0.169971	-0.161282	-0.175969	-0.180442	-0.165905	-0.136633	-0.115024	
