-0.192913	-0.195852	-0.177662	-0.151464	-0.129922	-0.133166	-0.141521	-0.127835	-0.110682	-0.102481	-0.109865	-0.114124	-0.103323	-0.0967866	-0.0938982	-0.0907503	-0.0859069	-0.0871032	-0.0863194	-0.0854314	-0.0857761	-0.0853592	-0.0833359	-0.0840546	-0.0816493	-0.0816466	-0.080637	-0.0798975	-0.0797462	-0.0793203	-0.0793526	-0.0795435	-0.0799343	-0.080316	-0.0814362	-0.0817535	-0.0830303	-0.0841255	-0.0837421	-0.0863595	-0.0849723	-0.0855916	-0.0880387	-0.0859371	-0.0878318	-0.0934029	-0.0955368	-0.099747	-0.110819	-0.113987	-0.10376	-0.105467	-0.12096	-0.137999	-0.137995	-0.12821	-0.140324	-0.168014	-0.191125	-0.196201	-0.184885	-0.187307	-0.22337	-0.297419	-0.409032	-0.530221	-0.626	-0.681454	-0.677982	-0.595218	-0.440671	-0.233963	0.0193162	0.309896	0.609263	0.894047	1.16524	1.42673	1.6555	1.80406	1.83065	1.72713	1.52434	1.2716	1.0038	0.72536	0.430129	0.13226	-0.137864	-0.36349	-0.541101	-0.654812	-0.688192	-0.653717	-0.573199	-0.458207	-0.337827	-0.248833	-0.197646	-0.181907	
-0.187577	-0.197836	-0.191178	-0.171895	-0.144501	-0.128049	-0.135846	-0.140091	-0.128507	-0.110705	-0.103812	-0.1086	-0.109603	-0.105816	-0.100015	-0.0983781	-0.0920647	-0.0892197	-0.0867856	-0.0859188	-0.0837079	-0.0850772	-0.0836563	-0.083861	-0.0838521	-0.0835076	-0.0828493	-0.0838675	-0.0819068	-0.0839016	-0.0820165	-0.0834509	-0.0829094	-0.0830472	-0.0837769	-0.08309	-0.0842518	-0.0834056	-0.084682	-0.0842034	-0.0853655	-0.0864429	-0.0884429	-0.0899932	-0.0960491	-0.100109	-0.102687	-0.108637	-0.10985	-0.105161	-0.105467	-0.121203	-0.137234	-0.139346	-0.129319	-0.134719	-0.161738	-0.185366	-0.196936	-0.192138	-0.184538	-0.20603	-0.265424	-0.3606	-0.480513	-0.59012	-0.662776	-0.687715	-0.645058	-0.524484	-0.343469	-0.118839	0.144571	0.428489	0.70058	0.945408	1.17173	1.38468	1.56497	1.67843	1.69841	1.62001	1.4623	1.259	1.03764	0.801779	0.540116	0.25721	-0.0175383	-0.258207	-0.458133	-0.606055	-0.679757	-0.678889	-0.624619	-0.527997	-0.406464	-0.299038	-0.226	-0.188287	
-0.186181	-0.194382	-0.198625	-0.187664	-0.165111	-0.139835	-0.131667	-0.136031	-0.139159	-0.128535	-0.111962	-0.106747	-0.104431	-0.107634	-0.105343	-0.104493	-0.102199	-0.0971992	-0.0941587	-0.0899354	-0.0880516	-0.0839048	-0.0847989	-0.0817088	-0.082209	-0.0819249	-0.080769	-0.0819938	-0.0806412	-0.0814914	-0.0810807	-0.0808204	-0.0817602	-0.0801943	-0.0826613	-0.0803027	-0.0834937	-0.0822725	-0.0849369	-0.0859156	-0.0894853	-0.0910208	-0.0970867	-0.0989369	-0.104946	-0.104274	-0.107116	-0.105568	-0.105394	-0.10893	-0.12096	-0.137234	-0.138541	-0.132613	-0.133906	-0.154164	-0.180268	-0.19556	-0.197591	-0.187831	-0.194666	-0.242121	-0.324296	-0.434206	-0.551304	-0.639945	-0.683645	-0.672416	-0.588143	-0.433165	-0.229911	0.00989086	0.278313	0.54797	0.787793	0.991771	1.17218	1.33201	1.45716	1.53048	1.54293	1.49327	1.38709	1.23897	1.06628	0.873337	0.648524	0.387796	0.114724	-0.137908	-0.356365	-0.533816	-0.648357	-0.686323	-0.662841	-0.592201	-0.482312	-0.364793	-0.271376	-0.209023	
-0.198612	-0.188482	-0.197424	-0.199941	-0.186408	-0.157718	-0.138218	-0.132911	-0.135734	-0.140979	-0.129666	-0.118613	-0.10887	-0.102551	-0.102974	-0.100578	-0.104509	-0.102219	-0.103345	-0.0994099	-0.099535	-0.0943926	-0.0933286	-0.0900106	-0.0883289	-0.085932	-0.0859543	-0.0829836	-0.0847856	-0.0821707	-0.0838634	-0.0833169	-0.0836734	-0.0854749	-0.0853996	-0.0879804	-0.089394	-0.0917255	-0.0940369	-0.0979267	-0.0982459	-0.103255	-0.102686	-0.103339	-0.103036	-0.101277	-0.103013	-0.105012	-0.115602	-0.124145	-0.137999	-0.139346	-0.132613	-0.134666	-0.147677	-0.175747	-0.196999	-0.199886	-0.191714	-0.189959	-0.22449	-0.297932	-0.396854	-0.512112	-0.614277	-0.673749	-0.683381	-0.631545	-0.506367	-0.322383	-0.101083	0.150111	0.416196	0.663535	0.867663	1.03104	1.16456	1.2675	1.33335	1.36415	1.36871	1.34933	1.2983	1.20967	1.08774	0.937366	0.750954	0.519198	0.256085	-0.00385535	-0.23732	-0.438294	-0.590536	-0.671179	-0.683324	-0.643786	-0.557171	-0.441965	-0.334359	-0.25024	
-0.234474	-0.195457	-0.190072	-0.196944	-0.202916	-0.186182	-0.156022	-0.138906	-0.129317	-0.134061	-0.138992	-0.132868	-0.127925	-0.115966	-0.109382	-0.101271	-0.0985492	-0.0978589	-0.0976752	-0.098573	-0.0988486	-0.100278	-0.0988417	-0.0995837	-0.0984956	-0.0972349	-0.0975851	-0.0954379	-0.0963703	-0.0949103	-0.0955888	-0.0956207	-0.0954727	-0.0974123	-0.0960268	-0.0993831	-0.0975925	-0.100019	-0.099461	-0.0995044	-0.0985329	-0.0994738	-0.0956291	-0.0994391	-0.0991948	-0.106067	-0.112237	-0.123997	-0.131236	-0.13614	-0.137995	-0.129319	-0.133906	-0.147677	-0.173666	-0.199942	-0.200829	-0.191901	-0.190251	-0.21352	-0.277462	-0.36954	-0.477838	-0.586438	-0.661274	-0.685714	-0.657336	-0.562563	-0.400501	-0.193919	0.0413143	0.298252	0.552716	0.770434	0.937316	1.06075	1.1461	1.18983	1.19582	1.18516	1.18215	1.19202	1.19587	1.1686	1.09945	0.991389	0.843349	0.645782	0.402141	0.141987	-0.102847	-0.321475	-0.504856	-0.628595	-0.681247	-0.676615	-0.622021	-0.523319	-0.411144	-0.311603	
-0.293471	-0.225158	-0.196763	-0.189484	-0.195963	-0.203747	-0.186435	-0.16202	-0.142246	-0.128053	-0.130755	-0.131855	-0.132724	-0.130925	-0.125313	-0.119932	-0.11018	-0.105553	-0.0996203	-0.0975091	-0.0939511	-0.0948575	-0.0930353	-0.0942572	-0.0937579	-0.0948038	-0.0941112	-0.0954769	-0.0943066	-0.095448	-0.0947674	-0.0947495	-0.0952319	-0.0940071	-0.0950119	-0.0938023	-0.0940255	-0.0938422	-0.093938	-0.0938357	-0.0967924	-0.0973365	-0.103063	-0.108849	-0.115273	-0.123325	-0.128842	-0.133627	-0.130937	-0.132196	-0.12821	-0.134719	-0.154164	-0.175747	-0.199942	-0.201219	-0.190013	-0.191959	-0.209637	-0.261558	-0.349478	-0.452566	-0.559745	-0.646422	-0.684611	-0.671355	-0.601823	-0.464718	-0.272831	-0.0500904	0.194526	0.449072	0.681759	0.864534	0.994189	1.07782	1.11345	1.09807	1.04804	1.00067	0.991115	1.02649	1.08046	1.11302	1.09806	1.03291	0.922412	0.761827	0.546845	0.296272	0.0450958	-0.186368	-0.392605	-0.555175	-0.651594	-0.685289	-0.667751	-0.598824	-0.495854	-0.389566	
-0.374929	-0.280316	-0.221542	-0.198238	-0.189119	-0.196281	-0.201107	-0.187401	-0.169996	-0.148197	-0.133329	-0.129515	-0.127083	-0.128758	-0.127646	-0.128307	-0.124999	-0.120263	-0.115409	-0.110873	-0.105746	-0.102186	-0.099173	-0.0965866	-0.0948896	-0.0939772	-0.0924741	-0.0928779	-0.091523	-0.0924091	-0.0915375	-0.0922821	-0.0923626	-0.0925429	-0.0940787	-0.093879	-0.0967302	-0.0976112	-0.100995	-0.104319	-0.108823	-0.113021	-0.119653	-0.122523	-0.127406	-0.127949	-0.12951	-0.127025	-0.127686	-0.131941	-0.140324	-0.161738	-0.180268	-0.196999	-0.200829	-0.190013	-0.192718	-0.20964	-0.251319	-0.334654	-0.436674	-0.538672	-0.630053	-0.681581	-0.67955	-0.627072	-0.51414	-0.339613	-0.126958	0.106254	0.354243	0.595831	0.797423	0.942647	1.03572	1.07849	1.06324	0.992195	0.894613	0.818609	0.804136	0.858948	0.953905	1.04055	1.07962	1.05903	0.985657	0.862439	0.683065	0.453557	0.20393	-0.0360862	-0.25738	-0.450324	-0.58998	-0.66523	-0.686937	-0.656746	-0.577764	-0.477569	
-0.467773	-0.366442	-0.274353	-0.22112	-0.197533	-0.189838	-0.197078	-0.198598	-0.190149	-0.176161	-0.155695	-0.141175	-0.131735	-0.12744	-0.125772	-0.124888	-0.126519	-0.125543	-0.124007	-0.121772	-0.119352	-0.115387	-0.113317	-0.109619	-0.107737	-0.105197	-0.103872	-0.10232	-0.101711	-0.101156	-0.100949	-0.101651	-0.101608	-0.103591	-0.104076	-0.106829	-0.108637	-0.11157	-0.114651	-0.117874	-0.12054	-0.123731	-0.124758	-0.125906	-0.125739	-0.125531	-0.12667	-0.128237	-0.137511	-0.149101	-0.168014	-0.185366	-0.19556	-0.199886	-0.191901	-0.191959	-0.20964	-0.247814	-0.326185	-0.428259	-0.525554	-0.614979	-0.676741	-0.685335	-0.643034	-0.549117	-0.393965	-0.191697	0.0328947	0.271526	0.51417	0.730975	0.894901	1.00245	1.05892	1.05859	0.992923	0.87378	0.741117	0.646825	0.629435	0.696124	0.819497	0.950067	1.04017	1.06614	1.03097	0.944208	0.803805	0.606224	0.369356	0.12638	-0.103928	-0.316794	-0.49393	-0.612467	-0.674289	-0.687001	-0.644961	-0.562425	
-0.55425	-0.464297	-0.364985	-0.276993	-0.223201	-0.195708	-0.189291	-0.195542	-0.19786	-0.194723	-0.183171	-0.16606	-0.150324	-0.13734	-0.130003	-0.124609	-0.122778	-0.12329	-0.123619	-0.123566	-0.124181	-0.122915	-0.122232	-0.120757	-0.119376	-0.117849	-0.116832	-0.115404	-0.115157	-0.114167	-0.114633	-0.114429	-0.115334	-0.116198	-0.117166	-0.119055	-0.119862	-0.121953	-0.122627	-0.123635	-0.123875	-0.123637	-0.123016	-0.123263	-0.123546	-0.127747	-0.133041	-0.144695	-0.160318	-0.176367	-0.191125	-0.196936	-0.197591	-0.191714	-0.190251	-0.209637	-0.251319	-0.326185	-0.425638	-0.519743	-0.604504	-0.671259	-0.689573	-0.653728	-0.571974	-0.435191	-0.245192	-0.0272702	0.202701	0.44059	0.665999	0.847388	0.971042	1.04192	1.06008	1.01431	0.90185	0.746324	0.593616	0.492132	0.473883	0.544564	0.682039	0.842632	0.976747	1.05005	1.05585	1.00515	0.90362	0.745471	0.534406	0.2974	0.0629972	-0.160165	-0.364119	-0.524177	-0.626697	-0.680998	-0.685728	-0.635338	
-0.630782	-0.552964	-0.465821	-0.370881	-0.287633	-0.229976	-0.196574	-0.186806	-0.189995	-0.195044	-0.197026	-0.191143	-0.179646	-0.164561	-0.150178	-0.138565	-0.128746	-0.122923	-0.1202	-0.118599	-0.118699	-0.119473	-0.119742	-0.120761	-0.12087	-0.121286	-0.121325	-0.121295	-0.121388	-0.121165	-0.121479	-0.121112	-0.121689	-0.121133	-0.121684	-0.120981	-0.120947	-0.120257	-0.119472	-0.119023	-0.118669	-0.119297	-0.121906	-0.126055	-0.134166	-0.144938	-0.158272	-0.17473	-0.187146	-0.195196	-0.196201	-0.192138	-0.187831	-0.189959	-0.21352	-0.261558	-0.334654	-0.428259	-0.519743	-0.600788	-0.667532	-0.692132	-0.660998	-0.585867	-0.463645	-0.28711	-0.0756728	0.147692	0.378267	0.605633	0.800418	0.93987	1.02417	1.05846	1.03503	0.943379	0.792158	0.615212	0.457976	0.359459	0.342155	0.409819	0.547447	0.721996	0.88872	1.00678	1.05678	1.04379	0.979451	0.863225	0.689536	0.471291	0.239032	0.012399	-0.205213	-0.39891	-0.543333	-0.635641	-0.685557	-0.684194	
-0.683756	-0.632708	-0.558353	-0.472865	-0.383221	-0.304163	-0.24332	-0.203877	-0.186449	-0.183556	-0.187879	-0.192586	-0.193625	-0.189649	-0.180309	-0.169188	-0.15709	-0.144968	-0.135211	-0.127566	-0.121546	-0.118175	-0.115582	-0.114462	-0.113831	-0.113686	-0.113683	-0.113903	-0.113883	-0.114139	-0.113956	-0.114053	-0.113818	-0.113676	-0.113681	-0.113508	-0.114228	-0.114873	-0.117035	-0.120097	-0.124879	-0.131923	-0.140745	-0.151689	-0.164326	-0.175868	-0.186946	-0.193037	-0.192967	-0.189687	-0.184885	-0.184538	-0.194666	-0.22449	-0.277462	-0.349478	-0.436674	-0.525554	-0.604504	-0.667532	-0.692968	-0.664874	-0.593331	-0.4809	-0.316926	-0.112719	0.105576	0.328759	0.553218	0.75606	0.909357	1.00597	1.05292	1.04837	0.980245	0.846517	0.669124	0.487089	0.339067	0.251333	0.236273	0.295732	0.421941	0.594484	0.778854	0.934077	1.02946	1.05788	1.03019	0.95414	0.824275	0.639102	0.41948	0.194095	-0.0263593	-0.238602	-0.421633	-0.554043	-0.640509	-0.687501	
-0.686579	-0.684786	-0.640526	-0.570771	-0.487395	-0.401825	-0.325136	-0.262586	-0.218195	-0.192602	-0.182001	-0.180987	-0.184054	-0.188061	-0.189549	-0.187459	-0.182985	-0.175758	-0.166894	-0.158128	-0.149298	-0.141526	-0.135032	-0.129517	-0.125415	-0.122163	-0.119822	-0.118252	-0.117106	-0.116706	-0.116433	-0.117005	-0.117598	-0.11925	-0.121061	-0.124123	-0.127812	-0.132726	-0.13889	-0.145996	-0.154391	-0.163304	-0.172077	-0.180459	-0.186263	-0.189437	-0.18942	-0.185273	-0.181507	-0.180953	-0.187307	-0.20603	-0.242121	-0.297932	-0.36954	-0.452566	-0.538672	-0.614979	-0.671259	-0.692132	-0.664874	-0.595696	-0.488891	-0.334587	-0.13799	0.0755919	0.292268	0.511208	0.716968	0.880788	0.988362	1.04518	1.05477	1.00737	0.894671	0.728381	0.540657	0.368753	0.240054	0.167776	0.155654	0.204002	0.311004	0.468075	0.653658	0.833176	0.970189	1.04355	1.05495	1.01638	0.930189	0.788891	0.597015	0.380139	0.161865	-0.0533928	-0.259761	-0.433452	-0.558233	-0.641414	
-0.638289	-0.682961	-0.686327	-0.651875	-0.589725	-0.511023	-0.428577	-0.352207	-0.287474	-0.23826	-0.205615	-0.187512	-0.179595	-0.178223	-0.180509	-0.183037	-0.184739	-0.185164	-0.183406	-0.180155	-0.17584	-0.170564	-0.165345	-0.160112	-0.155433	-0.15137	-0.148046	-0.145514	-0.143801	-0.142846	-0.142736	-0.143365	-0.144804	-0.147058	-0.149994	-0.153845	-0.15813	-0.163206	-0.168372	-0.173648	-0.17854	-0.182322	-0.184891	-0.185511	-0.183988	-0.181572	-0.178467	-0.177906	-0.183471	-0.197228	-0.22337	-0.265424	-0.324296	-0.396854	-0.477838	-0.559745	-0.630053	-0.676741	-0.689573	-0.660998	-0.593331	-0.488891	-0.34041	-0.150836	0.0575136	0.268358	0.480904	0.685603	0.855898	0.972381	1.03699	1.05657	1.02541	0.932557	0.781542	0.597519	0.415907	0.265874	0.162007	0.106677	0.0976122	0.13415	0.218423	0.350879	0.522585	0.709912	0.878233	0.996177	1.05108	1.05015	1.00356	0.90892	0.759398	0.565262	0.353389	0.141756	-0.0683015	-0.268413	-0.435391	-0.556663	
-0.548911	-0.631092	-0.677083	-0.687039	-0.663666	-0.612531	-0.542594	-0.46511	-0.389252	-0.321438	-0.266234	-0.225932	-0.199636	-0.184302	-0.177313	-0.17566	-0.176481	-0.178532	-0.180581	-0.181781	-0.182251	-0.181699	-0.180405	-0.178637	-0.176537	-0.174455	-0.172527	-0.170898	-0.169762	-0.16904	-0.168973	-0.169315	-0.170327	-0.171649	-0.173494	-0.175469	-0.177598	-0.179589	-0.181144	-0.182167	-0.182212	-0.18129	-0.179536	-0.177101	-0.175411	-0.175765	-0.180295	-0.192477	-0.214309	-0.248453	-0.297419	-0.3606	-0.434206	-0.512112	-0.586438	-0.646422	-0.681581	-0.685335	-0.653728	-0.585867	-0.4809	-0.334587	-0.150836	0.0514562	0.25654	0.462728	0.663794	0.836514	0.959073	1.02955	1.05596	1.03662	0.960476	0.825205	0.649157	0.464942	0.303366	0.181952	0.103935	0.0644752	0.058162	0.0838903	0.145708	0.249487	0.396173	0.574417	0.757974	0.91302	1.01375	1.05447	1.04507	0.992691	0.891827	0.737821	0.544922	0.338915	0.133504	-0.0706927	-0.264522	-0.427634	
-0.409416	-0.533429	-0.619125	-0.669066	-0.686242	-0.673723	-0.635345	-0.577691	-0.509169	-0.437399	-0.368636	-0.30812	-0.259399	-0.223124	-0.198208	-0.182994	-0.174871	-0.171502	-0.171255	-0.172521	-0.174397	-0.176348	-0.177912	-0.179091	-0.179793	-0.180133	-0.180216	-0.180135	-0.180015	-0.179908	-0.17988	-0.179918	-0.180034	-0.180119	-0.18017	-0.179964	-0.179522	-0.178585	-0.177222	-0.175402	-0.173328	-0.171598	-0.170931	-0.172727	-0.178842	-0.191121	-0.212209	-0.243949	-0.287351	-0.343058	-0.409032	-0.480513	-0.551304	-0.614277	-0.661274	-0.684611	-0.67955	-0.643034	-0.571974	-0.463645	-0.316926	-0.13799	0.0575136	0.25654	0.456683	0.652646	0.824196	0.949468	1.02367	1.05449	1.04319	0.980039	0.859081	0.692675	0.509767	0.341716	0.209125	0.117865	0.0632421	0.0369811	0.0328786	0.0497878	0.0920892	0.167754	0.283731	0.439173	0.619501	0.796568	0.93851	1.02504	1.05561	1.04074	0.984605	0.880319	0.725602	0.536436	0.336427	0.13704	-0.0605292	-0.248156	
-0.219535	-0.379552	-0.507822	-0.600173	-0.657552	-0.683428	-0.681514	-0.65577	-0.611566	-0.555076	-0.491986	-0.427378	-0.366096	-0.311933	-0.266813	-0.231447	-0.205447	-0.187393	-0.175773	-0.169027	-0.165639	-0.164537	-0.164778	-0.165734	-0.166986	-0.16824	-0.169354	-0.170246	-0.170866	-0.171239	-0.171316	-0.171155	-0.17069	-0.169987	-0.168999	-0.16782	-0.166535	-0.165353	-0.164673	-0.165006	-0.167234	-0.172437	-0.181949	-0.197419	-0.220279	-0.251899	-0.293119	-0.343529	-0.401985	-0.465758	-0.530221	-0.59012	-0.639945	-0.673749	-0.685714	-0.671355	-0.627072	-0.549117	-0.435191	-0.28711	-0.112719	0.0755919	0.268358	0.462728	0.652646	0.819972	0.944421	1.01992	1.05308	1.04681	0.992996	0.883918	0.72724	0.547943	0.376733	0.236448	0.135903	0.0721186	0.036433	0.0201039	0.017613	0.0279985	0.0550319	0.106424	0.191411	0.316024	0.476796	0.65635	0.825836	0.95616	1.03189	1.05575	1.03778	0.979985	0.875429	0.723522	0.539938	0.345888	0.152376	-0.0381658	
-0.00407571	-0.179143	-0.337277	-0.469651	-0.570563	-0.638756	-0.676231	-0.686354	-0.673343	-0.642315	-0.598521	-0.546531	-0.490388	-0.433942	-0.380353	-0.331853	-0.28994	-0.255167	-0.227328	-0.205848	-0.189795	-0.178182	-0.170073	-0.164589	-0.161036	-0.15883	-0.15753	-0.15682	-0.156462	-0.156325	-0.156315	-0.156431	-0.156698	-0.157246	-0.158236	-0.159982	-0.162848	-0.167404	-0.17431	-0.184401	-0.198631	-0.21795	-0.243306	-0.275383	-0.31444	-0.360285	-0.411826	-0.467241	-0.523948	-0.57826	-0.626	-0.662776	-0.683645	-0.683381	-0.657336	-0.601823	-0.51414	-0.393965	-0.245192	-0.0756728	0.105576	0.292268	0.480904	0.663794	0.824196	0.944421	1.01863	1.05227	1.04857	1.0008	0.900721	0.752792	0.578312	0.406447	0.261152	0.153675	0.0831147	0.0416207	0.019846	0.0103492	0.0089344	0.014902	0.031052	0.0635978	0.12139	0.213428	0.344115	0.507531	0.68444	0.846397	0.967342	1.03561	1.05563	1.03653	0.979255	0.877617	0.731717	0.555414	0.367545	0.179674	
0.219412	0.0416391	-0.127514	-0.28273	-0.417583	-0.52665	-0.60718	-0.659092	-0.684244	-0.686076	-0.669203	-0.638474	-0.598207	-0.552161	-0.503622	-0.455217	-0.409002	-0.366501	-0.328606	-0.295734	-0.267914	-0.244856	-0.226126	-0.211187	-0.199495	-0.190543	-0.183879	-0.179139	-0.176041	-0.174389	-0.174083	-0.175098	-0.177516	-0.18149	-0.187279	-0.195224	-0.205754	-0.219371	-0.236602	-0.257991	-0.283991	-0.314913	-0.350843	-0.391496	-0.436213	-0.483812	-0.532511	-0.58	-0.62321	-0.658408	-0.681454	-0.687715	-0.672416	-0.631545	-0.562563	-0.464718	-0.339613	-0.191697	-0.0272702	0.147692	0.328759	0.511208	0.685603	0.836514	0.949468	1.01992	1.05227	1.04909	1.00445	0.910394	0.76957	0.600273	0.429649	0.281748	0.16944	0.09368	0.0477846	0.022635	0.0102138	0.00504225	0.00428957	0.00750119	0.0165292	0.0357648	0.0722781	0.135033	0.23224	0.366654	0.53049	0.703669	0.858941	0.973093	1.037	1.0556	1.03712	0.98248	0.886674	0.749686	0.582614	0.401771	
0.448689	0.272342	0.0996707	-0.064582	-0.216489	-0.351853	-0.466711	-0.558221	-0.625016	-0.66729	-0.686897	-0.687105	-0.671866	-0.645142	-0.610626	-0.571525	-0.530447	-0.489468	-0.450144	-0.413542	-0.380351	-0.350922	-0.325362	-0.303612	-0.2855	-0.270805	-0.25929	-0.250736	-0.244965	-0.241844	-0.241306	-0.24334	-0.248006	-0.255413	-0.265736	-0.279175	-0.295963	-0.316316	-0.340412	-0.368341	-0.400046	-0.435277	-0.473506	-0.513859	-0.55505	-0.595249	-0.632067	-0.662495	-0.682916	-0.689403	-0.677982	-0.645058	-0.588143	-0.506367	-0.400501	-0.272831	-0.126958	0.0328947	0.202701	0.378267	0.553218	0.716968	0.855898	0.959073	1.02367	1.05308	1.04857	1.00445	0.913547	0.777867	0.613528	0.44553	0.297197	0.182163	0.102781	0.0535257	0.0258139	0.0115953	0.00496438	0.0023245	0.00194901	0.00356965	0.00829689	0.0189183	0.0403811	0.0799627	0.146338	0.246795	0.382706	0.545147	0.714103	0.863999	0.974004	1.03637	1.0557	1.03948	0.98935	0.901766	0.776252	0.620759	
0.668218	0.507595	0.338968	0.171389	0.0109564	-0.138251	-0.273136	-0.391171	-0.490371	-0.569342	-0.627498	-0.665366	-0.684636	-0.687839	-0.677967	-0.658147	-0.63134	-0.600166	-0.566843	-0.533145	-0.50043	-0.469693	-0.441616	-0.41664	-0.395022	-0.376888	-0.362284	-0.351204	-0.343623	-0.339514	-0.338858	-0.341654	-0.347914	-0.357661	-0.370921	-0.387699	-0.407967	-0.431623	-0.458463	-0.488126	-0.520049	-0.553394	-0.586984	-0.619246	-0.648148	-0.671198	-0.685519	-0.687968	-0.675439	-0.645201	-0.595218	-0.524484	-0.433165	-0.322383	-0.193919	-0.0500904	0.106254	0.271526	0.44059	0.605633	0.75606	0.880788	0.972381	1.02955	1.05449	1.04681	1.0008	0.910394	0.777867	0.617956	0.453591	0.306763	0.191084	0.109765	0.0582708	0.0286627	0.0131033	0.00559519	0.00227867	0.00101402	0.000838134	0.00160586	0.00392708	0.00941297	0.0211678	0.0443097	0.0860445	0.154582	0.256323	0.39165	0.551223	0.715832	0.861812	0.970178	1.0336	1.05571	1.04335	0.999257	0.921593	0.809591	
0.84743	0.722411	0.576428	0.418614	0.257887	0.101396	-0.0457812	-0.180312	-0.300125	-0.40394	-0.490926	-0.560645	-0.613199	-0.649342	-0.670444	-0.678375	-0.67533	-0.66362	-0.645516	-0.623117	-0.598277	-0.572568	-0.547273	-0.52341	-0.501759	-0.4829	-0.467253	-0.455112	-0.446671	-0.44205	-0.441307	-0.444449	-0.451431	-0.462152	-0.476444	-0.494052	-0.514609	-0.537609	-0.562366	-0.587978	-0.61329	-0.63686	-0.656952	-0.671548	-0.678407	-0.675188	-0.659605	-0.62963	-0.583698	-0.520828	-0.440671	-0.343469	-0.229911	-0.101083	0.0413143	0.194526	0.354243	0.51417	0.665999	0.800418	0.909357	0.988362	1.03699	1.05596	1.04319	0.992996	0.900721	0.76957	0.613528	0.453591	0.310001	0.19568	0.114157	0.0616502	0.0308869	0.0143907	0.00625228	0.00254408	0.000987975	0.00041869	0.000341236	0.000683079	0.00175323	0.00440702	0.0104153	0.0229843	0.04722	0.0900882	0.159246	0.260332	0.393158	0.548618	0.708876	0.85228	0.961223	1.02809	1.05506	1.04823	1.01142	0.944658	
0.96955	0.887486	0.780194	0.65178	0.50875	0.358654	0.208676	0.0647131	-0.0689871	-0.189762	-0.296169	-0.387558	-0.463783	-0.525083	-0.572055	-0.605636	-0.627085	-0.637923	-0.639843	-0.634623	-0.624028	-0.609735	-0.593281	-0.576021	-0.559115	-0.543526	-0.530026	-0.519211	-0.511515	-0.507227	-0.506497	-0.50935	-0.515682	-0.525258	-0.537704	-0.552493	-0.568932	-0.586144	-0.603057	-0.618398	-0.630702	-0.638337	-0.63955	-0.632542	-0.615558	-0.586993	-0.545479	-0.489963	-0.41973	-0.334402	-0.233963	-0.118839	0.00989086	0.150111	0.298252	0.449072	0.595831	0.730975	0.847388	0.93987	1.00597	1.04518	1.05657	1.03662	0.980039	0.883918	0.752792	0.600273	0.44553	0.306763	0.19568	0.115656	0.0634072	0.0322998	0.015319	0.00677942	0.00280629	0.00109066	0.000404827	0.00016371	0.000131599	0.000274857	0.000738683	0.00194277	0.00481366	0.0111691	0.0242049	0.0488828	0.0918041	0.160039	0.258614	0.387173	0.537374	0.693167	0.834978	0.946273	1.01873	1.05274	1.05328	1.02493	
1.03873	0.995146	0.928065	0.83886	0.730004	0.605668	0.471402	0.333341	0.197319	0.0681989	-0.050472	-0.156457	-0.248609	-0.326602	-0.390695	-0.441562	-0.480174	-0.507723	-0.525565	-0.53516	-0.538017	-0.535641	-0.529485	-0.520901	-0.511112	-0.501189	-0.492033	-0.484371	-0.478755	-0.47556	-0.474993	-0.477088	-0.481711	-0.488559	-0.497154	-0.506843	-0.516797	-0.526015	-0.533331	-0.537435	-0.536902	-0.530232	-0.515901	-0.492418	-0.458381	-0.412534	-0.353818	-0.281442	-0.194965	-0.0944511	0.0193162	0.144571	0.278313	0.416196	0.552716	0.681759	0.797423	0.894901	0.971042	1.02417	1.05292	1.05477	1.02541	0.960476	0.859081	0.72724	0.578312	0.429649	0.297197	0.191084	0.114157	0.0634072	0.0327842	0.0158047	0.00711718	0.00299979	0.00118593	0.000441207	0.000156871	6.06549e-05	4.81052e-05	0.000104685	0.000293935	0.0008071	0.00209176	0.00509007	0.0116027	0.0247258	0.0491664	0.0910686	0.156908	0.25126	0.373915	0.517692	0.668617	0.809261	0.924075	1.0039	1.0471	1.05716	
1.05789	1.0515	1.02082	0.968896	0.897871	0.809859	0.707656	0.595031	0.476539	0.357034	0.241085	0.132505	0.0341019	-0.0523729	-0.126118	-0.187107	-0.235898	-0.273452	-0.300995	-0.319894	-0.331575	-0.337458	-0.338902	-0.337175	-0.333422	-0.328646	-0.3237	-0.319276	-0.315903	-0.313943	-0.313597	-0.314899	-0.31772	-0.321765	-0.326574	-0.331521	-0.335816	-0.338512	-0.338514	-0.334594	-0.325421	-0.309591	-0.285673	-0.252271	-0.208097	-0.152074	-0.0834669	-0.00204447	0.0917284	0.196501	0.309896	0.428489	0.54797	0.663535	0.770434	0.864534	0.942647	1.00245	1.04192	1.05846	1.04837	1.00737	0.932557	0.825205	0.692675	0.547943	0.406447	0.281748	0.182163	0.109765	0.0616502	0.0322998	0.0158047	0.00723339	0.00310165	0.00124825	0.000472376	0.000168578	5.75331e-05	2.131e-05	1.668e-05	3.77685e-05	0.000110561	0.000316305	0.00085561	0.00217824	0.00520852	0.0116769	0.0245023	0.0480481	0.0879347	0.150053	0.238647	0.353884	0.489989	0.635238	0.774448	0.893159	0.981518	1.03591	
1.01679	1.05342	1.06226	1.0474	1.0128	0.961747	0.896917	0.820826	0.736198	0.646131	0.554004	0.463194	0.376761	0.297183	0.226207	0.164823	0.113328	0.0714552	0.0385157	0.0135441	-0.00457685	-0.0170169	-0.0249237	-0.0293716	-0.031328	-0.0316349	-0.0309987	-0.0299876	-0.0290315	-0.0284239	-0.0283247	-0.0287609	-0.0296266	-0.0306825	-0.0315529	-0.0317239	-0.0305421	-0.0272169	-0.0208268	-0.010336	0.00537869	0.0274837	0.0571247	0.095338	0.142936	0.200373	0.267594	0.3439	0.427853	0.517258	0.609263	0.70058	0.787793	0.867663	0.937316	0.994189	1.03572	1.05892	1.06008	1.03503	0.980245	0.894671	0.781542	0.649157	0.509767	0.376733	0.261152	0.16944	0.102781	0.0582708	0.0308869	0.015319	0.00711718	0.00310165	0.00126978	0.000489104	0.000177555	6.09005e-05	1.99891e-05	7.10545e-06	5.49071e-06	1.29186e-05	3.93496e-05	0.00011707	0.000329847	0.000876545	0.00219306	0.00515767	0.0113848	0.0235537	0.0456171	0.0826277	0.139903	0.221435	0.327886	0.45499	0.593346	0.730134	0.852255	0.949567	
