-0.20563	-0.0811978	0.0437672	0.172116	0.28139	0.351189	0.365014	0.311011	0.186205	0.0347008	-0.126102	-0.269825	-0.374671	-0.451686	-0.493805	-0.516441	-0.522704	-0.521694	-0.512844	-0.506042	-0.492647	-0.48566	-0.472672	-0.466613	-0.456064	-0.451435	-0.443887	-0.441204	-0.436759	-0.436253	-0.435132	-0.436573	-0.439218	-0.442088	-0.448823	-0.452843	-0.463161	-0.468898	-0.480864	-0.489525	-0.500153	-0.511173	-0.517493	-0.523765	-0.520339	-0.504095	-0.472817	-0.408239	-0.315852	-0.187805	-0.0291863	0.127187	0.266778	0.352935	0.364075	0.314879	0.219762	0.0949646	-0.0315238	-0.155473	-0.278696	-0.360995	-0.373996	-0.325309	-0.227553	-0.0860949	0.0884143	0.268422	0.434585	0.567251	0.645747	0.683088	0.696678	0.69211	0.684044	0.672729	0.649255	0.6199	0.583375	0.543994	0.535364	0.566933	0.606141	0.637616	0.664573	0.680325	0.689114	0.696538	0.690381	0.664553	0.605441	0.492569	0.337919	0.16132	-0.0192456	-0.175301	-0.291997	-0.360868	-0.374461	-0.319795	
-0.0811978	0.0298914	0.158125	0.285381	0.392603	0.472756	0.500738	0.448626	0.328804	0.168359	-0.0184934	-0.182585	-0.319696	-0.421695	-0.485985	-0.526998	-0.548827	-0.556741	-0.560539	-0.557723	-0.553578	-0.549766	-0.542358	-0.539521	-0.53216	-0.529864	-0.524711	-0.522534	-0.520626	-0.518549	-0.520135	-0.518417	-0.523107	-0.522354	-0.528975	-0.530265	-0.536876	-0.541286	-0.545974	-0.552955	-0.555037	-0.560111	-0.558858	-0.552115	-0.538828	-0.503995	-0.451666	-0.365436	-0.240542	-0.0878313	0.0942016	0.269546	0.407195	0.489226	0.492403	0.428206	0.331824	0.210329	0.079254	-0.0383445	-0.141262	-0.203323	-0.200452	-0.136915	-0.0263722	0.117716	0.288723	0.454615	0.581978	0.668032	0.704852	0.693993	0.660281	0.62145	0.583018	0.535284	0.472063	0.411912	0.362542	0.322391	0.31419	0.34499	0.390762	0.446242	0.51136	0.565929	0.606051	0.644355	0.682025	0.705507	0.688617	0.62155	0.511426	0.357607	0.184124	0.0276578	-0.097638	-0.180945	-0.211013	-0.172785	
0.0437672	0.158125	0.293419	0.418049	0.531718	0.624372	0.661764	0.626843	0.524203	0.358841	0.164666	-0.017927	-0.184951	-0.309563	-0.400615	-0.464734	-0.503608	-0.529259	-0.547304	-0.55394	-0.564293	-0.564189	-0.569507	-0.568384	-0.570006	-0.569232	-0.569212	-0.568484	-0.568576	-0.567648	-0.56849	-0.567716	-0.568782	-0.56889	-0.568962	-0.570359	-0.568377	-0.570097	-0.56599	-0.564864	-0.55895	-0.549822	-0.538621	-0.514325	-0.482989	-0.429563	-0.349115	-0.240445	-0.0879212	0.0891663	0.28217	0.463583	0.594446	0.656141	0.647986	0.57265	0.464346	0.345931	0.2109	0.0865453	-0.00861314	-0.0533218	-0.028858	0.0454211	0.157158	0.29826	0.452061	0.585707	0.66633	0.700119	0.691905	0.637978	0.566393	0.504999	0.450778	0.385456	0.304982	0.23314	0.185318	0.156239	0.150711	0.171603	0.211231	0.273714	0.354	0.426649	0.483359	0.539997	0.609505	0.675004	0.702045	0.684688	0.624615	0.51026	0.359867	0.210407	0.0866116	-0.00381718	-0.0520148	-0.03321	
0.172116	0.285381	0.418049	0.54717	0.6738	0.778247	0.83803	0.832279	0.748986	0.592505	0.400987	0.200292	0.0135737	-0.132008	-0.250038	-0.331457	-0.388689	-0.431503	-0.458874	-0.480584	-0.498213	-0.507749	-0.521589	-0.525123	-0.53505	-0.536678	-0.54224	-0.54375	-0.545433	-0.547132	-0.545676	-0.547326	-0.54315	-0.544242	-0.537532	-0.536958	-0.528053	-0.523779	-0.512977	-0.502354	-0.488113	-0.468258	-0.443434	-0.408295	-0.35595	-0.287556	-0.182027	-0.0500298	0.123097	0.32008	0.518799	0.693297	0.808136	0.844488	0.808226	0.720505	0.597963	0.470452	0.337293	0.212913	0.126398	0.0906048	0.12185	0.202416	0.307159	0.429055	0.553726	0.647041	0.67589	0.655014	0.606397	0.525844	0.435541	0.36579	0.308623	0.242435	0.164275	0.0954102	0.0565015	0.0429474	0.0411647	0.0488898	0.0763014	0.133818	0.211302	0.284437	0.343022	0.404025	0.488764	0.578121	0.63837	0.671259	0.66696	0.597467	0.479652	0.354312	0.242502	0.149448	0.0954181	0.105036	
0.28139	0.392603	0.531718	0.6738	0.811526	0.932132	1.01415	1.03355	0.973812	0.836316	0.652577	0.444726	0.251487	0.0871434	-0.0456172	-0.139823	-0.212859	-0.264192	-0.302202	-0.334208	-0.357068	-0.378047	-0.395465	-0.407989	-0.422345	-0.42893	-0.439425	-0.442605	-0.448123	-0.449452	-0.449593	-0.449375	-0.44444	-0.441922	-0.432645	-0.426326	-0.413471	-0.40163	-0.385107	-0.366442	-0.343679	-0.316397	-0.280006	-0.236188	-0.170856	-0.0878496	0.0300337	0.181642	0.363966	0.570732	0.766428	0.927599	1.01923	1.03129	0.970258	0.862837	0.730174	0.588916	0.446725	0.319721	0.239779	0.212449	0.23867	0.307958	0.399409	0.496005	0.577431	0.623217	0.610845	0.55015	0.471394	0.380044	0.292104	0.229639	0.178892	0.12092	0.0564968	-0.00027026	-0.0281998	-0.0280292	-0.0264929	-0.0304048	-0.0153201	0.0314394	0.0952944	0.1575	0.208916	0.263405	0.343559	0.436164	0.519294	0.590813	0.62579	0.60098	0.531415	0.43846	0.342778	0.262537	0.216818	0.22232	
0.351189	0.472756	0.624372	0.778247	0.932132	1.06858	1.17194	1.22102	1.19018	1.07925	0.908691	0.705675	0.507455	0.330378	0.188286	0.0794706	-0.00237281	-0.0624854	-0.108505	-0.146129	-0.174278	-0.201794	-0.220843	-0.241127	-0.25493	-0.26838	-0.278158	-0.285479	-0.291125	-0.29326	-0.294382	-0.291832	-0.288336	-0.280892	-0.272954	-0.259991	-0.24754	-0.228583	-0.210528	-0.185238	-0.158612	-0.124423	-0.082547	-0.0286313	0.0435717	0.141376	0.268776	0.433883	0.623985	0.829678	1.0162	1.15466	1.21843	1.19961	1.11545	0.989551	0.840039	0.685927	0.532347	0.393282	0.309045	0.281853	0.297882	0.34668	0.413624	0.484548	0.531028	0.533967	0.488196	0.406059	0.317547	0.232826	0.160532	0.113129	0.0739436	0.0283209	-0.0187096	-0.0601954	-0.0782913	-0.0694379	-0.0658783	-0.076975	-0.0708888	-0.0366353	0.00924629	0.0564385	0.0974948	0.139104	0.201769	0.282636	0.370418	0.458065	0.520672	0.538232	0.507618	0.442531	0.372324	0.314017	0.283629	0.292479	
0.365014	0.500738	0.661764	0.83803	1.01415	1.17194	1.30505	1.38591	1.38924	1.30739	1.15708	0.962456	0.762279	0.5795	0.426749	0.310083	0.220658	0.155455	0.105317	0.0657185	0.0342059	0.00621866	-0.0158204	-0.0368863	-0.0525143	-0.0676488	-0.0779433	-0.0871953	-0.0926145	-0.0959486	-0.0966563	-0.0940829	-0.0900528	-0.0816158	-0.0726315	-0.0584395	-0.0440119	-0.0241589	-0.00333552	0.0228114	0.0523658	0.0885467	0.13393	0.192172	0.271163	0.376	0.514106	0.686288	0.881204	1.08312	1.25413	1.36653	1.39759	1.34502	1.22886	1.08039	0.909877	0.730442	0.563465	0.412994	0.314373	0.279273	0.283376	0.315284	0.362852	0.408439	0.425532	0.402901	0.344243	0.256553	0.169534	0.103471	0.0568973	0.0263847	-0.00299168	-0.0369055	-0.0668857	-0.0931107	-0.104028	-0.092482	-0.0882841	-0.101263	-0.100182	-0.0779899	-0.0495151	-0.0164011	0.0152831	0.0434635	0.0824963	0.140406	0.220177	0.311075	0.383684	0.421372	0.41935	0.383	0.332951	0.292746	0.278144	0.293207	
0.311011	0.448626	0.626843	0.832279	1.03355	1.22102	1.38591	1.50338	1.54348	1.499	1.37643	1.19684	1.00657	0.820365	0.665738	0.543538	0.449689	0.382001	0.329327	0.288237	0.25592	0.226437	0.203747	0.181706	0.16484	0.149505	0.137726	0.128705	0.12223	0.119134	0.11821	0.120875	0.125504	0.134051	0.144041	0.158716	0.17401	0.194922	0.216303	0.243753	0.274245	0.311574	0.359364	0.419974	0.502559	0.613653	0.75343	0.931076	1.11969	1.30929	1.45835	1.53561	1.52959	1.44095	1.29093	1.10966	0.915008	0.70722	0.516283	0.359854	0.254508	0.209658	0.203414	0.223681	0.26211	0.298509	0.300049	0.259839	0.199619	0.124416	0.0503999	0.00409764	-0.0173385	-0.0317147	-0.0535894	-0.0791883	-0.095754	-0.108326	-0.114166	-0.104916	-0.101453	-0.111899	-0.112416	-0.100664	-0.0865965	-0.0645469	-0.039616	-0.0225806	-0.00645287	0.0278842	0.0932178	0.171113	0.237236	0.287435	0.304834	0.27898	0.236906	0.209167	0.203968	0.229335	
0.186205	0.328804	0.524203	0.748986	0.973812	1.19018	1.38924	1.54348	1.62772	1.62944	1.53935	1.39012	1.21296	1.03275	0.881274	0.75585	0.662409	0.594045	0.541227	0.502154	0.470618	0.442379	0.422109	0.399327	0.385723	0.368701	0.359596	0.34939	0.34399	0.341045	0.339285	0.343535	0.345678	0.35669	0.363317	0.380167	0.392402	0.413797	0.433362	0.459258	0.488735	0.524694	0.570618	0.633511	0.713571	0.828896	0.967581	1.13979	1.32157	1.48472	1.60351	1.63914	1.58658	1.45704	1.27416	1.0614	0.839744	0.611997	0.401923	0.236165	0.131896	0.0918559	0.0879795	0.107599	0.143802	0.175993	0.175432	0.134421	0.0788988	0.0186185	-0.0368308	-0.0621297	-0.063622	-0.0677083	-0.0848986	-0.104268	-0.111403	-0.113258	-0.115608	-0.11161	-0.109791	-0.114863	-0.114748	-0.111628	-0.108424	-0.0941267	-0.0731531	-0.0630885	-0.0644851	-0.0514682	-0.00508232	0.0552269	0.112464	0.162853	0.181347	0.158694	0.120533	0.0933441	0.0871519	0.109333	
0.0347008	0.168359	0.358841	0.592505	0.836316	1.07925	1.30739	1.499	1.62944	1.67247	1.6239	1.50663	1.34774	1.1827	1.03727	0.916999	0.829282	0.76547	0.718054	0.686431	0.657479	0.637952	0.618023	0.602476	0.588805	0.57622	0.567557	0.559184	0.554658	0.551596	0.550902	0.553336	0.556795	0.564036	0.57232	0.583293	0.596847	0.611091	0.629755	0.649082	0.673762	0.704857	0.743879	0.801946	0.878148	0.985412	1.12203	1.2802	1.44626	1.58371	1.66356	1.65745	1.56121	1.38951	1.17319	0.934213	0.690307	0.448985	0.237882	0.0813378	-0.0169699	-0.0503105	-0.0407102	-0.00872595	0.0361488	0.0715684	0.0710399	0.0325177	-0.012599	-0.0547623	-0.0930658	-0.102396	-0.0893666	-0.0874702	-0.10295	-0.118195	-0.118939	-0.11283	-0.11285	-0.115252	-0.115414	-0.113982	-0.112343	-0.116033	-0.120047	-0.110648	-0.0920785	-0.0858568	-0.0985618	-0.100913	-0.0712292	-0.0294306	0.0138498	0.0584364	0.0767984	0.0531597	0.008044	-0.0297597	-0.0497707	-0.0377943	
-0.126102	-0.0184934	0.164666	0.400987	0.652577	0.908691	1.15708	1.37643	1.53935	1.6239	1.61445	1.5298	1.39691	1.24912	1.11525	1.00419	0.925137	0.86784	0.830967	0.805107	0.786285	0.772605	0.760019	0.750192	0.741072	0.733034	0.727307	0.721295	0.719044	0.715753	0.716867	0.716762	0.721005	0.724193	0.731161	0.737514	0.746643	0.756064	0.767296	0.780655	0.796852	0.819434	0.85141	0.899355	0.969379	1.06749	1.19314	1.33792	1.48109	1.58756	1.63162	1.58336	1.44957	1.24993	1.01056	0.754467	0.500712	0.25539	0.0460541	-0.0909169	-0.161756	-0.176931	-0.152488	-0.10497	-0.0496795	-0.0103867	-0.00576274	-0.0377179	-0.0758945	-0.103373	-0.12449	-0.122292	-0.102352	-0.0981524	-0.112442	-0.124629	-0.121787	-0.110437	-0.108699	-0.117019	-0.119157	-0.111639	-0.108365	-0.116842	-0.125094	-0.119186	-0.102677	-0.0973672	-0.114676	-0.127097	-0.11308	-0.0876956	-0.0542215	-0.0157189	-0.00302222	-0.030848	-0.082842	-0.135001	-0.171286	-0.173781	
-0.269825	-0.182585	-0.017927	0.200292	0.444726	0.705675	0.962456	1.19684	1.39012	1.50663	1.5298	1.47668	1.36324	1.23093	1.10586	1.0024	0.929585	0.881352	0.85207	0.837025	0.826976	0.823251	0.819038	0.817109	0.814593	0.812407	0.81082	0.808851	0.808099	0.807133	0.807191	0.80757	0.80848	0.809895	0.811781	0.813412	0.816395	0.81766	0.822012	0.824624	0.832754	0.844869	0.86747	0.908059	0.969535	1.06107	1.17962	1.3099	1.43733	1.5167	1.52684	1.44754	1.28166	1.05901	0.810208	0.548463	0.29533	0.0650275	-0.125889	-0.243261	-0.290818	-0.281831	-0.234791	-0.17093	-0.105388	-0.0636222	-0.0589151	-0.0852901	-0.11561	-0.131835	-0.139471	-0.129259	-0.107441	-0.104095	-0.117467	-0.126495	-0.121679	-0.107719	-0.104823	-0.117555	-0.121262	-0.109004	-0.104501	-0.115995	-0.126292	-0.122823	-0.108285	-0.102766	-0.120695	-0.138255	-0.135732	-0.123191	-0.0988589	-0.0670222	-0.0567982	-0.0850514	-0.14361	-0.210351	-0.266566	-0.292672	
-0.374671	-0.319696	-0.184951	0.0135737	0.251487	0.507455	0.762279	1.00657	1.21296	1.34774	1.39691	1.36324	1.26526	1.14472	1.02486	0.92593	0.858994	0.814669	0.793873	0.7857	0.783713	0.788928	0.790855	0.797559	0.799522	0.803903	0.805642	0.807366	0.808998	0.808604	0.810104	0.807957	0.809193	0.805322	0.805879	0.800361	0.799352	0.793017	0.789902	0.785592	0.783925	0.789595	0.804246	0.837901	0.896677	0.980873	1.09641	1.21768	1.32989	1.3923	1.37843	1.27593	1.09598	0.862837	0.609545	0.353159	0.104812	-0.111116	-0.275538	-0.360951	-0.378912	-0.351874	-0.288308	-0.208869	-0.137868	-0.0972071	-0.0911119	-0.112615	-0.139197	-0.147985	-0.144242	-0.128958	-0.108818	-0.107527	-0.119786	-0.125831	-0.120039	-0.105415	-0.101863	-0.11714	-0.121844	-0.10671	-0.101652	-0.11441	-0.124904	-0.123533	-0.111981	-0.105766	-0.120205	-0.139343	-0.147508	-0.144957	-0.124573	-0.0973511	-0.0907092	-0.117461	-0.177686	-0.257072	-0.330186	-0.37262	
-0.451686	-0.421695	-0.309563	-0.132008	0.0871434	0.330378	0.5795	0.820365	1.03275	1.1827	1.24912	1.23093	1.14472	1.02935	0.908212	0.809518	0.738736	0.694527	0.675438	0.668395	0.672439	0.680159	0.688499	0.698857	0.705623	0.713766	0.718558	0.722979	0.726212	0.726829	0.728474	0.725706	0.725312	0.719641	0.71656	0.708419	0.70221	0.69226	0.683944	0.674635	0.670036	0.670318	0.685657	0.716976	0.778543	0.864917	0.980338	1.10014	1.20322	1.25124	1.21986	1.10225	0.91013	0.677833	0.429989	0.18298	-0.04882	-0.244726	-0.386659	-0.448525	-0.440086	-0.390488	-0.313375	-0.225245	-0.149733	-0.113315	-0.112678	-0.130426	-0.151319	-0.154855	-0.14305	-0.125101	-0.109075	-0.110312	-0.120534	-0.12344	-0.117515	-0.103898	-0.100073	-0.115942	-0.121072	-0.105001	-0.099943	-0.112454	-0.122182	-0.122888	-0.114463	-0.107229	-0.117333	-0.136689	-0.151545	-0.154748	-0.139698	-0.118414	-0.109634	-0.130118	-0.191602	-0.2785	-0.362508	-0.423747	
-0.493805	-0.485985	-0.400615	-0.250038	-0.0456172	0.188286	0.426749	0.665738	0.881274	1.03727	1.11525	1.10586	1.02486	0.908212	0.783389	0.677682	0.600523	0.552436	0.529495	0.522621	0.526483	0.535902	0.546161	0.558571	0.567309	0.577794	0.583432	0.590316	0.593072	0.595766	0.595928	0.594306	0.591861	0.586053	0.580741	0.571162	0.562787	0.550647	0.540321	0.529487	0.523386	0.524968	0.540815	0.577685	0.643585	0.737509	0.858036	0.98058	1.08011	1.12175	1.07855	0.951971	0.757095	0.523294	0.282898	0.0466164	-0.174098	-0.347082	-0.461167	-0.498966	-0.470783	-0.408038	-0.319576	-0.226088	-0.153949	-0.12155	-0.122714	-0.139279	-0.158224	-0.15819	-0.139264	-0.119412	-0.108583	-0.112783	-0.120699	-0.120318	-0.114462	-0.102999	-0.0993753	-0.114205	-0.119177	-0.103838	-0.0993157	-0.110506	-0.118708	-0.121154	-0.116377	-0.109037	-0.113654	-0.130649	-0.151559	-0.161081	-0.148061	-0.127953	-0.119323	-0.136264	-0.19263	-0.281562	-0.375187	-0.448459	
-0.516441	-0.526998	-0.464734	-0.331457	-0.139823	0.0794706	0.310083	0.543538	0.75585	0.916999	1.00419	1.0024	0.92593	0.809518	0.677682	0.564387	0.478065	0.42091	0.392426	0.379427	0.380736	0.387141	0.396398	0.407346	0.416088	0.42551	0.431821	0.437683	0.441357	0.443132	0.444081	0.441828	0.439813	0.433898	0.428605	0.419706	0.411153	0.400672	0.390756	0.382638	0.379212	0.384863	0.407644	0.450707	0.527235	0.62872	0.756996	0.882567	0.979207	1.01379	0.962084	0.828163	0.63204	0.404911	0.169938	-0.0535531	-0.260657	-0.41952	-0.51091	-0.528999	-0.483164	-0.407659	-0.314644	-0.218139	-0.148032	-0.12494	-0.132515	-0.145432	-0.15924	-0.157295	-0.134793	-0.114451	-0.108496	-0.114796	-0.120101	-0.116877	-0.11138	-0.102649	-0.0994892	-0.112069	-0.116471	-0.103193	-0.0995333	-0.108522	-0.114874	-0.119172	-0.11808	-0.110377	-0.109708	-0.125289	-0.150215	-0.161285	-0.15108	-0.137379	-0.126516	-0.133038	-0.184866	-0.275562	-0.37209	-0.455216	
-0.522704	-0.548827	-0.503608	-0.388689	-0.212859	-0.00237281	0.220658	0.449689	0.662409	0.829282	0.925137	0.929585	0.858994	0.738736	0.600523	0.478065	0.379262	0.313716	0.275835	0.256306	0.253186	0.2549	0.262111	0.270506	0.277457	0.286249	0.29061	0.296998	0.298968	0.301691	0.301571	0.300338	0.298016	0.293208	0.288367	0.280844	0.273643	0.265026	0.257899	0.252618	0.254373	0.26521	0.296249	0.348765	0.435165	0.548961	0.683285	0.815521	0.908582	0.938044	0.877078	0.736663	0.537934	0.312883	0.0853749	-0.131096	-0.324417	-0.46582	-0.539375	-0.540805	-0.48294	-0.398919	-0.301541	-0.208186	-0.144122	-0.124482	-0.135572	-0.149491	-0.16058	-0.155643	-0.129474	-0.109319	-0.108628	-0.116908	-0.11931	-0.113308	-0.108278	-0.10266	-0.100207	-0.109743	-0.113267	-0.102892	-0.100264	-0.106669	-0.111179	-0.116933	-0.119108	-0.111947	-0.106991	-0.119535	-0.146367	-0.161206	-0.154765	-0.141356	-0.127344	-0.131115	-0.177366	-0.262509	-0.361108	-0.451016	
-0.521694	-0.556741	-0.529259	-0.431503	-0.264192	-0.0624854	0.155455	0.382001	0.594045	0.76547	0.86784	0.881352	0.814669	0.694527	0.552436	0.42091	0.313716	0.239019	0.192755	0.16735	0.158505	0.15574	0.160362	0.164335	0.170728	0.175659	0.180039	0.184078	0.185768	0.188104	0.187237	0.187483	0.184235	0.182359	0.176947	0.173243	0.166485	0.162131	0.157041	0.156745	0.162458	0.180384	0.217507	0.280111	0.374355	0.49769	0.638144	0.7715	0.86297	0.884077	0.816195	0.669326	0.469612	0.246519	0.0223923	-0.185637	-0.371473	-0.499257	-0.55345	-0.543093	-0.47626	-0.385854	-0.286782	-0.193978	-0.1369	-0.126496	-0.140883	-0.1514	-0.158307	-0.15257	-0.125505	-0.105741	-0.108768	-0.118275	-0.118233	-0.110072	-0.105447	-0.102827	-0.101217	-0.107377	-0.109848	-0.102827	-0.101319	-0.10496	-0.107619	-0.114659	-0.119989	-0.113407	-0.104358	-0.114749	-0.14354	-0.159033	-0.15412	-0.145636	-0.132069	-0.127341	-0.165122	-0.248003	-0.346642	-0.441474	
-0.512844	-0.560539	-0.547304	-0.458874	-0.302202	-0.108505	0.105317	0.329327	0.541227	0.718054	0.830967	0.85207	0.793873	0.675438	0.529495	0.392426	0.275835	0.192755	0.138822	0.106569	0.0922893	0.0856955	0.0857951	0.0881652	0.0908386	0.0950557	0.0970265	0.100428	0.101279	0.102851	0.102657	0.102111	0.100868	0.0983962	0.096052	0.0923687	0.0893519	0.0863046	0.0854354	0.0884114	0.0995908	0.123001	0.168428	0.238223	0.34263	0.472738	0.617871	0.75259	0.836831	0.850808	0.772241	0.618314	0.416003	0.19563	-0.0253691	-0.227995	-0.402287	-0.521718	-0.563038	-0.53844	-0.464449	-0.369898	-0.271464	-0.184094	-0.132098	-0.124974	-0.142917	-0.154192	-0.157453	-0.148914	-0.12096	-0.102667	-0.10941	-0.119561	-0.116935	-0.107	-0.102906	-0.103109	-0.102348	-0.105077	-0.106456	-0.102897	-0.102433	-0.103379	-0.1045	-0.112568	-0.12028	-0.114502	-0.102937	-0.110988	-0.139172	-0.15612	-0.155882	-0.149	-0.131621	-0.124107	-0.157972	-0.233909	-0.330408	-0.427866	
-0.506042	-0.557723	-0.55394	-0.480584	-0.334208	-0.146129	0.0657185	0.288237	0.502154	0.686431	0.805107	0.837025	0.7857	0.668395	0.522621	0.379427	0.256306	0.16735	0.106569	0.069812	0.0523496	0.0411535	0.0411969	0.0389975	0.0425449	0.0433332	0.0456495	0.04743	0.0477587	0.0495581	0.0481586	0.049495	0.0466064	0.0474048	0.0433053	0.0437495	0.0395909	0.0406606	0.0403933	0.0470496	0.0613148	0.0893947	0.139589	0.217406	0.325886	0.46479	0.610697	0.745366	0.825584	0.828884	0.74316	0.581846	0.375442	0.154394	-0.063587	-0.262643	-0.429164	-0.534138	-0.563389	-0.532919	-0.453937	-0.354964	-0.255571	-0.171912	-0.128134	-0.127042	-0.145809	-0.154856	-0.154764	-0.145276	-0.117929	-0.100689	-0.109708	-0.120198	-0.115658	-0.104419	-0.100695	-0.103337	-0.103439	-0.102955	-0.103254	-0.10299	-0.103504	-0.102026	-0.101788	-0.110497	-0.120249	-0.115611	-0.101928	-0.107646	-0.135637	-0.153451	-0.155068	-0.150809	-0.134847	-0.123084	-0.148446	-0.219266	-0.314564	-0.415092	
-0.492647	-0.553578	-0.564293	-0.498213	-0.357068	-0.174278	0.0342059	0.25592	0.470618	0.657479	0.786285	0.826976	0.783713	0.672439	0.526483	0.380736	0.253186	0.158505	0.0922893	0.0523496	0.0292413	0.0176908	0.0127913	0.0109607	0.0111838	0.0118216	0.0125326	0.0136796	0.0136635	0.0147651	0.0139357	0.0146362	0.0132856	0.0133139	0.0119136	0.0114247	0.0108973	0.0116358	0.0150699	0.0235235	0.0410725	0.0738722	0.128284	0.211655	0.326377	0.467055	0.61601	0.746014	0.818628	0.813821	0.717542	0.550592	0.343294	0.123127	-0.093859	-0.287932	-0.448359	-0.548481	-0.564893	-0.522296	-0.439879	-0.340381	-0.243113	-0.163787	-0.124747	-0.127005	-0.147458	-0.156329	-0.153108	-0.141343	-0.114613	-0.099329	-0.1104	-0.120594	-0.114213	-0.102151	-0.0988707	-0.103536	-0.10439	-0.101037	-0.100358	-0.10309	-0.104434	-0.100803	-0.0994918	-0.108729	-0.119972	-0.116247	-0.101373	-0.105394	-0.131958	-0.150044	-0.155279	-0.153251	-0.135421	-0.121135	-0.14287	-0.207903	-0.300345	-0.401102	
-0.48566	-0.549766	-0.564189	-0.507749	-0.378047	-0.201794	0.00621866	0.226437	0.442379	0.637952	0.772605	0.823251	0.788928	0.680159	0.535902	0.387141	0.2549	0.15574	0.0856955	0.0411535	0.0176908	0.00195375	-0.00156042	-0.00651575	-0.00504323	-0.00629135	-0.00495881	-0.0047894	-0.00454669	-0.00384358	-0.00459224	-0.00367931	-0.00532471	-0.00414007	-0.00654152	-0.00474343	-0.00678578	-0.00313648	-0.00042069	0.0105585	0.0300677	0.0651269	0.12425	0.211778	0.330213	0.476648	0.623726	0.753243	0.819241	0.803769	0.700575	0.525832	0.313268	0.0936944	-0.120863	-0.312674	-0.462809	-0.551519	-0.562499	-0.516312	-0.429906	-0.326553	-0.229735	-0.155652	-0.122812	-0.128533	-0.149467	-0.15683	-0.15049	-0.13765	-0.112453	-0.0986298	-0.110734	-0.12058	-0.112907	-0.100311	-0.0973477	-0.103635	-0.105169	-0.0993725	-0.0978264	-0.103131	-0.105166	-0.0997924	-0.0976784	-0.107093	-0.119298	-0.116746	-0.101452	-0.103617	-0.128378	-0.146979	-0.154837	-0.154529	-0.137411	-0.121231	-0.136957	-0.196375	-0.286321	-0.38891	
-0.472672	-0.542358	-0.569507	-0.521589	-0.395465	-0.220843	-0.0158204	0.203747	0.422109	0.618023	0.760019	0.819038	0.790855	0.688499	0.546161	0.396398	0.262111	0.160362	0.0857951	0.0411969	0.0127913	-0.00156042	-0.00875532	-0.0127896	-0.013336	-0.0144496	-0.0141041	-0.013925	-0.0143923	-0.0132726	-0.0146989	-0.0130538	-0.0149624	-0.0133528	-0.014913	-0.0136012	-0.0134008	-0.0108207	-0.00525753	0.00588539	0.0273991	0.0657839	0.126047	0.218549	0.338975	0.486104	0.634284	0.757237	0.817453	0.794625	0.682799	0.504952	0.292399	0.0713597	-0.141866	-0.330494	-0.478377	-0.560913	-0.559824	-0.504721	-0.417468	-0.315564	-0.220064	-0.149388	-0.121748	-0.129652	-0.149943	-0.157124	-0.149064	-0.134338	-0.110109	-0.098241	-0.111271	-0.120381	-0.111574	-0.0987961	-0.0961571	-0.103663	-0.105752	-0.0979493	-0.0956721	-0.103129	-0.105733	-0.0989296	-0.0961637	-0.105674	-0.118661	-0.11709	-0.101454	-0.102145	-0.125443	-0.144403	-0.154376	-0.155266	-0.138345	-0.12134	-0.133238	-0.18752	-0.275441	-0.377523	
-0.466613	-0.539521	-0.568384	-0.525123	-0.407989	-0.241127	-0.0368863	0.181706	0.399327	0.602476	0.750192	0.817109	0.797559	0.698857	0.558571	0.407346	0.270506	0.164335	0.0881652	0.0389975	0.0109607	-0.00651575	-0.0127896	-0.0184481	-0.018271	-0.0202768	-0.0192176	-0.0199505	-0.0193863	-0.0194907	-0.0195879	-0.019241	-0.0199776	-0.0190933	-0.0203315	-0.0184677	-0.0191346	-0.0146253	-0.0102063	0.00329122	0.0256742	0.0657759	0.130247	0.224454	0.349139	0.498591	0.645039	0.766527	0.819543	0.787581	0.669911	0.48494	0.268487	0.049826	-0.16203	-0.347235	-0.485219	-0.561266	-0.55778	-0.499786	-0.408952	-0.304068	-0.210534	-0.144272	-0.12008	-0.130881	-0.152091	-0.15746	-0.14642	-0.131033	-0.108775	-0.0983436	-0.111531	-0.119943	-0.110396	-0.0976062	-0.0952159	-0.10362	-0.106161	-0.0967668	-0.0938945	-0.103075	-0.1061	-0.0982119	-0.0950587	-0.104515	-0.117756	-0.117063	-0.101925	-0.10158	-0.12257	-0.141151	-0.153723	-0.156804	-0.140092	-0.121171	-0.129393	-0.179728	-0.264509	-0.367134	
-0.456064	-0.53216	-0.570006	-0.53505	-0.422345	-0.25493	-0.0525143	0.16484	0.385723	0.588805	0.741072	0.814593	0.799522	0.705623	0.567309	0.416088	0.277457	0.170728	0.0908386	0.0425449	0.0111838	-0.00504323	-0.013336	-0.018271	-0.0191499	-0.020771	-0.0205259	-0.0206559	-0.0211548	-0.0201523	-0.021604	-0.0198415	-0.0218013	-0.0198346	-0.0214188	-0.0195752	-0.0191245	-0.0158399	-0.00920178	0.00331352	0.0275249	0.069225	0.134078	0.232244	0.356814	0.507455	0.65348	0.769783	0.818693	0.781246	0.65717	0.471015	0.254192	0.0330198	-0.176869	-0.361226	-0.497526	-0.56618	-0.553803	-0.489812	-0.399364	-0.296328	-0.203026	-0.140246	-0.121046	-0.131906	-0.151227	-0.15727	-0.145722	-0.128589	-0.107075	-0.0983538	-0.1119	-0.119507	-0.10932	-0.0966658	-0.0944979	-0.103526	-0.106423	-0.0958071	-0.0924544	-0.10298	-0.10635	-0.097653	-0.0941603	-0.103447	-0.116979	-0.117244	-0.102282	-0.100527	-0.120146	-0.13965	-0.153529	-0.156164	-0.140261	-0.122686	-0.127813	-0.173037	-0.256485	-0.358734	
-0.451435	-0.529864	-0.569232	-0.536678	-0.42893	-0.26838	-0.0676488	0.149505	0.368701	0.57622	0.733034	0.812407	0.803903	0.713766	0.577794	0.42551	0.286249	0.175659	0.0950557	0.0433332	0.0118216	-0.00629135	-0.0144496	-0.0202768	-0.020771	-0.0231038	-0.0220903	-0.0232095	-0.0225137	-0.0228564	-0.0228248	-0.0225356	-0.0230926	-0.0222003	-0.0230555	-0.0211834	-0.0211627	-0.0163604	-0.0108886	0.00404381	0.0281936	0.0718646	0.13946	0.238574	0.366694	0.517556	0.662624	0.776521	0.819699	0.775079	0.64695	0.455287	0.236687	0.0182692	-0.19099	-0.371093	-0.500893	-0.566446	-0.552003	-0.486107	-0.392883	-0.288012	-0.197154	-0.136641	-0.119125	-0.133328	-0.153628	-0.157232	-0.143177	-0.126037	-0.106438	-0.0988102	-0.112046	-0.118914	-0.10839	-0.0959746	-0.0939763	-0.103405	-0.106565	-0.0950442	-0.0913298	-0.102872	-0.106471	-0.0971752	-0.093532	-0.102704	-0.116179	-0.116951	-0.102679	-0.100616	-0.118372	-0.136753	-0.152335	-0.15778	-0.142394	-0.122125	-0.124681	-0.168273	-0.249079	-0.350997	
-0.443887	-0.524711	-0.569212	-0.54224	-0.439425	-0.278158	-0.0779433	0.137726	0.359596	0.567557	0.727307	0.81082	0.805642	0.718558	0.583432	0.431821	0.29061	0.180039	0.0970265	0.0456495	0.0125326	-0.00495881	-0.0141041	-0.0192176	-0.0205259	-0.0220903	-0.02194	-0.0221937	-0.0224745	-0.021831	-0.0228512	-0.0215703	-0.0230322	-0.0215083	-0.0226593	-0.0210462	-0.0202286	-0.0167585	-0.00946706	0.00399018	0.0299875	0.0739107	0.142278	0.243784	0.371728	0.523825	0.668032	0.779049	0.81909	0.771299	0.638564	0.446565	0.22708	0.00652329	-0.200957	-0.38151	-0.508657	-0.568233	-0.549059	-0.47894	-0.386219	-0.282782	-0.191778	-0.134927	-0.121058	-0.133515	-0.151997	-0.15711	-0.143178	-0.124464	-0.105221	-0.098877	-0.112278	-0.118519	-0.107648	-0.0954342	-0.0935757	-0.103275	-0.10664	-0.0944657	-0.0904701	-0.102747	-0.106531	-0.096849	-0.0930657	-0.101984	-0.115468	-0.117038	-0.103192	-0.0998979	-0.1164	-0.13604	-0.152755	-0.156639	-0.141501	-0.123936	-0.124944	-0.163786	-0.243469	-0.345195	
-0.441204	-0.522534	-0.568484	-0.54375	-0.442605	-0.285479	-0.0871953	0.128705	0.34939	0.559184	0.721295	0.808851	0.807366	0.722979	0.590316	0.437683	0.296998	0.184078	0.100428	0.04743	0.0136796	-0.0047894	-0.013925	-0.0199505	-0.0206559	-0.0232095	-0.0221937	-0.0234085	-0.0228047	-0.0230101	-0.0232289	-0.0226102	-0.0234707	-0.0222153	-0.0232263	-0.021127	-0.0209081	-0.0159601	-0.00980956	0.00576872	0.0311551	0.076911	0.146322	0.248692	0.378363	0.53017	0.673775	0.782323	0.819265	0.766362	0.631753	0.436402	0.216528	-0.00210029	-0.209198	-0.386321	-0.51112	-0.568678	-0.547017	-0.476598	-0.382376	-0.278029	-0.188754	-0.132084	-0.119174	-0.135119	-0.154243	-0.156795	-0.141085	-0.122799	-0.105061	-0.0993841	-0.11234	-0.117993	-0.10703	-0.0951001	-0.0933319	-0.103152	-0.106653	-0.094041	-0.0898538	-0.102648	-0.106543	-0.0965671	-0.0927353	-0.101579	-0.114967	-0.116731	-0.103332	-0.10017	-0.11569	-0.133994	-0.151272	-0.157953	-0.143839	-0.12327	-0.12216	-0.161168	-0.239429	-0.340731	
-0.436759	-0.520626	-0.568576	-0.545433	-0.448123	-0.291125	-0.0926145	0.12223	0.34399	0.554658	0.719044	0.808099	0.808998	0.726212	0.593072	0.441357	0.298968	0.185768	0.101279	0.0477587	0.0136635	-0.00454669	-0.0143923	-0.0193863	-0.0211548	-0.0225137	-0.0224745	-0.0228047	-0.0228306	-0.0225889	-0.0230795	-0.0224213	-0.0232228	-0.022368	-0.0229037	-0.0217596	-0.02052	-0.0170244	-0.00939576	0.00481499	0.0316976	0.0771192	0.14762	0.250849	0.38113	0.53351	0.676724	0.784412	0.818869	0.765119	0.627385	0.431806	0.211201	-0.00853929	-0.214724	-0.392303	-0.513875	-0.568983	-0.54641	-0.47274	-0.378444	-0.274921	-0.185722	-0.132209	-0.12103	-0.134527	-0.152587	-0.156855	-0.141516	-0.122114	-0.10432	-0.0993167	-0.112445	-0.11781	-0.106663	-0.0948384	-0.0931349	-0.103058	-0.106663	-0.0937668	-0.0894416	-0.102559	-0.106534	-0.096417	-0.0925558	-0.101198	-0.114482	-0.116773	-0.103809	-0.0997738	-0.114307	-0.133781	-0.152119	-0.156977	-0.142345	-0.124643	-0.123472	-0.158882	-0.236156	-0.337177	
-0.436253	-0.518549	-0.567648	-0.547132	-0.449452	-0.29326	-0.0959486	0.119134	0.341045	0.551596	0.715753	0.807133	0.808604	0.726829	0.595766	0.443132	0.301691	0.188104	0.102851	0.0495581	0.0147651	-0.00384358	-0.0132726	-0.0194907	-0.0201523	-0.0228564	-0.021831	-0.0230101	-0.0225889	-0.0225244	-0.0231184	-0.0220496	-0.0233776	-0.0216381	-0.0230209	-0.0206132	-0.0204346	-0.0154758	-0.0088899	0.00667079	0.0328538	0.0792808	0.149488	0.253415	0.383381	0.535844	0.678522	0.784551	0.818907	0.762245	0.624787	0.428212	0.207599	-0.0114849	-0.217343	-0.393619	-0.516316	-0.56936	-0.544121	-0.47181	-0.37757	-0.273725	-0.184884	-0.130156	-0.119579	-0.135852	-0.154223	-0.156605	-0.140249	-0.12129	-0.104404	-0.0997222	-0.112495	-0.117494	-0.106379	-0.094764	-0.0930791	-0.102991	-0.106649	-0.0936186	-0.0892229	-0.10252	-0.106533	-0.0963019	-0.0924202	-0.101076	-0.11436	-0.116609	-0.103681	-0.0999576	-0.114432	-0.132844	-0.150861	-0.157818	-0.14427	-0.123983	-0.121338	-0.157943	-0.235117	-0.336257	
-0.435132	-0.520135	-0.56849	-0.545676	-0.449593	-0.294382	-0.0966563	0.11821	0.339285	0.550902	0.716867	0.807191	0.810104	0.728474	0.595928	0.444081	0.301571	0.187237	0.102657	0.0481586	0.0139357	-0.00459224	-0.0146989	-0.0195879	-0.021604	-0.0228248	-0.0228512	-0.0232289	-0.0230795	-0.0231184	-0.0232232	-0.0230274	-0.0233257	-0.0229804	-0.0230607	-0.0222459	-0.0208008	-0.0172133	-0.00967219	0.00508618	0.0319619	0.0780515	0.149203	0.252754	0.384061	0.53624	0.679278	0.786147	0.818746	0.763354	0.624342	0.427309	0.206689	-0.012413	-0.218443	-0.39457	-0.514403	-0.569031	-0.546107	-0.471567	-0.376383	-0.272696	-0.184297	-0.13146	-0.120724	-0.134923	-0.153091	-0.156692	-0.140829	-0.121545	-0.104214	-0.0994387	-0.112451	-0.117592	-0.10641	-0.0947241	-0.0930246	-0.102971	-0.106667	-0.0936035	-0.0891794	-0.102506	-0.106524	-0.0962986	-0.0924464	-0.101021	-0.114196	-0.116642	-0.103988	-0.0998684	-0.113815	-0.132998	-0.151778	-0.15729	-0.142847	-0.124681	-0.12287	-0.157696	-0.234261	-0.33489	
-0.436573	-0.518417	-0.567716	-0.547326	-0.449375	-0.291832	-0.0940829	0.120875	0.343535	0.553336	0.716762	0.80757	0.807957	0.725706	0.594306	0.441828	0.300338	0.187483	0.102111	0.049495	0.0146362	-0.00367931	-0.0130538	-0.019241	-0.0198415	-0.0225356	-0.0215703	-0.0226102	-0.0224213	-0.0220496	-0.0230274	-0.0215285	-0.0233035	-0.0211433	-0.0228684	-0.0202664	-0.0201275	-0.0153957	-0.00851626	0.00645714	0.0329046	0.0788074	0.148712	0.252575	0.381838	0.534536	0.67724	0.783576	0.818933	0.763106	0.626149	0.430526	0.209866	-0.00985387	-0.215653	-0.392926	-0.516624	-0.569443	-0.544051	-0.471916	-0.378355	-0.274888	-0.185423	-0.130566	-0.119973	-0.135495	-0.153771	-0.156788	-0.14068	-0.121508	-0.104364	-0.0996784	-0.112554	-0.117552	-0.106456	-0.0948637	-0.0931241	-0.102988	-0.106667	-0.0937054	-0.0893159	-0.102546	-0.106544	-0.0963395	-0.0924737	-0.101162	-0.114466	-0.116674	-0.103629	-0.0998727	-0.114588	-0.133256	-0.151156	-0.15761	-0.143765	-0.124006	-0.121883	-0.158402	-0.235978	-0.337415	
-0.439218	-0.523107	-0.568782	-0.54315	-0.44444	-0.288336	-0.0900528	0.125504	0.345678	0.556795	0.721005	0.80848	0.809193	0.725312	0.591861	0.439813	0.298016	0.184235	0.100868	0.0466064	0.0132856	-0.00532471	-0.0149624	-0.0199776	-0.0218013	-0.0230926	-0.0230322	-0.0234707	-0.0232228	-0.0233776	-0.0233257	-0.0233035	-0.023432	-0.0232234	-0.0232633	-0.0223907	-0.0212085	-0.0173149	-0.0103911	0.004617	0.0306978	0.0763651	0.14681	0.24922	0.380143	0.531977	0.675528	0.784392	0.819081	0.766288	0.629799	0.43349	0.213503	-0.00525058	-0.212226	-0.388939	-0.510654	-0.56826	-0.547999	-0.475463	-0.380286	-0.276125	-0.187265	-0.132629	-0.120147	-0.134548	-0.153477	-0.15678	-0.141182	-0.122699	-0.104837	-0.0992147	-0.112322	-0.117909	-0.106898	-0.0950524	-0.0932067	-0.103044	-0.106697	-0.0939447	-0.0896369	-0.10261	-0.106541	-0.0964835	-0.0926957	-0.101426	-0.114641	-0.116709	-0.103727	-0.100087	-0.114838	-0.13374	-0.15189	-0.15761	-0.14288	-0.12398	-0.123123	-0.160073	-0.23764	-0.338516	
-0.442088	-0.522354	-0.56889	-0.544242	-0.441922	-0.280892	-0.0816158	0.134051	0.35669	0.564036	0.724193	0.809895	0.805322	0.719641	0.586053	0.433898	0.293208	0.182359	0.0983962	0.0474048	0.0133139	-0.00414007	-0.0133528	-0.0190933	-0.0198346	-0.0222003	-0.0215083	-0.0222153	-0.022368	-0.0216381	-0.0229804	-0.0211433	-0.0232234	-0.0208596	-0.0227053	-0.0202	-0.0199278	-0.0157297	-0.00868025	0.00528803	0.0312976	0.0757602	0.144106	0.246365	0.374003	0.526281	0.670054	0.779362	0.819088	0.768768	0.635603	0.442986	0.223376	0.00290595	-0.204042	-0.383779	-0.511765	-0.56906	-0.547038	-0.476996	-0.384547	-0.281454	-0.190506	-0.133251	-0.120306	-0.134261	-0.152947	-0.157162	-0.14233	-0.12353	-0.104974	-0.0992535	-0.112503	-0.118153	-0.107264	-0.0954104	-0.0934833	-0.103138	-0.106682	-0.09431	-0.0901632	-0.102716	-0.106552	-0.0966899	-0.0929193	-0.101843	-0.115271	-0.116902	-0.103168	-0.0999534	-0.116233	-0.135224	-0.151998	-0.157273	-0.142514	-0.123425	-0.123695	-0.1626	-0.242076	-0.344023	
-0.448823	-0.528975	-0.568962	-0.537532	-0.432645	-0.272954	-0.0726315	0.144041	0.363317	0.57232	0.731161	0.811781	0.805879	0.71656	0.580741	0.428605	0.288367	0.176947	0.096052	0.0433053	0.0119136	-0.00654152	-0.014913	-0.0203315	-0.0214188	-0.0230555	-0.0226593	-0.0232263	-0.0229037	-0.0230209	-0.0230607	-0.0228684	-0.0232633	-0.0227053	-0.0232698	-0.0218479	-0.021494	-0.0170985	-0.0112514	0.00350915	0.0282344	0.0721296	0.140676	0.240365	0.369398	0.520707	0.665313	0.77881	0.81964	0.773689	0.643552	0.450544	0.231649	0.01293	-0.195908	-0.375418	-0.502469	-0.566207	-0.551552	-0.484022	-0.390186	-0.28539	-0.194795	-0.13613	-0.11954	-0.133213	-0.153552	-0.157165	-0.142646	-0.1255	-0.106206	-0.0987909	-0.11205	-0.118646	-0.108103	-0.0958949	-0.0937579	-0.103237	-0.106657	-0.0948394	-0.0909204	-0.102823	-0.106493	-0.0970103	-0.0933978	-0.102428	-0.115727	-0.116918	-0.103118	-0.100505	-0.117325	-0.136032	-0.152537	-0.157833	-0.142207	-0.122574	-0.124631	-0.166324	-0.24642	-0.348205	
-0.452843	-0.530265	-0.570359	-0.536958	-0.426326	-0.259991	-0.0584395	0.158716	0.380167	0.583293	0.737514	0.813412	0.800361	0.708419	0.571162	0.419706	0.280844	0.173243	0.0923687	0.0437495	0.0114247	-0.00474343	-0.0136012	-0.0184677	-0.0195752	-0.0211834	-0.0210462	-0.021127	-0.0217596	-0.0206132	-0.0222459	-0.0202664	-0.0223907	-0.0202	-0.0218479	-0.0198243	-0.0192895	-0.0158411	-0.00897004	0.00383741	0.0284545	0.0707665	0.136248	0.23526	0.360398	0.511282	0.65689	0.771662	0.818749	0.778579	0.652749	0.465133	0.248023	0.0269613	-0.182242	-0.36553	-0.500859	-0.567263	-0.552689	-0.487131	-0.396042	-0.293436	-0.200493	-0.138498	-0.120785	-0.132473	-0.151731	-0.15735	-0.145049	-0.127447	-0.106425	-0.098622	-0.11226	-0.11912	-0.108783	-0.0965269	-0.0942842	-0.103369	-0.106532	-0.0955199	-0.0919414	-0.102948	-0.106401	-0.097413	-0.093918	-0.103164	-0.116631	-0.117143	-0.102399	-0.100413	-0.119479	-0.138711	-0.153086	-0.15657	-0.140756	-0.122556	-0.126964	-0.170902	-0.253614	-0.355916	
-0.463161	-0.536876	-0.568377	-0.528053	-0.413471	-0.24754	-0.0440119	0.17401	0.392402	0.596847	0.746643	0.816395	0.799352	0.70221	0.562787	0.411153	0.273643	0.166485	0.0893519	0.0395909	0.0108973	-0.00678578	-0.0134008	-0.0191346	-0.0191245	-0.0211627	-0.0202286	-0.0209081	-0.02052	-0.0204346	-0.0208008	-0.0201275	-0.0212085	-0.0199278	-0.021494	-0.0192895	-0.0201012	-0.0154103	-0.0107707	0.00286348	0.0259049	0.0665299	0.131945	0.227266	0.352693	0.502775	0.648825	0.768803	0.819661	0.784932	0.664828	0.478404	0.261409	0.0423334	-0.168934	-0.353198	-0.489125	-0.562182	-0.556027	-0.496357	-0.405675	-0.300798	-0.207441	-0.142717	-0.119519	-0.130907	-0.152881	-0.15766	-0.145314	-0.12989	-0.108417	-0.0984867	-0.11161	-0.119539	-0.109957	-0.0974265	-0.0948708	-0.103448	-0.106326	-0.0964082	-0.0932659	-0.103038	-0.106175	-0.0979636	-0.094778	-0.104077	-0.117242	-0.117089	-0.10236	-0.101365	-0.121269	-0.139901	-0.153667	-0.157577	-0.140571	-0.120831	-0.128191	-0.177106	-0.261013	-0.36391	
-0.468898	-0.541286	-0.570097	-0.523779	-0.40163	-0.228583	-0.0241589	0.194922	0.413797	0.611091	0.756064	0.81766	0.793017	0.69226	0.550647	0.400672	0.265026	0.162131	0.0863046	0.0406606	0.0116358	-0.00313648	-0.0108207	-0.0146253	-0.0158399	-0.0163604	-0.0167585	-0.0159601	-0.0170244	-0.0154758	-0.0172133	-0.0153957	-0.0173149	-0.0157297	-0.0170985	-0.0158411	-0.0154103	-0.0126902	-0.00691571	0.00472533	0.0267081	0.0659713	0.127357	0.221031	0.342651	0.490762	0.638224	0.760554	0.817624	0.791799	0.677354	0.496877	0.283669	0.0626172	-0.149707	-0.337485	-0.482552	-0.561933	-0.559608	-0.502093	-0.412914	-0.310966	-0.215895	-0.147035	-0.121895	-0.130437	-0.150073	-0.156971	-0.148548	-0.133183	-0.109071	-0.0982265	-0.111707	-0.120095	-0.110947	-0.0984464	-0.0957639	-0.103549	-0.105957	-0.097483	-0.0949266	-0.103116	-0.105845	-0.0986123	-0.0957634	-0.105194	-0.118245	-0.117133	-0.101609	-0.101688	-0.124361	-0.143531	-0.154088	-0.155226	-0.138699	-0.12186	-0.132252	-0.183991	-0.270882	-0.373074	
-0.480864	-0.545974	-0.56599	-0.512977	-0.385107	-0.210528	-0.00333552	0.216303	0.433362	0.629755	0.767296	0.822012	0.789902	0.683944	0.540321	0.390756	0.257899	0.157041	0.0854354	0.0403933	0.0150699	-0.00042069	-0.00525753	-0.0102063	-0.00920178	-0.0108886	-0.00946706	-0.00980956	-0.00939576	-0.0088899	-0.00967219	-0.00851626	-0.0103911	-0.00868025	-0.0112514	-0.00897004	-0.0107707	-0.00691571	-0.00335837	0.00777806	0.028562	0.0644299	0.124953	0.214028	0.333808	0.480683	0.628216	0.755112	0.818948	0.799896	0.693109	0.516994	0.303668	0.0838174	-0.130179	-0.320411	-0.468793	-0.554875	-0.56064	-0.511304	-0.425676	-0.322465	-0.226001	-0.15337	-0.121153	-0.128087	-0.150867	-0.157719	-0.149203	-0.135805	-0.111681	-0.0988168	-0.110979	-0.120186	-0.112323	-0.0999075	-0.096837	-0.103535	-0.105425	-0.0988105	-0.0969596	-0.103123	-0.105323	-0.0994572	-0.0971756	-0.106453	-0.118823	-0.116922	-0.101801	-0.103143	-0.126693	-0.145286	-0.154994	-0.156163	-0.137897	-0.119705	-0.134922	-0.193254	-0.281927	-0.385035	
-0.489525	-0.552955	-0.564864	-0.502354	-0.366442	-0.185238	0.0228114	0.243753	0.459258	0.649082	0.780655	0.824624	0.785592	0.674635	0.529487	0.382638	0.252618	0.156745	0.0884114	0.0470496	0.0235235	0.0105585	0.00588539	0.00329122	0.00331352	0.00404381	0.00399018	0.00576872	0.00481499	0.00667079	0.00508618	0.00645714	0.004617	0.00528803	0.00350915	0.00383741	0.00286348	0.00472533	0.00777806	0.0175698	0.0354056	0.0696917	0.12548	0.210885	0.326956	0.470173	0.618132	0.74866	0.817996	0.809491	0.710646	0.540049	0.331521	0.111119	-0.104726	-0.298344	-0.455086	-0.549926	-0.564897	-0.520381	-0.435068	-0.334376	-0.237212	-0.160004	-0.124621	-0.128377	-0.147757	-0.155827	-0.152455	-0.140283	-0.113347	-0.0988788	-0.110775	-0.120534	-0.11359	-0.101489	-0.0982413	-0.103524	-0.104699	-0.100357	-0.0993726	-0.1031	-0.104636	-0.100411	-0.0988417	-0.108004	-0.119635	-0.116539	-0.101357	-0.104437	-0.13068	-0.149282	-0.1548	-0.152954	-0.136369	-0.122039	-0.140662	-0.202707	-0.294211	-0.395611	
-0.500153	-0.555037	-0.55895	-0.488113	-0.343679	-0.158612	0.0523658	0.274245	0.488735	0.673762	0.796852	0.832754	0.783925	0.670036	0.523386	0.379212	0.254373	0.162458	0.0995908	0.0613148	0.0410725	0.0300677	0.0273991	0.0256742	0.0275249	0.0281936	0.0299875	0.0311551	0.0316976	0.0328538	0.0319619	0.0329046	0.0306978	0.0312976	0.0282344	0.0284545	0.0259049	0.0267081	0.028562	0.0354056	0.0519966	0.0813901	0.134133	0.21397	0.32546	0.46492	0.61262	0.744907	0.822327	0.822428	0.731607	0.568699	0.361517	0.140704	-0.0766936	-0.273441	-0.437165	-0.540757	-0.563721	-0.527428	-0.448443	-0.349669	-0.251029	-0.16917	-0.125801	-0.125768	-0.147115	-0.156503	-0.153932	-0.143017	-0.116425	-0.100537	-0.110161	-0.12008	-0.114974	-0.103635	-0.0999786	-0.103372	-0.103772	-0.102167	-0.102163	-0.103006	-0.103755	-0.101596	-0.100979	-0.109637	-0.119953	-0.116031	-0.102025	-0.106641	-0.133531	-0.151737	-0.155926	-0.152874	-0.134537	-0.120691	-0.146088	-0.215465	-0.309146	-0.410065	
