-0.442088	-0.522354	-0.56889	-0.544242	-0.441922	-0.280892	-0.0816158	0.134051	0.35669	0.564036	0.724193	0.809895	0.805322	0.719641	0.586053	0.433898	0.293208	0.182359	0.0983962	0.0474048	0.0133139	-0.00414007	-0.0133528	-0.0190933	-0.0198346	-0.0222003	-0.0215083	-0.0222153	-0.022368	-0.0216381	-0.0229804	-0.0211433	-0.0232234	-0.0208596	-0.0227053	-0.0202	-0.0199278	-0.0157297	-0.00868025	0.00528803	0.0312976	0.0757602	0.144106	0.246365	0.374003	0.526281	0.670054	0.779362	0.819088	0.768768	0.635603	0.442986	0.223376	0.00290595	-0.204042	-0.383779	-0.511765	-0.56906	-0.547038	-0.476996	-0.384547	-0.281454	-0.190506	-0.133251	-0.120306	-0.134261	-0.152947	-0.157162	-0.14233	-0.12353	-0.104974	-0.0992535	-0.112503	-0.118153	-0.107264	-0.0954104	-0.0934833	-0.103138	-0.106682	-0.09431	-0.0901632	-0.102716	-0.106552	-0.0966899	-0.0929193	-0.101843	-0.115271	-0.116902	-0.103168	-0.0999534	-0.116233	-0.135224	-0.151998	-0.157273	-0.142514	-0.123425	-0.123695	-0.1626	-0.242076	-0.344023	
-0.448823	-0.528975	-0.568962	-0.537532	-0.432645	-0.272954	-0.0726315	0.144041	0.363317	0.57232	0.731161	0.811781	0.805879	0.71656	0.580741	0.428605	0.288367	0.176947	0.096052	0.0433053	0.0119136	-0.00654152	-0.014913	-0.0203315	-0.0214188	-0.0230555	-0.0226593	-0.0232263	-0.0229037	-0.0230209	-0.0230607	-0.0228684	-0.0232633	-0.0227053	-0.0232698	-0.0218479	-0.021494	-0.0170985	-0.0112514	0.00350915	0.0282344	0.0721296	0.140676	0.240365	0.369398	0.520707	0.665313	0.77881	0.81964	0.773689	0.643552	0.450544	0.231649	0.01293	-0.195908	-0.375418	-0.502469	-0.566207	-0.551552	-0.484022	-0.390186	-0.28539	-0.194795	-0.13613	-0.11954	-0.133213	-0.153552	-0.157165	-0.142646	-0.1255	-0.106206	-0.0987909	-0.11205	-0.118646	-0.108103	-0.0958949	-0.0937579	-0.103237	-0.106657	-0.0948394	-0.0909204	-0.102823	-0.106493	-0.0970103	-0.0933978	-0.102428	-0.115727	-0.116918	-0.103118	-0.100505	-0.117325	-0.136032	-0.152537	-0.157833	-0.142207	-0.122574	-0.124631	-0.166324	-0.24642	-0.348205	
-0.452843	-0.530265	-0.570359	-0.536958	-0.426326	-0.259991	-0.0584395	0.158716	0.380167	0.583293	0.737514	0.813412	0.800361	0.708419	0.571162	0.419706	0.280844	0.173243	0.0923687	0.0437495	0.0114247	-0.00474343	-0.0136012	-0.0184677	-0.0195752	-0.0211834	-0.0210462	-0.021127	-0.0217596	-0.0206132	-0.0222459	-0.0202664	-0.0223907	-0.0202	-0.0218479	-0.0198243	-0.0192895	-0.0158411	-0.00897004	0.00383741	0.0284545	0.0707665	0.136248	0.23526	0.360398	0.511282	0.65689	0.771662	0.818749	0.778579	0.652749	0.465133	0.248023	0.0269613	-0.182242	-0.36553	-0.500859	-0.567263	-0.552689	-0.487131	-0.396042	-0.293436	-0.200493	-0.138498	-0.120785	-0.132473	-0.151731	-0.15735	-0.145049	-0.127447	-0.106425	-0.098622	-0.11226	-0.11912	-0.108783	-0.0965269	-0.0942842	-0.103369	-0.106532	-0.0955199	-0.0919414	-0.102948	-0.106401	-0.097413	-0.093918	-0.103164	-0.116631	-0.117143	-0.102399	-0.100413	-0.119479	-0.138711	-0.153086	-0.15657	-0.140756	-0.122556	-0.126964	-0.170902	-0.253614	-0.355916	
-0.463161	-0.536876	-0.568377	-0.528053	-0.413471	-0.24754	-0.0440119	0.17401	0.392402	0.596847	0.746643	0.816395	0.799352	0.70221	0.562787	0.411153	0.273643	0.166485	0.0893519	0.0395909	0.0108973	-0.00678578	-0.0134008	-0.0191346	-0.0191245	-0.0211627	-0.0202286	-0.0209081	-0.02052	-0.0204346	-0.0208008	-0.0201275	-0.0212085	-0.0199278	-0.021494	-0.0192895	-0.0201012	-0.0154103	-0.0107707	0.00286348	0.0259049	0.0665299	0.131945	0.227266	0.352693	0.502775	0.648825	0.768803	0.819661	0.784932	0.664828	0.478404	0.261409	0.0423334	-0.168934	-0.353198	-0.489125	-0.562182	-0.556027	-0.496357	-0.405675	-0.300798	-0.207441	-0.142717	-0.119519	-0.130907	-0.152881	-0.15766	-0.145314	-0.12989	-0.108417	-0.0984867	-0.11161	-0.119539	-0.109957	-0.0974265	-0.0948708	-0.103448	-0.106326	-0.0964082	-0.0932659	-0.103038	-0.106175	-0.0979636	-0.094778	-0.104077	-0.117242	-0.117089	-0.10236	-0.101365	-0.121269	-0.139901	-0.153667	-0.157577	-0.140571	-0.120831	-0.128191	-0.177106	-0.261013	-0.36391	
-0.468898	-0.541286	-0.570097	-0.523779	-0.40163	-0.228583	-0.0241589	0.194922	0.413797	0.611091	0.756064	0.81766	0.793017	0.69226	0.550647	0.400672	0.265026	0.162131	0.0863046	0.0406606	0.0116358	-0.00313648	-0.0108207	-0.0146253	-0.0158399	-0.0163604	-0.0167585	-0.0159601	-0.0170244	-0.0154758	-0.0172133	-0.0153957	-0.0173149	-0.0157297	-0.0170985	-0.0158411	-0.0154103	-0.0126902	-0.00691571	0.00472533	0.0267081	0.0659713	0.127357	0.221031	0.342651	0.490762	0.638224	0.760554	0.817624	0.791799	0.677354	0.496877	0.283669	0.0626172	-0.149707	-0.337485	-0.482552	-0.561933	-0.559608	-0.502093	-0.412914	-0.310966	-0.215895	-0.147035	-0.121895	-0.130437	-0.150073	-0.156971	-0.148548	-0.133183	-0.109071	-0.0982265	-0.111707	-0.120095	-0.110947	-0.0984464	-0.0957639	-0.103549	-0.105957	-0.097483	-0.0949266	-0.103116	-0.105845	-0.0986123	-0.0957634	-0.105194	-0.118245	-0.117133	-0.101609	-0.101688	-0.124361	-0.143531	-0.154088	-0.155226	-0.138699	-0.12186	-0.132252	-0.183991	-0.270882	-0.373074	
-0.480864	-0.545974	-0.56599	-0.512977	-0.385107	-0.210528	-0.00333552	0.216303	0.433362	0.629755	0.767296	0.822012	0.789902	0.683944	0.540321	0.390756	0.257899	0.157041	0.0854354	0.0403933	0.0150699	-0.00042069	-0.00525753	-0.0102063	-0.00920178	-0.0108886	-0.00946706	-0.00980956	-0.00939576	-0.0088899	-0.00967219	-0.00851626	-0.0103911	-0.00868025	-0.0112514	-0.00897004	-0.0107707	-0.00691571	-0.00335837	0.00777806	0.028562	0.0644299	0.124953	0.214028	0.333808	0.480683	0.628216	0.755112	0.818948	0.799896	0.693109	0.516994	0.303668	0.0838174	-0.130179	-0.320411	-0.468793	-0.554875	-0.56064	-0.511304	-0.425676	-0.322465	-0.226001	-0.15337	-0.121153	-0.128087	-0.150867	-0.157719	-0.149203	-0.135805	-0.111681	-0.0988168	-0.110979	-0.120186	-0.112323	-0.0999075	-0.096837	-0.103535	-0.105425	-0.0988105	-0.0969596	-0.103123	-0.105323	-0.0994572	-0.0971756	-0.106453	-0.118823	-0.116922	-0.101801	-0.103143	-0.126693	-0.145286	-0.154994	-0.156163	-0.137897	-0.119705	-0.134922	-0.193254	-0.281927	-0.385035	
-0.489525	-0.552955	-0.564864	-0.502354	-0.366442	-0.185238	0.0228114	0.243753	0.459258	0.649082	0.780655	0.824624	0.785592	0.674635	0.529487	0.382638	0.252618	0.156745	0.0884114	0.0470496	0.0235235	0.0105585	0.00588539	0.00329122	0.00331352	0.00404381	0.00399018	0.00576872	0.00481499	0.00667079	0.00508618	0.00645714	0.004617	0.00528803	0.00350915	0.00383741	0.00286348	0.00472533	0.00777806	0.0175698	0.0354056	0.0696917	0.12548	0.210885	0.326956	0.470173	0.618132	0.74866	0.817996	0.809491	0.710646	0.540049	0.331521	0.111119	-0.104726	-0.298344	-0.455086	-0.549926	-0.564897	-0.520381	-0.435068	-0.334376	-0.237212	-0.160004	-0.124621	-0.128377	-0.147757	-0.155827	-0.152455	-0.140283	-0.113347	-0.0988788	-0.110775	-0.120534	-0.11359	-0.101489	-0.0982413	-0.103524	-0.104699	-0.100357	-0.0993726	-0.1031	-0.104636	-0.100411	-0.0988417	-0.108004	-0.119635	-0.116539	-0.101357	-0.104437	-0.13068	-0.149282	-0.1548	-0.152954	-0.136369	-0.122039	-0.140662	-0.202707	-0.294211	-0.395611	
-0.500153	-0.555037	-0.55895	-0.488113	-0.343679	-0.158612	0.0523658	0.274245	0.488735	0.673762	0.796852	0.832754	0.783925	0.670036	0.523386	0.379212	0.254373	0.162458	0.0995908	0.0613148	0.0410725	0.0300677	0.0273991	0.0256742	0.0275249	0.0281936	0.0299875	0.0311551	0.0316976	0.0328538	0.0319619	0.0329046	0.0306978	0.0312976	0.0282344	0.0284545	0.0259049	0.0267081	0.028562	0.0354056	0.0519966	0.0813901	0.134133	0.21397	0.32546	0.46492	0.61262	0.744907	0.822327	0.822428	0.731607	0.568699	0.361517	0.140704	-0.0766936	-0.273441	-0.437165	-0.540757	-0.563721	-0.527428	-0.448443	-0.349669	-0.251029	-0.16917	-0.125801	-0.125768	-0.147115	-0.156503	-0.153932	-0.143017	-0.116425	-0.100537	-0.110161	-0.12008	-0.114974	-0.103635	-0.0999786	-0.103372	-0.103772	-0.102167	-0.102163	-0.103006	-0.103755	-0.101596	-0.100979	-0.109637	-0.119953	-0.116031	-0.102025	-0.106641	-0.133531	-0.151737	-0.155926	-0.152874	-0.134537	-0.120691	-0.146088	-0.215465	-0.309146	-0.410065	
-0.511173	-0.560111	-0.549822	-0.468258	-0.316397	-0.124423	0.0885467	0.311574	0.524694	0.704857	0.819434	0.844869	0.789595	0.670318	0.524968	0.384863	0.26521	0.180384	0.123001	0.0893947	0.0738722	0.0651269	0.0657839	0.0657759	0.069225	0.0718646	0.0739107	0.076911	0.0771192	0.0792808	0.0780515	0.0788074	0.0763651	0.0757602	0.0721296	0.0707665	0.0665299	0.0659713	0.0644299	0.0696917	0.0813901	0.107089	0.154217	0.227372	0.333347	0.467641	0.612666	0.74839	0.831078	0.840656	0.760175	0.602711	0.398802	0.178267	-0.0413599	-0.243168	-0.414402	-0.526485	-0.563464	-0.53748	-0.460577	-0.363565	-0.264508	-0.178504	-0.130633	-0.126633	-0.144124	-0.153821	-0.156417	-0.14782	-0.119594	-0.101718	-0.109609	-0.119804	-0.116388	-0.105967	-0.102021	-0.103207	-0.102712	-0.104194	-0.105276	-0.102904	-0.102719	-0.102901	-0.103508	-0.111603	-0.120206	-0.115083	-0.102476	-0.109443	-0.137931	-0.155328	-0.155124	-0.149265	-0.133531	-0.124283	-0.153744	-0.227474	-0.323512	-0.422669	
-0.517493	-0.558858	-0.538621	-0.443434	-0.280006	-0.082547	0.13393	0.359364	0.570618	0.743879	0.85141	0.86747	0.804246	0.685657	0.540815	0.407644	0.296249	0.217507	0.168428	0.139589	0.128284	0.12425	0.126047	0.130247	0.134078	0.13946	0.142278	0.146322	0.14762	0.149488	0.149203	0.148712	0.14681	0.144106	0.140676	0.136248	0.131945	0.127357	0.124953	0.12548	0.134133	0.154217	0.195206	0.260679	0.359812	0.48532	0.628521	0.762125	0.8502	0.86933	0.795995	0.646672	0.44645	0.224404	0.00150101	-0.203582	-0.384286	-0.510216	-0.558801	-0.540648	-0.470916	-0.379679	-0.281348	-0.190715	-0.134572	-0.124903	-0.141697	-0.153301	-0.158318	-0.150699	-0.12328	-0.104675	-0.109265	-0.118708	-0.117584	-0.108822	-0.104492	-0.102973	-0.10155	-0.106414	-0.108623	-0.102814	-0.101609	-0.104417	-0.106463	-0.113626	-0.120011	-0.114094	-0.103943	-0.112937	-0.141319	-0.157984	-0.155677	-0.14739	-0.131052	-0.125129	-0.162553	-0.243246	-0.340591	-0.435837	
-0.523765	-0.552115	-0.514325	-0.408295	-0.236188	-0.0286313	0.192172	0.419974	0.633511	0.801946	0.899355	0.908059	0.837901	0.716976	0.577685	0.450707	0.348765	0.280111	0.238223	0.217406	0.211655	0.211778	0.218549	0.224454	0.232244	0.238574	0.243784	0.248692	0.250849	0.253415	0.252754	0.252575	0.24922	0.246365	0.240365	0.23526	0.227266	0.221031	0.214028	0.210885	0.21397	0.227372	0.260679	0.317287	0.406295	0.524629	0.661232	0.794185	0.887877	0.91344	0.850672	0.708082	0.508296	0.283943	0.0583014	-0.155469	-0.346467	-0.480217	-0.544863	-0.542742	-0.481644	-0.394487	-0.295541	-0.201957	-0.14117	-0.125685	-0.137944	-0.150226	-0.159695	-0.154493	-0.12784	-0.107834	-0.108693	-0.11747	-0.118855	-0.111958	-0.107189	-0.102767	-0.100475	-0.108759	-0.112046	-0.102819	-0.100527	-0.10607	-0.109829	-0.115854	-0.119442	-0.112725	-0.105865	-0.117392	-0.145333	-0.160523	-0.154411	-0.143109	-0.12969	-0.129744	-0.172051	-0.256482	-0.355599	-0.448382	
-0.520339	-0.538828	-0.482989	-0.35595	-0.170856	0.0435717	0.271163	0.502559	0.713571	0.878148	0.969379	0.969535	0.896677	0.778543	0.643585	0.527235	0.435165	0.374355	0.34263	0.325886	0.326377	0.330213	0.338975	0.349139	0.356814	0.366694	0.371728	0.378363	0.38113	0.383381	0.384061	0.381838	0.380143	0.374003	0.369398	0.360398	0.352693	0.342651	0.333808	0.326956	0.32546	0.333347	0.359812	0.406295	0.487748	0.59369	0.724624	0.853383	0.947342	0.980435	0.924487	0.78712	0.590545	0.364972	0.13261	-0.0871817	-0.287254	-0.440353	-0.525693	-0.535709	-0.483429	-0.404249	-0.310201	-0.215144	-0.14653	-0.124419	-0.133951	-0.147502	-0.160075	-0.156713	-0.132476	-0.112265	-0.108669	-0.115767	-0.119715	-0.115336	-0.110207	-0.10271	-0.0996285	-0.111102	-0.115337	-0.103028	-0.0996719	-0.107847	-0.113464	-0.118136	-0.118478	-0.111206	-0.108609	-0.122729	-0.148598	-0.161574	-0.153103	-0.139178	-0.126537	-0.132155	-0.182459	-0.271393	-0.368249	-0.45351	
-0.504095	-0.503995	-0.429563	-0.287556	-0.0878496	0.141376	0.376	0.613653	0.828896	0.985412	1.06749	1.06107	0.980873	0.864917	0.737509	0.62872	0.548961	0.49769	0.472738	0.46479	0.467055	0.476648	0.486104	0.498591	0.507455	0.517556	0.523825	0.53017	0.53351	0.535844	0.53624	0.534536	0.531977	0.526281	0.520707	0.511282	0.502775	0.490762	0.480683	0.470173	0.46492	0.467641	0.48532	0.524629	0.59369	0.690317	0.814101	0.936826	1.03632	1.07495	1.02834	0.899651	0.704254	0.47205	0.234252	0.00300551	-0.214228	-0.380222	-0.482913	-0.51225	-0.477315	-0.410222	-0.318995	-0.223207	-0.152274	-0.123452	-0.126664	-0.142063	-0.15926	-0.158099	-0.13733	-0.117363	-0.108674	-0.113662	-0.120402	-0.118894	-0.113308	-0.102876	-0.0992745	-0.113333	-0.118229	-0.103543	-0.0992733	-0.109744	-0.117207	-0.12028	-0.117141	-0.109773	-0.111926	-0.128234	-0.151308	-0.16179	-0.149647	-0.131849	-0.12244	-0.13558	-0.190096	-0.279958	-0.375977	-0.453358	
-0.472817	-0.451666	-0.349115	-0.182027	0.0300337	0.268776	0.514106	0.75343	0.967581	1.12203	1.19314	1.17962	1.09641	0.980338	0.858036	0.756996	0.683285	0.638144	0.617871	0.610697	0.61601	0.623726	0.634284	0.645039	0.65348	0.662624	0.668032	0.673775	0.676724	0.678522	0.679278	0.67724	0.675528	0.670054	0.665313	0.65689	0.648825	0.638224	0.628216	0.618132	0.61262	0.612666	0.628521	0.661232	0.724624	0.814101	0.930636	1.05216	1.15274	1.19742	1.16098	1.03836	0.844088	0.611631	0.366644	0.123498	-0.10192	-0.288178	-0.420629	-0.472982	-0.45582	-0.399504	-0.317208	-0.227564	-0.152302	-0.116654	-0.117896	-0.135162	-0.154345	-0.156472	-0.14186	-0.122846	-0.108878	-0.111414	-0.120664	-0.122189	-0.116327	-0.103521	-0.0996848	-0.115253	-0.120426	-0.104506	-0.0995701	-0.111676	-0.120876	-0.122212	-0.115231	-0.108064	-0.115988	-0.134359	-0.151754	-0.157693	-0.143902	-0.123371	-0.114044	-0.133015	-0.19356	-0.281581	-0.369199	-0.436385	
-0.408239	-0.365436	-0.240445	-0.0500298	0.181642	0.433883	0.686288	0.931076	1.13979	1.2802	1.33792	1.3099	1.21768	1.10014	0.98058	0.882567	0.815521	0.7715	0.75259	0.745366	0.746014	0.753243	0.757237	0.766527	0.769783	0.776521	0.779049	0.782323	0.784412	0.784551	0.786147	0.783576	0.784392	0.779362	0.77881	0.771662	0.768803	0.760554	0.755112	0.74866	0.744907	0.74839	0.762125	0.794185	0.853383	0.936826	1.05216	1.1714	1.27935	1.33578	1.31417	1.20505	1.02069	0.786634	0.534588	0.282228	0.0382834	-0.170684	-0.325104	-0.399619	-0.405733	-0.3703	-0.30161	-0.217521	-0.144585	-0.10592	-0.100758	-0.119969	-0.145286	-0.152128	-0.14401	-0.127363	-0.109204	-0.108842	-0.120131	-0.124952	-0.119098	-0.104766	-0.101057	-0.116684	-0.121635	-0.106025	-0.100872	-0.113572	-0.12389	-0.123476	-0.113184	-0.106424	-0.118963	-0.138516	-0.150294	-0.150249	-0.131164	-0.106314	-0.0999092	-0.124784	-0.185427	-0.268297	-0.346562	-0.395778	
-0.315852	-0.240542	-0.0879212	0.123097	0.363966	0.623985	0.881204	1.11969	1.32157	1.44626	1.48109	1.43733	1.32989	1.20322	1.08011	0.979207	0.908582	0.86297	0.836831	0.825584	0.818628	0.819241	0.817453	0.819543	0.818693	0.819699	0.81909	0.819265	0.818869	0.818907	0.818746	0.818933	0.819081	0.819088	0.81964	0.818749	0.819661	0.817624	0.818948	0.817996	0.822327	0.831078	0.8502	0.887877	0.947342	1.03632	1.15274	1.27935	1.40013	1.47184	1.47107	1.38138	1.20792	0.979128	0.728534	0.466913	0.215732	-0.00765412	-0.189085	-0.293864	-0.33083	-0.31479	-0.259384	-0.189662	-0.12123	-0.0780227	-0.0735906	-0.0990765	-0.126897	-0.139033	-0.142122	-0.130021	-0.10837	-0.105487	-0.118643	-0.12656	-0.121089	-0.106701	-0.103592	-0.117459	-0.121599	-0.108085	-0.103273	-0.115368	-0.125947	-0.123357	-0.109896	-0.104303	-0.121209	-0.139303	-0.141115	-0.133498	-0.11167	-0.0814646	-0.0716514	-0.0997788	-0.16075	-0.23255	-0.295909	-0.330001	
-0.187805	-0.0878313	0.0891663	0.32008	0.570732	0.829678	1.08312	1.30929	1.48472	1.58371	1.58756	1.5167	1.3923	1.25124	1.12175	1.01379	0.938044	0.884077	0.850808	0.828884	0.813821	0.803769	0.794625	0.787581	0.781246	0.775079	0.771299	0.766362	0.765119	0.762245	0.763354	0.763106	0.766288	0.768768	0.773689	0.778579	0.784932	0.791799	0.799896	0.809491	0.822428	0.840656	0.86933	0.91344	0.980435	1.07495	1.19742	1.33578	1.47184	1.56675	1.5965	1.53489	1.38712	1.17786	0.933129	0.673625	0.419133	0.177141	-0.0262412	-0.155892	-0.217156	-0.221381	-0.188697	-0.134979	-0.0747056	-0.0356646	-0.0308623	-0.0583169	-0.0934611	-0.117385	-0.13235	-0.125998	-0.104943	-0.100985	-0.114986	-0.125804	-0.121876	-0.109333	-0.107152	-0.117331	-0.120153	-0.110629	-0.106734	-0.116544	-0.125985	-0.121275	-0.105304	-0.0997342	-0.117936	-0.133443	-0.124528	-0.103844	-0.0735494	-0.038953	-0.0286737	-0.0560202	-0.110329	-0.168799	-0.212268	-0.224384	
-0.0291863	0.0942016	0.28217	0.518799	0.766428	1.0162	1.25413	1.45835	1.60351	1.66356	1.63162	1.52684	1.37843	1.21986	1.07855	0.962084	0.877078	0.816195	0.772241	0.74316	0.717542	0.700575	0.682799	0.669911	0.65717	0.64695	0.638564	0.631753	0.627385	0.624787	0.624342	0.626149	0.629799	0.635603	0.643552	0.652749	0.664828	0.677354	0.693109	0.710646	0.731607	0.760175	0.795995	0.850672	0.924487	1.02834	1.16098	1.31417	1.47107	1.5965	1.66162	1.63767	1.52583	1.34089	1.11409	0.866656	0.617115	0.373378	0.161794	0.0129771	-0.0751897	-0.103546	-0.0888931	-0.050857	-0.00215313	0.0358781	0.0384024	0.000971162	-0.0423134	-0.0768783	-0.107389	-0.112531	-0.0960818	-0.0923674	-0.107463	-0.12157	-0.120491	-0.111969	-0.111237	-0.116128	-0.117161	-0.113146	-0.11077	-0.116657	-0.1227	-0.114799	-0.097149	-0.0916698	-0.106679	-0.113232	-0.0904737	-0.0566647	-0.0173603	0.0262804	0.0426344	0.0161489	-0.0323564	-0.0754838	-0.101302	-0.093718	
0.127187	0.269546	0.463583	0.693297	0.927599	1.15466	1.36653	1.53561	1.63914	1.65745	1.58336	1.44754	1.27593	1.10225	0.951971	0.828163	0.736663	0.669326	0.618314	0.581846	0.550592	0.525832	0.504952	0.48494	0.471015	0.455287	0.446565	0.436402	0.431806	0.428212	0.427309	0.430526	0.43349	0.442986	0.450544	0.465133	0.478404	0.496877	0.516994	0.540049	0.568699	0.602711	0.646672	0.708082	0.78712	0.899651	1.03836	1.20505	1.38138	1.53489	1.63767	1.65763	1.58675	1.43981	1.2435	1.01896	0.787852	0.552927	0.341162	0.177396	0.0725579	0.0351482	0.0366841	0.0600465	0.0995838	0.131794	0.12938	0.0896543	0.0394418	-0.0137725	-0.0631456	-0.0814409	-0.0756567	-0.0769019	-0.093593	-0.111028	-0.115112	-0.113474	-0.114741	-0.113373	-0.112455	-0.114746	-0.113953	-0.114078	-0.114304	-0.101947	-0.0818048	-0.0738421	-0.0811111	-0.0750104	-0.0346857	0.0185974	0.0694793	0.11687	0.135979	0.114751	0.0746888	0.0435404	0.0328067	0.0507401	
0.266778	0.407195	0.594446	0.808136	1.01923	1.21843	1.39759	1.52959	1.58658	1.56121	1.44957	1.28166	1.09598	0.91013	0.757095	0.63204	0.537934	0.469612	0.416003	0.375442	0.343294	0.313268	0.292399	0.268487	0.254192	0.236687	0.22708	0.216528	0.211201	0.207599	0.206689	0.209866	0.213503	0.223376	0.231649	0.248023	0.261409	0.283669	0.303668	0.331521	0.361517	0.398802	0.44645	0.508296	0.590545	0.704254	0.844088	1.02069	1.20792	1.38712	1.52583	1.58675	1.56183	1.4579	1.29421	1.09974	0.894366	0.677763	0.477754	0.316156	0.211553	0.168425	0.160458	0.178538	0.214587	0.248216	0.249376	0.207893	0.14747	0.0779364	0.0118338	-0.0259024	-0.0389186	-0.0485251	-0.0680193	-0.0908342	-0.103389	-0.111252	-0.115291	-0.108113	-0.105453	-0.113667	-0.113971	-0.106251	-0.0970392	-0.078229	-0.0552352	-0.0414803	-0.0328297	-0.00774111	0.0495466	0.120771	0.184726	0.236664	0.254689	0.229986	0.190903	0.165233	0.16197	0.187699	
0.352935	0.489226	0.656141	0.844488	1.03129	1.19961	1.34502	1.44095	1.45704	1.38951	1.24993	1.05901	0.862837	0.677833	0.523294	0.404911	0.312883	0.246519	0.19563	0.154394	0.123127	0.0936944	0.0713597	0.049826	0.0330198	0.0182692	0.00652329	-0.00210029	-0.00853929	-0.0114849	-0.012413	-0.00985387	-0.00525058	0.00290595	0.01293	0.0269613	0.0423334	0.0626172	0.0838174	0.111119	0.140704	0.178267	0.224404	0.283943	0.364972	0.47205	0.611631	0.786634	0.979128	1.17786	1.34089	1.43981	1.4579	1.39135	1.26142	1.10112	0.921227	0.729408	0.5535	0.401519	0.299106	0.25805	0.256933	0.28399	0.327274	0.368065	0.376626	0.344342	0.284499	0.201531	0.118165	0.0593812	0.0235909	0.000143956	-0.0259342	-0.0562696	-0.0805726	-0.100852	-0.109268	-0.0984497	-0.0945998	-0.10664	-0.106463	-0.0891362	-0.0668206	-0.0379649	-0.00947651	0.0131075	0.0426811	0.0918173	0.166677	0.252976	0.323522	0.367866	0.376166	0.345915	0.299862	0.264781	0.254664	0.275696	
0.364075	0.492403	0.647986	0.808226	0.970258	1.11545	1.22886	1.29093	1.27416	1.17319	1.01056	0.810208	0.609545	0.429989	0.282898	0.169938	0.0853749	0.0223923	-0.0253691	-0.063587	-0.093859	-0.120863	-0.141866	-0.16203	-0.176869	-0.19099	-0.200957	-0.209198	-0.214724	-0.217343	-0.218443	-0.215653	-0.212226	-0.204042	-0.195908	-0.182242	-0.168934	-0.149707	-0.130179	-0.104726	-0.0766936	-0.0413599	0.00150101	0.0583014	0.13261	0.234252	0.366644	0.534588	0.728534	0.933129	1.11409	1.2435	1.29421	1.26142	1.16588	1.03142	0.873378	0.711367	0.553598	0.408689	0.31835	0.289355	0.301753	0.343076	0.40041	0.459942	0.493624	0.484876	0.432043	0.345388	0.25601	0.178197	0.115455	0.074531	0.0398583	-0.000709633	-0.040945	-0.0761152	-0.0908112	-0.0803756	-0.0765174	-0.0887597	-0.0850798	-0.0560836	-0.0175082	0.0241259	0.0613215	0.0970843	0.150425	0.222977	0.308963	0.399935	0.468662	0.496082	0.477849	0.424907	0.364755	0.315174	0.290362	0.300522	
0.314879	0.428206	0.57265	0.720505	0.862837	0.989551	1.08039	1.10966	1.0614	0.934213	0.754467	0.548463	0.353159	0.18298	0.0466164	-0.0535531	-0.131096	-0.185637	-0.227995	-0.262643	-0.287932	-0.312674	-0.330494	-0.347235	-0.361226	-0.371093	-0.38151	-0.386321	-0.392303	-0.393619	-0.39457	-0.392926	-0.388939	-0.383779	-0.375418	-0.36553	-0.353198	-0.337485	-0.320411	-0.298344	-0.273441	-0.243168	-0.203582	-0.155469	-0.0871817	0.00300551	0.123498	0.282228	0.466913	0.673625	0.866656	1.01896	1.09974	1.10112	1.03142	0.915977	0.778825	0.632262	0.484196	0.353993	0.274455	0.248737	0.270696	0.331043	0.41396	0.501113	0.567062	0.593986	0.566725	0.495367	0.410702	0.320076	0.236708	0.179781	0.133788	0.0804586	0.0225789	-0.0281498	-0.0517673	-0.0474168	-0.0448935	-0.0524004	-0.0414804	0.000444834	0.0574092	0.113703	0.160903	0.210602	0.285329	0.375076	0.461604	0.541771	0.589784	0.583368	0.531319	0.4497	0.362514	0.291125	0.25218	0.257897	
0.219762	0.331824	0.464346	0.597963	0.730174	0.840039	0.909877	0.915008	0.839744	0.690307	0.500712	0.29533	0.104812	-0.04882	-0.174098	-0.260657	-0.324417	-0.371473	-0.402287	-0.429164	-0.448359	-0.462809	-0.478377	-0.485219	-0.497526	-0.500893	-0.508657	-0.51112	-0.513875	-0.516316	-0.514403	-0.516624	-0.510654	-0.511765	-0.502469	-0.500859	-0.489125	-0.482552	-0.468793	-0.455086	-0.437165	-0.414402	-0.384286	-0.346467	-0.287254	-0.214228	-0.10192	0.0382834	0.215732	0.419133	0.617115	0.787852	0.894366	0.921227	0.873378	0.778825	0.651822	0.517458	0.383988	0.259676	0.175428	0.143541	0.173151	0.251904	0.353278	0.464375	0.57244	0.647643	0.657961	0.618626	0.556807	0.470182	0.378208	0.30962	0.254259	0.190715	0.11716	0.0522465	0.0176013	0.0102535	0.0100967	0.0124014	0.0344206	0.0884531	0.161597	0.231074	0.287404	0.346789	0.432011	0.525493	0.596241	0.646103	0.660175	0.60878	0.508697	0.396732	0.290992	0.200181	0.148175	0.156047	
0.0949646	0.210329	0.345931	0.470452	0.588916	0.685927	0.730442	0.70722	0.611997	0.448985	0.25539	0.0650275	-0.111116	-0.244726	-0.347082	-0.41952	-0.46582	-0.499257	-0.521718	-0.534138	-0.548481	-0.551519	-0.560913	-0.561266	-0.56618	-0.566446	-0.568233	-0.568678	-0.568983	-0.56936	-0.569031	-0.569443	-0.56826	-0.56906	-0.566207	-0.567263	-0.562182	-0.561933	-0.554875	-0.549926	-0.540757	-0.526485	-0.510216	-0.480217	-0.440353	-0.380222	-0.288178	-0.170684	-0.00765412	0.177141	0.373378	0.552927	0.677763	0.729408	0.711367	0.632262	0.517458	0.398086	0.26381	0.136719	0.0457296	0.00562107	0.0346739	0.113329	0.222201	0.357445	0.502142	0.619323	0.678509	0.691095	0.666139	0.598796	0.516914	0.450408	0.393725	0.326598	0.245109	0.172666	0.127743	0.105166	0.101297	0.116492	0.151384	0.213588	0.294688	0.368734	0.427795	0.488241	0.565815	0.643378	0.685612	0.68814	0.650287	0.554784	0.415978	0.273323	0.153863	0.0616306	0.00871722	0.0225599	
-0.0315238	0.079254	0.2109	0.337293	0.446725	0.532347	0.563465	0.516283	0.401923	0.237882	0.0460541	-0.125889	-0.275538	-0.386659	-0.461167	-0.51091	-0.539375	-0.55345	-0.563038	-0.563389	-0.564893	-0.562499	-0.559824	-0.55778	-0.553803	-0.552003	-0.549059	-0.547017	-0.54641	-0.544121	-0.546107	-0.544051	-0.547999	-0.547038	-0.551552	-0.552689	-0.556027	-0.559608	-0.56064	-0.564897	-0.563721	-0.563464	-0.558801	-0.544863	-0.525693	-0.482913	-0.420629	-0.325104	-0.189085	-0.0262412	0.161794	0.341162	0.477754	0.5535	0.553598	0.484196	0.383988	0.26381	0.129404	0.0107171	-0.0872015	-0.141946	-0.130277	-0.0626142	0.0496035	0.194193	0.359442	0.514543	0.625097	0.690011	0.70779	0.679204	0.629363	0.579396	0.532492	0.475733	0.403074	0.335839	0.285642	0.249207	0.241996	0.269248	0.313576	0.374249	0.448311	0.511788	0.56018	0.608572	0.660885	0.701392	0.702611	0.656336	0.565067	0.424507	0.258952	0.104062	-0.0221665	-0.108559	-0.1458	-0.115708	
-0.155473	-0.0383445	0.0865453	0.212913	0.319721	0.393282	0.412994	0.359854	0.236165	0.0813378	-0.0909169	-0.243261	-0.360951	-0.448525	-0.498966	-0.528999	-0.540805	-0.543093	-0.53844	-0.532919	-0.522296	-0.516312	-0.504721	-0.499786	-0.489812	-0.486107	-0.47894	-0.476598	-0.47274	-0.47181	-0.471567	-0.471916	-0.475463	-0.476996	-0.484022	-0.487131	-0.496357	-0.502093	-0.511304	-0.520381	-0.527428	-0.53748	-0.540648	-0.542742	-0.535709	-0.51225	-0.472982	-0.399619	-0.293864	-0.155892	0.0129771	0.177396	0.316156	0.401519	0.408689	0.353993	0.259676	0.136719	0.0107171	-0.108713	-0.223919	-0.299218	-0.305921	-0.249491	-0.145705	-0.00254679	0.173038	0.348731	0.498795	0.61358	0.677444	0.696293	0.689799	0.66977	0.648316	0.62073	0.578563	0.534286	0.490553	0.449027	0.440223	0.473002	0.516788	0.560164	0.605364	0.638922	0.661426	0.682583	0.695509	0.689533	0.645566	0.549699	0.413156	0.244907	0.0648621	-0.0927144	-0.213504	-0.289535	-0.310682	-0.261277	
-0.278696	-0.141262	-0.00861314	0.126398	0.239779	0.309045	0.314373	0.254508	0.131896	-0.0169699	-0.161756	-0.290818	-0.378912	-0.440086	-0.470783	-0.483164	-0.48294	-0.47626	-0.464449	-0.453937	-0.439879	-0.429906	-0.417468	-0.408952	-0.399364	-0.392883	-0.386219	-0.382376	-0.378444	-0.37757	-0.376383	-0.378355	-0.380286	-0.384547	-0.390186	-0.396042	-0.405675	-0.412914	-0.425676	-0.435068	-0.448443	-0.460577	-0.470916	-0.481644	-0.483429	-0.477315	-0.45582	-0.405733	-0.33083	-0.217156	-0.0751897	0.0725579	0.211553	0.299106	0.31835	0.274455	0.175428	0.0457296	-0.0872015	-0.223919	-0.357006	-0.444953	-0.471335	-0.440648	-0.352796	-0.215374	-0.0453485	0.140677	0.327189	0.48036	0.58003	0.6464	0.689122	0.708466	0.723873	0.741289	0.7513	0.75021	0.730215	0.698861	0.691482	0.717688	0.744674	0.752593	0.746535	0.730489	0.714318	0.699749	0.666221	0.609196	0.526508	0.393846	0.216952	0.0282036	-0.150833	-0.302027	-0.412153	-0.466308	-0.462186	-0.40027	
-0.360995	-0.203323	-0.0533218	0.0906048	0.212449	0.281853	0.279273	0.209658	0.0918559	-0.0503105	-0.176931	-0.281831	-0.351874	-0.390488	-0.408038	-0.407659	-0.398919	-0.385854	-0.369898	-0.354964	-0.340381	-0.326553	-0.315564	-0.304068	-0.296328	-0.288012	-0.282782	-0.278029	-0.274921	-0.273725	-0.272696	-0.274888	-0.276125	-0.281454	-0.28539	-0.293436	-0.300798	-0.310966	-0.322465	-0.334376	-0.349669	-0.363565	-0.379679	-0.394487	-0.404249	-0.410222	-0.399504	-0.3703	-0.31479	-0.221381	-0.103546	0.0351482	0.168425	0.25805	0.289355	0.248737	0.143541	0.00562107	-0.141946	-0.299218	-0.444953	-0.555136	-0.625955	-0.631322	-0.560734	-0.438377	-0.278742	-0.0847523	0.12202	0.299135	0.435373	0.549245	0.636683	0.696195	0.753833	0.82563	0.90151	0.957953	0.978551	0.974801	0.972792	0.978679	0.970458	0.927632	0.857006	0.780886	0.717596	0.663237	0.588095	0.482774	0.358615	0.19824	-0.00221236	-0.204036	-0.379141	-0.517065	-0.610403	-0.638063	-0.5888	-0.493461	
-0.373996	-0.200452	-0.028858	0.12185	0.23867	0.297882	0.283376	0.203414	0.0879795	-0.0407102	-0.152488	-0.234791	-0.288308	-0.313375	-0.319576	-0.314644	-0.301541	-0.286782	-0.271464	-0.255571	-0.243113	-0.229735	-0.220064	-0.210534	-0.203026	-0.197154	-0.191778	-0.188754	-0.185722	-0.184884	-0.184297	-0.185423	-0.187265	-0.190506	-0.194795	-0.200493	-0.207441	-0.215895	-0.226001	-0.237212	-0.251029	-0.264508	-0.281348	-0.295541	-0.310201	-0.318995	-0.317208	-0.30161	-0.259384	-0.188697	-0.0888931	0.0366841	0.160458	0.256933	0.301753	0.270696	0.173151	0.0346739	-0.130277	-0.305921	-0.471335	-0.625955	-0.745271	-0.783943	-0.74622	-0.655336	-0.516378	-0.329068	-0.11296	0.0900322	0.265068	0.420043	0.547746	0.649723	0.75171	0.876641	1.01531	1.12986	1.20041	1.23633	1.24232	1.2185	1.16358	1.06547	0.931906	0.7993	0.689069	0.590421	0.475156	0.329021	0.163101	-0.0274537	-0.244642	-0.446895	-0.6047	-0.716383	-0.776632	-0.771398	-0.681189	-0.534432	
-0.325309	-0.136915	0.0454211	0.202416	0.307958	0.34668	0.315284	0.223681	0.107599	-0.00872595	-0.10497	-0.17093	-0.208869	-0.225245	-0.226088	-0.218139	-0.208186	-0.193978	-0.184094	-0.171912	-0.163787	-0.155652	-0.149388	-0.144272	-0.140246	-0.136641	-0.134927	-0.132084	-0.132209	-0.130156	-0.13146	-0.130566	-0.132629	-0.133251	-0.13613	-0.138498	-0.142717	-0.147035	-0.15337	-0.160004	-0.16917	-0.178504	-0.190715	-0.201957	-0.215144	-0.223207	-0.227564	-0.217521	-0.189662	-0.134979	-0.050857	0.0600465	0.178538	0.28399	0.343076	0.331043	0.251904	0.113329	-0.0626142	-0.249491	-0.440648	-0.631322	-0.783943	-0.869568	-0.890936	-0.848606	-0.740945	-0.569682	-0.357783	-0.140467	0.0713447	0.269581	0.440404	0.589527	0.737766	0.906053	1.08771	1.24536	1.36134	1.43568	1.44927	1.39637	1.29737	1.1556	0.978022	0.802474	0.648395	0.501318	0.341623	0.153702	-0.0554766	-0.270242	-0.48767	-0.680131	-0.812834	-0.881647	-0.886193	-0.826206	-0.699304	-0.518342	
-0.227553	-0.0263722	0.157158	0.307159	0.399409	0.413624	0.362852	0.26211	0.143802	0.0361488	-0.0496795	-0.105388	-0.137868	-0.149733	-0.153949	-0.148032	-0.144122	-0.1369	-0.132098	-0.128134	-0.124747	-0.122812	-0.121748	-0.12008	-0.121046	-0.119125	-0.121058	-0.119174	-0.12103	-0.119579	-0.120724	-0.119973	-0.120147	-0.120306	-0.11954	-0.120785	-0.119519	-0.121895	-0.121153	-0.124621	-0.125801	-0.130633	-0.134572	-0.14117	-0.14653	-0.152274	-0.152302	-0.144585	-0.12123	-0.0747056	-0.00215313	0.0995838	0.214587	0.327274	0.40041	0.41396	0.353278	0.222201	0.0496035	-0.145705	-0.352796	-0.560734	-0.74622	-0.890936	-0.975524	-0.980188	-0.909607	-0.778752	-0.599598	-0.377249	-0.129408	0.10647	0.320414	0.525575	0.723882	0.921469	1.1189	1.29519	1.43733	1.53348	1.55152	1.48233	1.35651	1.19374	1.00125	0.802216	0.606208	0.403214	0.193547	-0.031598	-0.279094	-0.5159	-0.71235	-0.864005	-0.960341	-0.987086	-0.933735	-0.809731	-0.638539	-0.436729	
-0.0860949	0.117716	0.29826	0.429055	0.496005	0.484548	0.408439	0.298509	0.175993	0.0715684	-0.0103867	-0.0636222	-0.0972071	-0.113315	-0.12155	-0.12494	-0.124482	-0.126496	-0.124974	-0.127042	-0.127005	-0.128533	-0.129652	-0.130881	-0.131906	-0.133328	-0.133515	-0.135119	-0.134527	-0.135852	-0.134923	-0.135495	-0.134548	-0.134261	-0.133213	-0.132473	-0.130907	-0.130437	-0.128087	-0.128377	-0.125768	-0.126633	-0.124903	-0.125685	-0.124419	-0.123452	-0.116654	-0.10592	-0.0780227	-0.0356646	0.0358781	0.131794	0.248216	0.368065	0.459942	0.501113	0.464375	0.357445	0.194193	-0.00254679	-0.215374	-0.438377	-0.655336	-0.848606	-0.980188	-1.02898	-1.01302	-0.939852	-0.795817	-0.576669	-0.318566	-0.0619283	0.196838	0.459382	0.70121	0.914226	1.10609	1.27706	1.41981	1.51425	1.53205	1.4652	1.33764	1.17737	0.994129	0.789281	0.55937	0.303013	0.0405187	-0.21546	-0.475364	-0.716223	-0.89134	-0.991014	-1.02948	-1.00883	-0.910863	-0.737075	-0.526391	-0.304234	
