-2.71461	-2.52905	-2.21541	-1.78587	-1.25299	-0.683918	-0.130707	0.390768	0.861304	1.24409	1.5076	1.66219	1.72769	1.69005	1.52495	1.24025	0.888237	0.537949	0.246944	0.0381387	-0.0936611	-0.166963	-0.204152	-0.220739	-0.227464	-0.230189	-0.230725	-0.231262	-0.231127	-0.231226	-0.231283	-0.231084	-0.23141	-0.231166	-0.231795	-0.232209	-0.233526	-0.235823	-0.239319	-0.24501	-0.253625	-0.264562	-0.280427	-0.298793	-0.319652	-0.34269	-0.362151	-0.376692	-0.383247	-0.380877	-0.374821	-0.375865	-0.395205	-0.448851	-0.546076	-0.683037	-0.852498	-1.0302	-1.18959	-1.31498	-1.37126	-1.32799	-1.19495	-0.976545	-0.657572	-0.257701	0.175598	0.621182	1.06945	1.4778	1.79207	1.99443	2.0957	2.0932	1.96452	1.70363	1.34835	0.968512	0.631076	0.373964	0.202333	0.100398	0.0458937	0.0194089	0.00762417	0.00279194	0.000956271	0.000307276	9.28841e-05	2.64794e-05	7.13549e-06	1.82138e-06	4.41244e-07	1.01632e-07	2.22933e-08	4.66412e-09	9.32051e-10	1.78161e-10	3.27589e-11	6.68415e-12	
-2.52905	-2.39822	-2.1116	-1.70173	-1.22768	-0.714454	-0.190221	0.310488	0.769089	1.1572	1.45062	1.63803	1.70999	1.66394	1.49562	1.22009	0.881454	0.540404	0.248477	0.0314527	-0.109103	-0.190353	-0.230389	-0.247184	-0.252201	-0.251467	-0.249656	-0.247181	-0.245488	-0.244635	-0.244218	-0.245381	-0.246446	-0.249603	-0.252287	-0.257234	-0.26176	-0.267882	-0.274215	-0.280913	-0.28778	-0.295169	-0.300819	-0.308026	-0.313742	-0.319349	-0.327016	-0.33712	-0.34984	-0.368631	-0.393498	-0.423836	-0.465757	-0.522841	-0.606601	-0.721012	-0.85808	-1.0114	-1.15003	-1.23852	-1.27322	-1.24302	-1.11835	-0.895614	-0.593958	-0.227176	0.188402	0.624253	1.04859	1.42918	1.7338	1.94068	2.04197	2.03216	1.90319	1.65922	1.33257	0.979375	0.656981	0.402432	0.225615	0.116144	0.0551024	0.024183	0.00985341	0.00374011	0.00132675	0.000441143	0.00013786	4.05927e-05	1.12879e-05	2.97064e-06	7.41338e-07	1.75751e-07	3.96482e-08	8.52459e-09	1.74938e-09	3.43166e-10	6.47321e-11	1.35794e-11	
-2.21541	-2.1116	-1.87737	-1.55796	-1.19042	-0.760371	-0.288088	0.18362	0.622311	1.00801	1.3269	1.53825	1.6163	1.56766	1.41065	1.17132	0.876335	0.569048	0.288792	0.0664245	-0.0895482	-0.185607	-0.237009	-0.260841	-0.268722	-0.269131	-0.267363	-0.264013	-0.262384	-0.260624	-0.260642	-0.261636	-0.263421	-0.267104	-0.270916	-0.276515	-0.282451	-0.288832	-0.295492	-0.301649	-0.305667	-0.309635	-0.309211	-0.307568	-0.305239	-0.3021	-0.303748	-0.313552	-0.336701	-0.373313	-0.426495	-0.490216	-0.563418	-0.639389	-0.713391	-0.795587	-0.878289	-0.961354	-1.04598	-1.10146	-1.1124	-1.07398	-0.95474	-0.747776	-0.482085	-0.161934	0.218137	0.622171	1.00143	1.33821	1.62461	1.83278	1.93149	1.91257	1.78849	1.57775	1.3034	0.998905	0.7049	0.456187	0.270513	0.147173	0.0736516	0.0340132	0.0145451	0.00577938	0.00214078	0.000741544	0.000240898	7.35906e-05	2.11923e-05	5.7662e-06	1.48549e-06	3.63048e-07	8.43241e-08	1.86448e-08	3.93059e-09	7.91311e-10	1.53102e-10	3.30055e-11	
-1.78587	-1.70173	-1.55796	-1.36272	-1.10037	-0.771854	-0.386189	0.0299778	0.428026	0.798389	1.11915	1.33537	1.42233	1.38534	1.26621	1.09078	0.870248	0.622294	0.371466	0.150358	-0.0220822	-0.137898	-0.209283	-0.246282	-0.263528	-0.270484	-0.271544	-0.271512	-0.270623	-0.269882	-0.27018	-0.270096	-0.271929	-0.272641	-0.275985	-0.277391	-0.281658	-0.284102	-0.287913	-0.291301	-0.294262	-0.29613	-0.299296	-0.299035	-0.301785	-0.305897	-0.316018	-0.332818	-0.367508	-0.418843	-0.489292	-0.57836	-0.669976	-0.757112	-0.818965	-0.857235	-0.885175	-0.895408	-0.90369	-0.914215	-0.894498	-0.830533	-0.720177	-0.553536	-0.332639	-0.0602351	0.262066	0.603942	0.924762	1.21472	1.47359	1.67024	1.76211	1.74098	1.63443	1.47142	1.26465	1.02319	0.767956	0.529472	0.333885	0.192516	0.101706	0.0493908	0.0221302	0.00918353	0.0035425	0.00127463	0.000429155	0.000135606	4.03224e-05	1.13107e-05	2.99983e-06	7.5382e-07	1.7982e-07	4.07924e-08	8.81464e-09	1.81741e-09	3.59951e-10	7.95796e-11	
-1.25299	-1.22768	-1.19042	-1.10037	-0.93991	-0.726395	-0.445455	-0.11818	0.214511	0.538075	0.815651	1.01783	1.11683	1.12033	1.07137	0.982132	0.857189	0.682855	0.474259	0.259676	0.074887	-0.0662779	-0.159754	-0.214889	-0.245232	-0.260326	-0.26642	-0.270809	-0.270614	-0.272481	-0.271708	-0.271939	-0.272002	-0.270678	-0.27117	-0.26913	-0.268904	-0.267346	-0.266825	-0.266127	-0.26897	-0.271089	-0.280547	-0.292554	-0.311227	-0.336295	-0.370159	-0.410971	-0.458005	-0.519704	-0.588132	-0.6725	-0.757312	-0.830194	-0.879531	-0.881252	-0.854349	-0.81	-0.747378	-0.686542	-0.621823	-0.540788	-0.447969	-0.324752	-0.149806	0.0659697	0.307053	0.564894	0.822982	1.06662	1.28583	1.45454	1.53785	1.52922	1.45778	1.35344	1.22011	1.04746	0.83778	0.614976	0.411461	0.250641	0.139297	0.0708878	0.0331708	0.0143329	0.00574202	0.00214088	0.000745459	0.000243184	7.45385e-05	2.15232e-05	5.86894e-06	1.51459e-06	3.70672e-07	8.61897e-08	1.90739e-08	4.02454e-09	8.15404e-10	1.84755e-10	
-0.683918	-0.714454	-0.760371	-0.771854	-0.726395	-0.619572	-0.449185	-0.233794	0.00982264	0.241461	0.443863	0.619568	0.738318	0.807984	0.83673	0.838555	0.803026	0.702447	0.542511	0.346594	0.156872	-0.00320845	-0.112931	-0.185224	-0.224259	-0.244546	-0.254696	-0.258585	-0.260605	-0.261433	-0.261404	-0.261707	-0.261028	-0.261287	-0.259861	-0.260702	-0.258954	-0.260466	-0.261051	-0.264128	-0.270334	-0.281055	-0.29647	-0.322996	-0.356519	-0.403219	-0.456255	-0.522752	-0.585891	-0.650437	-0.706375	-0.752674	-0.80268	-0.841044	-0.86743	-0.855341	-0.786262	-0.683768	-0.559827	-0.435189	-0.330523	-0.23996	-0.157633	-0.0676098	0.0518787	0.192	0.340497	0.510463	0.703821	0.895269	1.06235	1.19282	1.27196	1.29365	1.27426	1.23449	1.17243	1.06699	0.906127	0.705002	0.49829	0.319437	0.186151	0.0990015	0.0482717	0.0216777	0.00900537	0.00347469	0.00124987	0.000420542	0.000132763	3.94345e-05	1.10485e-05	2.92656e-06	7.3445e-07	1.74968e-07	3.96392e-08	8.55604e-09	1.77279e-09	4.1154e-10	
-0.130707	-0.190221	-0.288088	-0.386189	-0.445455	-0.449185	-0.410526	-0.323321	-0.194297	-0.063155	0.0768455	0.222965	0.362609	0.483669	0.57314	0.646023	0.674759	0.644097	0.536993	0.375266	0.191404	0.0307036	-0.0916949	-0.1709	-0.214748	-0.235964	-0.246119	-0.246559	-0.2497	-0.246902	-0.249163	-0.248805	-0.250443	-0.254139	-0.256112	-0.263763	-0.269062	-0.280382	-0.292	-0.309411	-0.328041	-0.355446	-0.383098	-0.421076	-0.461289	-0.511952	-0.566028	-0.625705	-0.689265	-0.745423	-0.795272	-0.814756	-0.818002	-0.809404	-0.784621	-0.741612	-0.651432	-0.513873	-0.349457	-0.184175	-0.0492245	0.0550035	0.136686	0.195226	0.244974	0.29847	0.360295	0.448406	0.569618	0.6969	0.80605	0.900513	0.985411	1.05203	1.09555	1.12078	1.12262	1.07799	0.966171	0.792503	0.589229	0.396261	0.241549	0.134005	0.0679829	0.0316916	0.0136382	0.00544112	0.00202038	0.000700693	0.0002277	6.95346e-05	2.00073e-05	5.43715e-06	1.39863e-06	3.41242e-07	7.91144e-08	1.74634e-08	3.69921e-09	8.7955e-10	
0.390768	0.310488	0.18362	0.0299778	-0.11818	-0.233794	-0.323321	-0.373165	-0.372529	-0.328463	-0.248079	-0.137752	0.0100234	0.16544	0.310966	0.432148	0.515512	0.54393	0.487951	0.36107	0.191629	0.0296528	-0.106509	-0.193637	-0.247381	-0.271826	-0.281508	-0.283389	-0.282832	-0.281625	-0.281949	-0.283528	-0.286841	-0.292607	-0.300689	-0.311032	-0.326131	-0.342978	-0.365928	-0.392647	-0.423991	-0.460874	-0.501616	-0.544955	-0.592	-0.634923	-0.682717	-0.72239	-0.761568	-0.791133	-0.816141	-0.819919	-0.784431	-0.723472	-0.643777	-0.554632	-0.444785	-0.302528	-0.132546	0.0522256	0.215603	0.334429	0.40719	0.426717	0.406914	0.38201	0.369274	0.377883	0.41571	0.470404	0.527834	0.599988	0.701614	0.81957	0.928027	1.01401	1.07036	1.07801	1.01323	0.871796	0.679399	0.478089	0.304274	0.175832	0.0927054	0.0448179	0.0199626	0.00822881	0.00315194	0.00112601	0.000376432	0.00011812	3.48855e-05	9.72167e-06	2.56212e-06	6.39925e-07	1.51763e-07	3.42447e-08	7.41335e-09	1.80468e-09	
0.861304	0.769089	0.622311	0.428026	0.214511	0.00982264	-0.194297	-0.372529	-0.485602	-0.526385	-0.511457	-0.437207	-0.291179	-0.103497	0.0839879	0.241756	0.368058	0.433844	0.419611	0.320268	0.16487	-0.00791982	-0.155871	-0.263074	-0.328537	-0.36204	-0.374006	-0.378915	-0.375448	-0.376749	-0.37479	-0.378531	-0.383212	-0.390238	-0.402726	-0.414462	-0.434238	-0.453242	-0.479749	-0.507385	-0.541317	-0.576467	-0.617717	-0.656493	-0.700857	-0.736817	-0.767423	-0.790044	-0.797627	-0.788096	-0.765858	-0.734795	-0.67312	-0.574114	-0.450842	-0.328641	-0.206097	-0.0637764	0.0995361	0.281293	0.452652	0.570696	0.621446	0.603439	0.531573	0.444185	0.362255	0.288813	0.238862	0.225078	0.247347	0.314982	0.440222	0.606337	0.773388	0.912827	1.01463	1.06607	1.04487	0.93891	0.764559	0.561726	0.372651	0.224021	0.122616	0.0614152	0.0282889	0.0120385	0.00475313	0.00174787	0.000600715	0.000193565	5.86438e-05	1.67487e-05	4.51991e-06	1.15506e-06	2.80075e-07	6.45731e-08	1.42799e-08	3.55752e-09	
1.24409	1.1572	1.00801	0.798389	0.538075	0.241461	-0.063155	-0.328463	-0.526385	-0.640413	-0.678296	-0.632221	-0.487201	-0.284843	-0.078331	0.101267	0.242835	0.328308	0.340119	0.264002	0.117591	-0.0596337	-0.222549	-0.349821	-0.429731	-0.474273	-0.492762	-0.498594	-0.497969	-0.497544	-0.497535	-0.501131	-0.507268	-0.516772	-0.529841	-0.545631	-0.564945	-0.586827	-0.610947	-0.637767	-0.664698	-0.692813	-0.720874	-0.74475	-0.766582	-0.784779	-0.78923	-0.783239	-0.763001	-0.715522	-0.644672	-0.569554	-0.485355	-0.378578	-0.237073	-0.0830517	0.0556821	0.193168	0.339669	0.494485	0.640716	0.737586	0.7653	0.723632	0.618209	0.476808	0.32501	0.172806	0.0466204	-0.0187167	-0.0125216	0.0641208	0.213115	0.416769	0.630478	0.814606	0.954396	1.04243	1.06065	0.991609	0.841362	0.644063	0.444665	0.277716	0.157621	0.0817099	0.0388843	0.0170678	0.00694039	0.00262499	0.000926773	0.000306436	9.51718e-05	2.78385e-05	7.68797e-06	2.00898e-06	4.97768e-07	1.17198e-07	2.64624e-08	6.74299e-09	
1.5076	1.45062	1.3269	1.11915	0.815651	0.443863	0.0768455	-0.248079	-0.511457	-0.678296	-0.745691	-0.698916	-0.555022	-0.360765	-0.1539	0.0260558	0.168453	0.258088	0.286543	0.228179	0.0925304	-0.0876866	-0.268122	-0.416763	-0.518022	-0.579127	-0.607984	-0.620361	-0.62299	-0.623833	-0.624601	-0.627786	-0.633721	-0.641965	-0.654074	-0.667554	-0.68397	-0.702505	-0.719733	-0.739693	-0.75586	-0.768011	-0.778786	-0.7787	-0.769954	-0.754694	-0.726209	-0.683154	-0.635424	-0.573942	-0.476413	-0.364081	-0.251216	-0.134371	0.0024785	0.165214	0.320057	0.450437	0.562251	0.666175	0.76625	0.834374	0.84453	0.788234	0.656404	0.464166	0.247849	0.0343737	-0.142048	-0.23675	-0.233153	-0.142908	0.0238937	0.250993	0.497214	0.717007	0.889034	1.00817	1.0615	1.02917	0.907479	0.722307	0.51813	0.335725	0.19734	0.10576	0.0519427	0.0234933	0.00982982	0.00382047	0.00138446	0.000469356	0.000149317	4.46998e-05	1.26236e-05	3.37086e-06	8.52901e-07	2.04947e-07	4.72206e-08	1.22996e-08	
1.66219	1.63803	1.53825	1.33537	1.01783	0.619568	0.222965	-0.137752	-0.437207	-0.632221	-0.698916	-0.648313	-0.5322	-0.359972	-0.159255	0.0266723	0.168194	0.264121	0.308152	0.261822	0.136262	-0.0512857	-0.25115	-0.428655	-0.556873	-0.642674	-0.68717	-0.71151	-0.720312	-0.723951	-0.726999	-0.727242	-0.732861	-0.734838	-0.741849	-0.747635	-0.752621	-0.760487	-0.763486	-0.765293	-0.767247	-0.757634	-0.746912	-0.728976	-0.693495	-0.653023	-0.599714	-0.524939	-0.437666	-0.357812	-0.259986	-0.131683	0.00425255	0.135051	0.267755	0.414071	0.553015	0.662331	0.7374	0.788226	0.837564	0.873945	0.863559	0.787812	0.630385	0.398445	0.137867	-0.108126	-0.304845	-0.410363	-0.405051	-0.305183	-0.129908	0.106805	0.371931	0.618778	0.818566	0.964832	1.04922	1.05205	0.961602	0.794173	0.590876	0.396621	0.241131	0.133437	0.0675599	0.0314529	0.0135273	0.00539745	0.0020057	0.000696563	0.000226797	6.94288e-05	2.00351e-05	5.46289e-06	1.41051e-06	3.45677e-07	8.12202e-08	2.161e-08	
1.72769	1.70999	1.6163	1.42233	1.11683	0.738318	0.362609	0.0100234	-0.291179	-0.487201	-0.555022	-0.5322	-0.449699	-0.288437	-0.0845016	0.103196	0.243644	0.352715	0.397338	0.362959	0.245938	0.0563002	-0.163641	-0.362264	-0.524038	-0.630134	-0.697508	-0.731621	-0.750776	-0.756759	-0.76186	-0.761648	-0.762142	-0.762816	-0.758479	-0.759294	-0.750896	-0.744437	-0.734336	-0.714612	-0.696255	-0.668893	-0.629234	-0.59287	-0.539371	-0.473036	-0.407079	-0.324842	-0.21359	-0.0995889	0.00948948	0.133725	0.273757	0.40389	0.513688	0.6265	0.733792	0.811569	0.854324	0.863882	0.864117	0.859428	0.81655	0.71337	0.537158	0.290233	0.0170781	-0.231763	-0.425719	-0.531928	-0.528178	-0.427662	-0.253711	-0.01865	0.253903	0.519903	0.743624	0.914131	1.02598	1.06152	1.00334	0.857993	0.660921	0.458864	0.288135	0.164427	0.0857168	0.0410289	0.0181182	0.00741385	0.0028223	0.00100312	0.000333965	0.000104455	3.07744e-05	8.56133e-06	2.25399e-06	5.62962e-07	1.34793e-07	3.66063e-08	
1.69005	1.66394	1.56766	1.38534	1.12033	0.807984	0.483669	0.16544	-0.103497	-0.284843	-0.360765	-0.359972	-0.288437	-0.133426	0.0539551	0.230032	0.378601	0.489132	0.533945	0.520482	0.417156	0.230902	0.00622994	-0.212559	-0.400898	-0.526867	-0.616449	-0.661603	-0.688935	-0.701251	-0.703858	-0.707436	-0.700135	-0.699764	-0.687667	-0.679387	-0.665477	-0.644285	-0.624854	-0.593102	-0.555093	-0.515886	-0.456845	-0.394685	-0.327822	-0.240242	-0.145334	-0.0583776	0.0508066	0.17348	0.28956	0.402078	0.517871	0.632471	0.716723	0.784603	0.852618	0.900974	0.917044	0.891416	0.839384	0.781914	0.699906	0.573623	0.396349	0.164827	-0.0899247	-0.320225	-0.49972	-0.604384	-0.608965	-0.517709	-0.353373	-0.127923	0.143249	0.421331	0.66532	0.857773	0.994005	1.05933	1.03305	0.912747	0.726596	0.520921	0.337344	0.198247	0.106273	0.0522357	0.0236572	0.00991659	0.00386314	0.00140379	0.00047742	0.000152421	4.58062e-05	1.29903e-05	3.4844e-06	8.86212e-07	2.16065e-07	5.98428e-08	
1.52495	1.49562	1.41065	1.26621	1.07137	0.83673	0.57314	0.310966	0.0839879	-0.078331	-0.1539	-0.159255	-0.0845016	0.0539551	0.22325	0.405703	0.567486	0.680633	0.73971	0.747205	0.654012	0.48018	0.253964	0.0132775	-0.192536	-0.345904	-0.453998	-0.513158	-0.550754	-0.567348	-0.572017	-0.574731	-0.564667	-0.558118	-0.540877	-0.521774	-0.498441	-0.467207	-0.430387	-0.392682	-0.3356	-0.285748	-0.217956	-0.140485	-0.0604508	0.0267917	0.13476	0.234199	0.330232	0.44029	0.540609	0.632711	0.716998	0.797876	0.856705	0.890666	0.920466	0.933604	0.916023	0.854305	0.752514	0.642974	0.529076	0.396946	0.240883	0.0491409	-0.167072	-0.369018	-0.531921	-0.637141	-0.656468	-0.582548	-0.433844	-0.222972	0.0405557	0.324549	0.585069	0.797385	0.955397	1.04744	1.05166	0.95803	0.786632	0.581371	0.387679	0.234282	0.128971	0.0650131	0.0301604	0.012936	0.00515122	0.0019117	0.000663466	0.000215998	6.61505e-05	1.91062e-05	5.21669e-06	1.34995e-06	3.34861e-07	9.45022e-08	
1.24025	1.22009	1.17132	1.09078	0.982132	0.838555	0.646023	0.432148	0.241756	0.101267	0.0260558	0.0266723	0.103196	0.230032	0.405703	0.606719	0.787777	0.911257	0.994604	1.01436	0.939919	0.784151	0.557248	0.305099	0.0856379	-0.0958981	-0.215187	-0.292892	-0.337004	-0.357719	-0.367154	-0.36438	-0.358159	-0.340926	-0.324438	-0.294444	-0.264227	-0.226022	-0.175497	-0.129319	-0.064629	0.00158833	0.0683008	0.150225	0.232047	0.312406	0.401603	0.497507	0.578467	0.663442	0.740111	0.803274	0.857777	0.909962	0.942682	0.939578	0.925499	0.898649	0.841851	0.744056	0.606207	0.464325	0.338578	0.220032	0.100497	-0.0401931	-0.210692	-0.383535	-0.532831	-0.64155	-0.679536	-0.628072	-0.498809	-0.305245	-0.053506	0.231183	0.50442	0.734488	0.912041	1.02783	1.06047	0.993969	0.840184	0.638996	0.438063	0.271823	0.153449	0.0792245	0.0375995	0.0164808	0.00670066	0.00253682	0.000897469	0.000297637	9.27982e-05	2.72715e-05	7.57245e-06	1.99197e-06	5.02286e-07	1.44299e-07	
0.888237	0.881454	0.876335	0.870248	0.857189	0.803026	0.674759	0.515512	0.368058	0.242835	0.168453	0.168194	0.243644	0.378601	0.567486	0.787777	0.983782	1.13366	1.24422	1.2829	1.24304	1.11049	0.89575	0.6473	0.416662	0.219243	0.089606	-0.00370272	-0.0515849	-0.0778025	-0.0904572	-0.084098	-0.0818301	-0.0582349	-0.0423651	-0.00951073	0.0239301	0.0634575	0.111784	0.16515	0.219219	0.289374	0.35285	0.424776	0.499647	0.57112	0.637862	0.707805	0.767999	0.830426	0.885232	0.922068	0.942449	0.955328	0.958081	0.921929	0.859142	0.785702	0.695468	0.578192	0.428499	0.280072	0.16344	0.0716168	-0.00781324	-0.0994134	-0.226732	-0.374063	-0.513745	-0.627785	-0.685467	-0.658692	-0.550899	-0.375887	-0.138445	0.14272	0.424909	0.670494	0.865596	1.00239	1.06097	1.02111	0.886822	0.692823	0.487484	0.310115	0.179263	0.0946617	0.0459	0.0205351	0.00851406	0.00328446	0.00118315	0.00039928	0.000126604	3.78188e-05	1.06689e-05	2.85024e-06	7.29919e-07	2.13251e-07	
0.537949	0.540404	0.569048	0.622294	0.682855	0.702447	0.644097	0.54393	0.433844	0.328308	0.258088	0.264121	0.352715	0.489132	0.680633	0.911257	1.13366	1.3192	1.45505	1.52895	1.52422	1.42223	1.2284	0.992259	0.751962	0.55186	0.405142	0.306954	0.250976	0.220703	0.208598	0.209778	0.21742	0.234188	0.25584	0.283445	0.316718	0.35527	0.396325	0.445002	0.492358	0.546144	0.599004	0.65598	0.71153	0.768	0.82163	0.874642	0.906905	0.934982	0.963237	0.971977	0.958938	0.930473	0.89119	0.819057	0.720271	0.614542	0.505318	0.39007	0.255724	0.122736	0.0262379	-0.0365804	-0.0813467	-0.133383	-0.224868	-0.35115	-0.48404	-0.603592	-0.679756	-0.677664	-0.592048	-0.43591	-0.214069	0.0603449	0.347947	0.606702	0.817509	0.972815	1.05472	1.04029	0.926486	0.742154	0.535049	0.3484	0.205915	0.111055	0.0549415	0.0250557	0.0105806	0.00415406	0.00152193	0.000522055	0.000168166	5.10078e-05	1.46049e-05	3.95869e-06	1.02861e-06	3.05294e-07	
0.246944	0.248477	0.288792	0.371466	0.474259	0.542511	0.536993	0.487951	0.419611	0.340119	0.286543	0.308152	0.397338	0.533945	0.73971	0.994604	1.24422	1.45505	1.62306	1.72513	1.75257	1.68137	1.51437	1.28867	1.05341	0.846582	0.694142	0.589008	0.529183	0.495772	0.482222	0.481863	0.486894	0.502695	0.518783	0.544323	0.571193	0.603114	0.639031	0.678162	0.715924	0.762799	0.799731	0.840617	0.880306	0.911028	0.934144	0.965158	0.980342	0.975432	0.964806	0.938316	0.887853	0.818043	0.746388	0.652792	0.534973	0.419203	0.313217	0.216876	0.113551	0.00816785	-0.0662427	-0.106181	-0.126533	-0.150438	-0.214059	-0.322909	-0.450286	-0.574305	-0.666408	-0.687499	-0.623814	-0.486296	-0.280492	-0.0151184	0.274752	0.544293	0.76904	0.940642	1.04325	1.05256	0.959418	0.786555	0.580012	0.385955	0.232872	0.128085	0.0645628	0.0299732	0.0128748	0.00513813	0.00191231	0.000665992	0.000217701	6.69787e-05	1.94446e-05	5.34203e-06	1.40697e-06	4.2377e-07	
0.0381387	0.0314527	0.0664245	0.150358	0.259676	0.346594	0.375266	0.36107	0.320268	0.264002	0.228179	0.261822	0.362959	0.520482	0.747205	1.01436	1.2829	1.52895	1.72513	1.85665	1.92071	1.88455	1.74418	1.54038	1.3086	1.10301	0.944065	0.834978	0.770233	0.735259	0.71872	0.717048	0.719778	0.730798	0.745027	0.761508	0.783717	0.806291	0.829133	0.860168	0.880547	0.91107	0.93602	0.955498	0.97436	0.990152	0.984821	0.976322	0.958316	0.920053	0.876084	0.816322	0.73946	0.645387	0.552833	0.455657	0.343776	0.238751	0.151396	0.0824898	0.0130574	-0.0643386	-0.120632	-0.145913	-0.152061	-0.158093	-0.20069	-0.29453	-0.416513	-0.543365	-0.648348	-0.690257	-0.647569	-0.528032	-0.338086	-0.0831977	0.206307	0.484314	0.721286	0.907196	1.02802	1.05905	0.986091	0.825839	0.621793	0.422119	0.2596	0.145401	0.074568	0.0351929	0.0153567	0.00622187	0.00234953	0.000829797	0.000274944	8.57078e-05	2.52012e-05	7.01029e-06	1.8696e-06	5.7081e-07	
-0.0936611	-0.109103	-0.0895482	-0.0220822	0.074887	0.156872	0.191404	0.191629	0.16487	0.117591	0.0925304	0.136262	0.245938	0.417156	0.654012	0.939919	1.24304	1.52422	1.75257	1.92071	2.02192	2.01696	1.90978	1.7249	1.50106	1.29846	1.13432	1.02192	0.954645	0.915102	0.900045	0.892282	0.896266	0.900171	0.911165	0.921364	0.933506	0.949352	0.958376	0.975218	0.981902	0.989331	0.992641	0.987803	0.976834	0.960621	0.932935	0.894746	0.849638	0.781781	0.710166	0.633821	0.544263	0.443709	0.354899	0.273459	0.181832	0.09761	0.0331519	-0.00932807	-0.0488437	-0.10319	-0.148	-0.166285	-0.165751	-0.16135	-0.188244	-0.268771	-0.384956	-0.512919	-0.627746	-0.687715	-0.664595	-0.562115	-0.38741	-0.143725	0.143348	0.427669	0.675203	0.87362	1.01033	1.06089	1.00714	0.860022	0.659971	0.45632	0.28558	0.162634	0.0847356	0.0405991	0.0179729	0.00738314	0.00282534	0.00101071	0.000339063	0.000106972	3.18231e-05	8.95377e-06	2.41545e-06	7.46693e-07	
-0.166963	-0.190353	-0.185607	-0.137898	-0.0662779	-0.00320845	0.0307036	0.0296528	-0.00791982	-0.0596337	-0.0876866	-0.0512857	0.0563002	0.230902	0.48018	0.784151	1.11049	1.42223	1.68137	1.88455	2.01696	2.04866	1.97457	1.81198	1.60302	1.40602	1.24054	1.1288	1.0578	1.0178	1.00082	0.989541	0.991067	0.98771	0.992986	0.992351	0.995066	0.995355	0.992737	0.988893	0.980903	0.965836	0.949351	0.920295	0.886444	0.844737	0.789611	0.730292	0.668102	0.589531	0.508535	0.429369	0.35097	0.263444	0.185595	0.126292	0.0630364	0.00351494	-0.0407003	-0.0649848	-0.0836393	-0.120635	-0.158528	-0.175119	-0.172987	-0.163093	-0.178166	-0.246725	-0.356684	-0.48428	-0.606243	-0.681434	-0.676112	-0.589528	-0.429137	-0.196774	0.0863828	0.375113	0.631611	0.840895	0.991341	1.05921	1.02328	0.889286	0.694281	0.488076	0.310332	0.179414	0.0948278	0.0460596	0.0206582	0.00859313	0.00332818	0.00120449	0.000408628	0.00013033	3.91836e-05	1.11392e-05	3.03641e-06	9.49292e-07	
-0.204152	-0.230389	-0.237009	-0.209283	-0.159754	-0.112931	-0.0916949	-0.106509	-0.155871	-0.222549	-0.268122	-0.25115	-0.163641	0.00622994	0.253964	0.557248	0.89575	1.2284	1.51437	1.74418	1.90978	1.97457	1.93181	1.79331	1.60086	1.40868	1.24723	1.13332	1.06199	1.02105	1.0011	0.989184	0.984032	0.977619	0.972571	0.964297	0.953872	0.941468	0.922187	0.903055	0.874626	0.84302	0.807608	0.762695	0.712727	0.661412	0.597287	0.52537	0.463708	0.38941	0.316444	0.24951	0.185773	0.120298	0.064735	0.0281403	-0.0125421	-0.0536888	-0.0828092	-0.0947606	-0.100441	-0.126271	-0.160518	-0.177894	-0.176739	-0.164481	-0.170719	-0.228591	-0.3321	-0.458223	-0.585078	-0.672776	-0.683266	-0.611221	-0.463988	-0.242589	0.0357152	0.327253	0.591216	0.80985	0.972066	1.05504	1.03529	0.913929	0.724588	0.517001	0.333419	0.19538	0.104601	0.0514316	0.0233388	0.00981746	0.00384352	0.0014055	0.000481632	0.000155115	4.70784e-05	1.35077e-05	3.71648e-06	1.17369e-06	
-0.220739	-0.247184	-0.260841	-0.246282	-0.214889	-0.185224	-0.1709	-0.193637	-0.263074	-0.349821	-0.416763	-0.428655	-0.362264	-0.212559	0.0132775	0.305099	0.6473	0.992259	1.28867	1.54038	1.7249	1.81198	1.79331	1.67387	1.4903	1.30671	1.14193	1.02967	0.955251	0.912639	0.89256	0.875383	0.870611	0.855468	0.84836	0.830561	0.813287	0.792578	0.764267	0.734023	0.700888	0.654442	0.613701	0.561463	0.505292	0.450499	0.396348	0.333277	0.277642	0.217793	0.159606	0.111836	0.0712712	0.0261248	-0.0141592	-0.0335148	-0.054928	-0.0821234	-0.103329	-0.110174	-0.108309	-0.126104	-0.158313	-0.177758	-0.178765	-0.165888	-0.165556	-0.214087	-0.311244	-0.435186	-0.565174	-0.662904	-0.687114	-0.628088	-0.492691	-0.281525	-0.00851498	0.284558	0.554606	0.781185	0.953371	1.04931	1.04391	0.934322	0.75086	0.542802	0.354462	0.210197	0.113813	0.0565679	0.0259352	0.0110178	0.00435453	0.00160699	0.000555564	0.000180465	5.52302e-05	1.59761e-05	4.43184e-06	1.4121e-06	
-0.227464	-0.252201	-0.268722	-0.263528	-0.245232	-0.224259	-0.214748	-0.247381	-0.328537	-0.429731	-0.518022	-0.556873	-0.524038	-0.400898	-0.192536	0.0856379	0.416662	0.751962	1.05341	1.3086	1.50106	1.60302	1.60086	1.4903	1.31963	1.13335	0.971161	0.854559	0.778263	0.734392	0.711225	0.694598	0.6845	0.670559	0.655817	0.637555	0.614673	0.588396	0.559814	0.523952	0.490072	0.448847	0.408196	0.363797	0.317736	0.270643	0.220957	0.170716	0.134843	0.0943969	0.0534641	0.020924	-0.003213	-0.0305454	-0.0575765	-0.0657656	-0.0764299	-0.0960261	-0.112242	-0.116705	-0.111506	-0.124176	-0.154812	-0.176268	-0.179779	-0.167326	-0.162195	-0.20276	-0.293959	-0.415383	-0.547202	-0.652788	-0.688601	-0.640948	-0.515937	-0.313992	-0.0462919	0.247373	0.52227	0.755482	0.935984	1.04283	1.04986	0.950871	0.773146	0.565264	0.373139	0.223558	0.122237	0.0613231	0.0283664	0.0121537	0.00484295	0.00180139	0.000627541	0.000205358	6.33018e-05	1.84399e-05	5.15173e-06	1.65413e-06	
-0.230189	-0.251467	-0.269131	-0.270484	-0.260326	-0.244546	-0.235964	-0.271826	-0.36204	-0.474273	-0.579127	-0.642674	-0.630134	-0.526867	-0.345904	-0.0958981	0.219243	0.55186	0.846582	1.10301	1.29846	1.40602	1.40868	1.30671	1.13335	0.947851	0.778362	0.658175	0.576396	0.530507	0.504845	0.487642	0.477981	0.462603	0.451359	0.431634	0.412413	0.389371	0.361587	0.332677	0.302862	0.264113	0.233478	0.196859	0.159099	0.12932	0.102237	0.0644022	0.038515	0.0127395	-0.0131313	-0.0321135	-0.0444813	-0.0594892	-0.0791704	-0.0828897	-0.0864062	-0.100571	-0.115134	-0.119761	-0.112866	-0.121744	-0.151175	-0.174401	-0.180233	-0.168668	-0.160129	-0.194128	-0.280011	-0.398886	-0.531634	-0.643211	-0.688548	-0.650529	-0.53436	-0.340412	-0.077683	0.215942	0.494598	0.73322	0.920506	1.03632	1.05377	0.963982	0.791545	0.58424	0.389185	0.235197	0.129663	0.0655594	0.0305536	0.0131849	0.00529011	0.00198081	0.000694481	0.00022868	7.09178e-05	2.07808e-05	5.84043e-06	1.8874e-06	
-0.230725	-0.249656	-0.267363	-0.271544	-0.26642	-0.254696	-0.246119	-0.281508	-0.374006	-0.492762	-0.607984	-0.68717	-0.697508	-0.616449	-0.453998	-0.215187	0.089606	0.405142	0.694142	0.944065	1.13432	1.24054	1.24723	1.14193	0.971161	0.778362	0.605496	0.478472	0.393478	0.343597	0.317654	0.299413	0.290352	0.277849	0.26622	0.252685	0.235224	0.21708	0.198649	0.173456	0.155908	0.129698	0.107782	0.0850226	0.0611421	0.0360679	0.0168605	-0.00616916	-0.0178845	-0.0307261	-0.0487048	-0.0596401	-0.0644001	-0.0747733	-0.0902024	-0.0894079	-0.0895885	-0.10217	-0.115869	-0.120803	-0.113413	-0.119691	-0.147996	-0.172546	-0.18036	-0.169834	-0.158941	-0.187739	-0.269141	-0.385684	-0.518788	-0.634784	-0.687642	-0.657454	-0.548511	-0.361185	-0.102804	0.190425	0.471898	0.714781	0.907421	1.03034	1.0562	0.974035	0.806181	0.599636	0.40239	0.244885	0.135905	0.0691526	0.0324237	0.0140732	0.00567805	0.0021375	0.000753313	0.000249303	7.76916e-05	2.28747e-05	6.46e-06	2.09855e-06	
-0.231262	-0.247181	-0.264013	-0.271512	-0.270809	-0.258585	-0.246559	-0.283389	-0.378915	-0.498594	-0.620361	-0.71151	-0.731621	-0.661603	-0.513158	-0.292892	-0.00370272	0.306954	0.589008	0.834978	1.02192	1.1288	1.13332	1.02967	0.854559	0.658175	0.478472	0.346925	0.255861	0.205013	0.175522	0.159249	0.150282	0.140036	0.133161	0.121449	0.111394	0.0979392	0.0849117	0.0685801	0.0561542	0.0365433	0.0242496	0.00969388	-0.00591685	-0.0157937	-0.0241289	-0.0409992	-0.0484314	-0.0555709	-0.0661553	-0.0741741	-0.075365	-0.0785968	-0.0926336	-0.0937481	-0.091852	-0.101735	-0.115084	-0.121127	-0.11382	-0.118216	-0.14551	-0.170941	-0.180299	-0.170761	-0.158319	-0.183219	-0.261104	-0.375725	-0.508869	-0.627967	-0.686434	-0.662237	-0.558851	-0.376662	-0.121785	0.170921	0.454402	0.700463	0.89711	1.02536	1.05762	0.981362	0.817184	0.611397	0.412592	0.252439	0.140811	0.0719961	0.0339131	0.0147849	0.00599056	0.00226439	0.000801195	0.000266167	8.32566e-05	2.46026e-05	6.97361e-06	2.27443e-06	
-0.231127	-0.245488	-0.262384	-0.270623	-0.270614	-0.260605	-0.2497	-0.282832	-0.375448	-0.497969	-0.62299	-0.720312	-0.750776	-0.688935	-0.550754	-0.337004	-0.0515849	0.250976	0.529183	0.770233	0.954645	1.0578	1.06199	0.955251	0.778263	0.576396	0.393478	0.255861	0.16329	0.108523	0.0797723	0.062727	0.0553041	0.0479509	0.0422873	0.0365869	0.0286962	0.021493	0.0143441	0.00324773	-0.00162515	-0.0134774	-0.0205004	-0.0287582	-0.0380288	-0.0469276	-0.0491194	-0.0612048	-0.0635472	-0.0652657	-0.0742618	-0.078147	-0.0781445	-0.0831824	-0.0953765	-0.0937128	-0.0911816	-0.101523	-0.115057	-0.121337	-0.113859	-0.117099	-0.143811	-0.169814	-0.18019	-0.171405	-0.158024	-0.180278	-0.255702	-0.36894	-0.502001	-0.623088	-0.685339	-0.665273	-0.565737	-0.387125	-0.13475	0.157487	0.442278	0.690489	0.889851	1.02173	1.05838	0.986228	0.824669	0.619494	0.419675	0.257719	0.144259	0.0740052	0.0349704	0.0152922	0.00621425	0.00235556	0.000835723	0.00027837	8.72972e-05	2.58613e-05	7.34898e-06	2.40343e-06	
-0.231226	-0.244635	-0.260624	-0.269882	-0.272481	-0.261433	-0.246902	-0.281625	-0.376749	-0.497544	-0.623833	-0.723951	-0.756759	-0.701251	-0.567348	-0.357719	-0.0778025	0.220703	0.495772	0.735259	0.915102	1.0178	1.02105	0.912639	0.734392	0.530507	0.343597	0.205013	0.108523	0.0538723	0.0234854	0.0068971	0.000511777	-0.0064659	-0.00887123	-0.0139227	-0.0174627	-0.022857	-0.0256257	-0.0340151	-0.034139	-0.0431012	-0.0457256	-0.0488325	-0.054646	-0.0594647	-0.0608561	-0.0680227	-0.0691163	-0.0702598	-0.0772825	-0.0825422	-0.0806136	-0.0816231	-0.0945807	-0.0952569	-0.0923025	-0.101099	-0.114138	-0.12115	-0.114133	-0.116707	-0.142861	-0.169094	-0.180087	-0.171791	-0.157921	-0.178714	-0.252787	-0.365275	-0.498254	-0.620359	-0.68464	-0.666837	-0.56942	-0.392776	-0.141794	0.150152	0.435633	0.685004	0.885835	1.01967	1.05871	0.988823	0.828723	0.623914	0.423561	0.260628	0.146166	0.0751196	0.0355585	0.0155752	0.00633934	0.00240667	0.000855121	0.000285241	8.95768e-05	2.65729e-05	7.5616e-06	2.47666e-06	
-0.231283	-0.244218	-0.260642	-0.27018	-0.271708	-0.261404	-0.249163	-0.281949	-0.37479	-0.497535	-0.624601	-0.726999	-0.76186	-0.703858	-0.572017	-0.367154	-0.0904572	0.208598	0.482222	0.71872	0.900045	1.00082	1.0011	0.89256	0.711225	0.504845	0.317654	0.175522	0.0797723	0.0234854	-0.00680624	-0.0223242	-0.029092	-0.033371	-0.0354939	-0.0377221	-0.0399187	-0.0424437	-0.0445319	-0.0487846	-0.0496682	-0.0557182	-0.0566754	-0.0604725	-0.0643201	-0.0652264	-0.0623012	-0.0725887	-0.0733039	-0.072458	-0.0786452	-0.0815568	-0.0807917	-0.083688	-0.0954862	-0.0947096	-0.0915062	-0.100933	-0.114625	-0.121476	-0.113955	-0.116437	-0.142751	-0.169028	-0.18006	-0.17187	-0.157917	-0.178423	-0.252284	-0.364694	-0.497658	-0.619891	-0.68449	-0.66708	-0.570037	-0.393727	-0.142973	0.148929	0.434525	0.684088	0.885162	1.01933	1.05876	0.989253	0.829399	0.624651	0.42421	0.261114	0.146485	0.0753062	0.035657	0.0156226	0.0063603	0.00241523	0.000858373	0.000286393	8.99592e-05	2.66923e-05	7.59729e-06	2.48896e-06	
-0.231084	-0.245381	-0.261636	-0.270096	-0.271939	-0.261707	-0.248805	-0.283528	-0.378531	-0.501131	-0.627786	-0.727242	-0.761648	-0.707436	-0.574731	-0.36438	-0.084098	0.209778	0.481863	0.717048	0.892282	0.989541	0.989184	0.875383	0.694598	0.487642	0.299413	0.159249	0.062727	0.0068971	-0.0223242	-0.0393839	-0.0440021	-0.0497341	-0.0506047	-0.0523696	-0.0542406	-0.0559034	-0.0550824	-0.0607765	-0.0561214	-0.0613929	-0.0612332	-0.0607864	-0.0638726	-0.0694031	-0.0694467	-0.0738954	-0.0726195	-0.0721656	-0.0793133	-0.083305	-0.0807311	-0.0832641	-0.0955906	-0.094733	-0.0922734	-0.101647	-0.114427	-0.121111	-0.114054	-0.117009	-0.143381	-0.169369	-0.180095	-0.171701	-0.15801	-0.17938	-0.25418	-0.367193	-0.500215	-0.621701	-0.684917	-0.666029	-0.567611	-0.389996	-0.138296	0.153819	0.438964	0.687754	0.88785	1.02071	1.05856	0.987537	0.826703	0.621706	0.421616	0.259169	0.145209	0.0745591	0.0352623	0.0154325	0.00627619	0.00238084	0.000845308	0.000281762	8.84214e-05	2.62119e-05	7.45363e-06	2.43944e-06	
-0.23141	-0.246446	-0.263421	-0.271929	-0.272002	-0.261028	-0.250443	-0.286841	-0.383212	-0.507268	-0.633721	-0.732861	-0.762142	-0.700135	-0.564667	-0.358159	-0.0818301	0.21742	0.486894	0.719778	0.896266	0.991067	0.984032	0.870611	0.6845	0.477981	0.290352	0.150282	0.0553041	0.000511777	-0.029092	-0.0440021	-0.04943	-0.0537627	-0.0534188	-0.0557541	-0.0554734	-0.0567475	-0.0578653	-0.0598009	-0.0597609	-0.0653156	-0.0640294	-0.0672023	-0.0704305	-0.0682314	-0.0640953	-0.0737571	-0.0743617	-0.0743661	-0.079864	-0.0828658	-0.0817342	-0.0836584	-0.0954644	-0.0952274	-0.0923604	-0.101607	-0.115334	-0.121689	-0.113819	-0.117602	-0.144819	-0.170379	-0.180205	-0.171217	-0.158225	-0.181667	-0.25854	-0.372794	-0.505899	-0.625712	-0.685821	-0.663587	-0.562052	-0.381507	-0.127724	0.164816	0.448912	0.69595	0.893831	1.02374	1.058	0.983602	0.820603	0.61508	0.415804	0.254827	0.142367	0.0729009	0.0343884	0.0150125	0.00609076	0.00230516	0.000816612	0.000271608	8.50556e-05	2.51623e-05	7.14027e-06	2.33162e-06	
-0.231166	-0.249603	-0.267104	-0.272641	-0.270678	-0.261287	-0.254139	-0.292607	-0.390238	-0.516772	-0.641965	-0.734838	-0.762816	-0.699764	-0.558118	-0.340926	-0.0582349	0.234188	0.502695	0.730798	0.900171	0.98771	0.977619	0.855468	0.670559	0.462603	0.277849	0.140036	0.0479509	-0.0064659	-0.033371	-0.0497341	-0.0537627	-0.0584039	-0.0594527	-0.0598541	-0.0616457	-0.0623838	-0.0610555	-0.065648	-0.0610759	-0.0647814	-0.0638297	-0.0636451	-0.0651947	-0.0701451	-0.0710215	-0.0766754	-0.073892	-0.0728844	-0.0802957	-0.0830349	-0.0801871	-0.0854709	-0.0974101	-0.094006	-0.0925423	-0.103591	-0.116197	-0.121133	-0.113677	-0.119254	-0.147073	-0.171698	-0.18028	-0.170485	-0.158697	-0.185445	-0.265488	-0.381547	-0.51465	-0.631752	-0.686975	-0.659531	-0.553154	-0.368093	-0.111175	0.181897	0.46428	0.708556	0.902952	1.02822	1.05689	0.977293	0.811023	0.604784	0.406837	0.248167	0.13803	0.0703811	0.0330656	0.0143792	0.00581213	0.00219183	0.000773773	0.000256495	8.00607e-05	2.3609e-05	6.67787e-06	2.17301e-06	
-0.231795	-0.252287	-0.270916	-0.275985	-0.27117	-0.259861	-0.256112	-0.300689	-0.402726	-0.529841	-0.654074	-0.741849	-0.758479	-0.687667	-0.540877	-0.324438	-0.0423651	0.25584	0.518783	0.745027	0.911165	0.992986	0.972571	0.84836	0.655817	0.451359	0.26622	0.133161	0.0422873	-0.00887123	-0.0354939	-0.0506047	-0.0534188	-0.0594527	-0.0570651	-0.0601194	-0.0595631	-0.059591	-0.0612249	-0.0623752	-0.0609662	-0.0672363	-0.0651941	-0.0676524	-0.0718395	-0.0702381	-0.0665663	-0.0741403	-0.0730072	-0.0754179	-0.0814306	-0.0837737	-0.0826594	-0.0853986	-0.0960263	-0.0950116	-0.0940786	-0.104076	-0.117166	-0.121684	-0.113682	-0.121064	-0.150007	-0.173539	-0.180319	-0.169461	-0.159587	-0.190982	-0.275215	-0.393511	-0.526364	-0.639541	-0.68802	-0.653517	-0.540601	-0.349499	-0.0885342	0.20502	0.484926	0.725379	0.914968	1.03385	1.05491	0.968371	0.797859	0.590838	0.394816	0.239311	0.132304	0.067075	0.03134	0.0135574	0.00545236	0.00204618	0.000718965	0.000237243	7.37239e-05	2.16463e-05	6.09597e-06	1.97428e-06	
-0.232209	-0.257234	-0.276515	-0.277391	-0.26913	-0.260702	-0.263763	-0.311032	-0.414462	-0.545631	-0.667554	-0.747635	-0.759294	-0.679387	-0.521774	-0.294444	-0.00951073	0.283445	0.544323	0.761508	0.921364	0.992351	0.964297	0.830561	0.637555	0.431634	0.252685	0.121449	0.0365869	-0.0139227	-0.0377221	-0.0523696	-0.0557541	-0.0598541	-0.0601194	-0.0611882	-0.061812	-0.0627421	-0.062621	-0.0649311	-0.063393	-0.0667398	-0.0644739	-0.0667612	-0.0678067	-0.0688962	-0.070056	-0.0781029	-0.0751727	-0.0753766	-0.0817521	-0.0830892	-0.0803023	-0.0879801	-0.099383	-0.0938022	-0.093879	-0.106829	-0.119055	-0.120981	-0.113509	-0.124126	-0.153856	-0.17551	-0.180098	-0.16824	-0.161217	-0.19863	-0.287947	-0.408741	-0.540866	-0.648677	-0.688464	-0.645078	-0.523972	-0.3254	-0.0596708	0.234103	0.510644	0.746155	0.929542	1.04021	1.05166	0.956531	0.780983	0.573286	0.379883	0.228427	0.12533	0.0630809	0.0292707	0.0125786	0.00502665	0.00187488	0.00065488	0.000214857	6.63954e-05	1.93884e-05	5.43003e-06	1.74813e-06	
-0.233526	-0.26176	-0.282451	-0.281658	-0.268904	-0.258954	-0.269062	-0.326131	-0.434238	-0.564945	-0.68397	-0.752621	-0.750896	-0.665477	-0.498441	-0.264227	0.0239301	0.316718	0.571193	0.783717	0.933506	0.995066	0.953872	0.813287	0.614673	0.412413	0.235224	0.111394	0.0286962	-0.0174627	-0.0399187	-0.0542406	-0.0554734	-0.0616457	-0.0595631	-0.061812	-0.0626718	-0.0617431	-0.0636693	-0.0647477	-0.062787	-0.0672949	-0.0659547	-0.0674203	-0.0703323	-0.0707876	-0.0715175	-0.0767967	-0.0720056	-0.0764192	-0.08303	-0.0842516	-0.0834936	-0.089394	-0.0975924	-0.0940255	-0.0967302	-0.108637	-0.119862	-0.120947	-0.114229	-0.127814	-0.15814	-0.177633	-0.179641	-0.166909	-0.163955	-0.208828	-0.303943	-0.42726	-0.557887	-0.658617	-0.687677	-0.633633	-0.502749	-0.295412	-0.0244598	0.269013	0.541159	0.770534	0.946233	1.04678	1.0466	0.94141	0.760268	0.552204	0.362228	0.215723	0.11728	0.0585164	0.0269273	0.0114796	0.00455238	0.00168547	0.000584525	0.00019045	5.84577e-05	1.69583e-05	4.71797e-06	1.50799e-06	
-0.235823	-0.267882	-0.288832	-0.284102	-0.267346	-0.260466	-0.280382	-0.342978	-0.453242	-0.586827	-0.702505	-0.760487	-0.744437	-0.644285	-0.467207	-0.226022	0.0634575	0.35527	0.603114	0.806291	0.949352	0.995355	0.941468	0.792578	0.588396	0.389371	0.21708	0.0979392	0.021493	-0.022857	-0.0424437	-0.0559034	-0.0567475	-0.0623838	-0.059591	-0.0627421	-0.0617431	-0.0615064	-0.0641198	-0.0626702	-0.063801	-0.0682892	-0.0648997	-0.069154	-0.0725681	-0.0708022	-0.0702314	-0.0769693	-0.074797	-0.079558	-0.0841254	-0.0834055	-0.0822725	-0.0917255	-0.100019	-0.0938422	-0.0976112	-0.11157	-0.121953	-0.120257	-0.114873	-0.132728	-0.163214	-0.17962	-0.178688	-0.165679	-0.168377	-0.222095	-0.32345	-0.449029	-0.577029	-0.668658	-0.684895	-0.618491	-0.476327	-0.259117	0.0171891	0.309543	0.576113	0.798078	0.964487	1.05291	1.03914	0.922608	0.735601	0.527716	0.342095	0.201452	0.108355	0.0535146	0.0243869	0.0102999	0.00404809	0.00148585	0.000511004	0.00016515	5.02941e-05	1.44781e-05	3.99676e-06	1.26676e-06	
-0.239319	-0.274215	-0.295492	-0.287913	-0.266825	-0.261051	-0.292	-0.365928	-0.479749	-0.610947	-0.719733	-0.763486	-0.734336	-0.624854	-0.430387	-0.175497	0.111784	0.396325	0.639031	0.829133	0.958376	0.992737	0.922187	0.764267	0.559814	0.361587	0.198649	0.0849117	0.0143441	-0.0256257	-0.0445319	-0.0550824	-0.0578653	-0.0610555	-0.0612249	-0.062621	-0.0636693	-0.0641198	-0.0662841	-0.0659407	-0.0683312	-0.0680524	-0.0677041	-0.070261	-0.0693303	-0.067403	-0.075038	-0.0801656	-0.0742671	-0.0796603	-0.0837421	-0.084682	-0.0849369	-0.0940369	-0.099461	-0.093938	-0.100995	-0.114651	-0.122627	-0.119472	-0.117036	-0.138891	-0.168379	-0.181169	-0.177309	-0.16495	-0.175148	-0.23897	-0.346675	-0.473904	-0.597723	-0.677918	-0.679218	-0.598864	-0.444031	-0.216097	0.0652967	0.355389	0.615058	0.828247	0.983628	1.05782	1.02858	0.899715	0.70691	0.500008	0.319781	0.185905	0.098777	0.0482185	0.02173	0.00908033	0.00353232	0.00128377	0.000437302	0.000140026	4.22599e-05	1.20586e-05	3.29939e-06	1.03571e-06	
-0.24501	-0.280913	-0.301649	-0.291301	-0.266127	-0.264128	-0.309411	-0.392647	-0.507385	-0.637767	-0.739693	-0.765293	-0.714612	-0.593102	-0.392682	-0.129319	0.16515	0.445002	0.678162	0.860168	0.975218	0.988893	0.903055	0.734023	0.523952	0.332677	0.173456	0.0685801	0.00324773	-0.0340151	-0.0487846	-0.0607765	-0.0598009	-0.065648	-0.0623752	-0.0649311	-0.0647477	-0.0626702	-0.0659407	-0.0632944	-0.0640564	-0.0671936	-0.0661083	-0.0692535	-0.073335	-0.0756101	-0.0767798	-0.0761236	-0.0736926	-0.0825209	-0.0863595	-0.0842034	-0.0859156	-0.0979267	-0.0995044	-0.0938357	-0.104319	-0.117874	-0.123635	-0.119023	-0.120097	-0.145998	-0.173654	-0.182188	-0.175474	-0.165238	-0.185107	-0.260008	-0.373737	-0.501588	-0.619182	-0.685323	-0.669631	-0.573881	-0.405146	-0.165969	0.119777	0.406133	0.657448	0.860392	1.00285	1.06062	1.01419	0.872343	0.674192	0.469342	0.295644	0.169407	0.0887822	0.0427754	0.0190372	0.00786018	0.00302259	0.00108636	0.000366096	0.000116009	3.46584e-05	9.79206e-06	2.65263e-06	8.23723e-07	
-0.253625	-0.28778	-0.305667	-0.294262	-0.26897	-0.270334	-0.328041	-0.423991	-0.541317	-0.664698	-0.75586	-0.767247	-0.696255	-0.555093	-0.3356	-0.064629	0.219219	0.492358	0.715924	0.880547	0.981902	0.980903	0.874626	0.700888	0.490072	0.302862	0.155908	0.0561542	-0.00162515	-0.034139	-0.0496682	-0.0561214	-0.0597609	-0.0610759	-0.0609662	-0.063393	-0.062787	-0.063801	-0.0683312	-0.0640564	-0.0725208	-0.0701595	-0.0705513	-0.0745785	-0.0740526	-0.0676667	-0.0746487	-0.0783747	-0.0781449	-0.0863891	-0.0849723	-0.0853655	-0.0894853	-0.0982459	-0.0985329	-0.0967924	-0.108823	-0.12054	-0.123875	-0.118669	-0.12488	-0.154392	-0.178545	-0.182229	-0.173385	-0.167423	-0.199213	-0.285673	-0.404604	-0.531571	-0.640367	-0.689611	-0.655018	-0.54261	-0.358941	-0.108441	0.180394	0.461226	0.702624	0.893737	1.02119	1.06032	0.995196	0.840158	0.637535	0.436064	0.270097	0.152309	0.0786149	0.0373306	0.0163849	0.00667566	0.00253444	0.000899738	0.000299608	9.38474e-05	2.77239e-05	7.74727e-06	2.07563e-06	6.3686e-07	
