0.175598	0.188402	0.218137	0.262066	0.307053	0.340497	0.360295	0.369274	0.362255	0.32501	0.247849	0.137867	0.0170781	-0.0899247	-0.167072	-0.210692	-0.226732	-0.224868	-0.214059	-0.20069	-0.188244	-0.178166	-0.170719	-0.165556	-0.162195	-0.160129	-0.158941	-0.158319	-0.158024	-0.157921	-0.157917	-0.15801	-0.158225	-0.158697	-0.159587	-0.161217	-0.163955	-0.168377	-0.175148	-0.185107	-0.199213	-0.218419	-0.243675	-0.275666	-0.314651	-0.360439	-0.411936	-0.467316	-0.523998	-0.578293	-0.62602	-0.662788	-0.683652	-0.683385	-0.657339	-0.601824	-0.51414	-0.393965	-0.245192	-0.0756729	0.105576	0.292268	0.480904	0.663794	0.824196	0.944421	1.01863	1.05227	1.04857	1.0008	0.900721	0.752791	0.578312	0.406445	0.261144	0.153649	0.0830277	0.0413489	0.0190465	0.00814339	0.00324258	0.00120622	0.000420413	0.000137658	4.24492e-05	1.23559e-05	3.40195e-06	8.87714e-07	2.19934e-07	5.1822e-08	1.16309e-08	2.49013e-09	5.09248e-10	9.96067e-11	1.8656e-11	3.34973e-12	5.77192e-13	9.55464e-14	1.52548e-14	2.6728e-15	
0.621182	0.624253	0.622171	0.603942	0.564894	0.510463	0.448406	0.377883	0.288813	0.172806	0.0343737	-0.108126	-0.231763	-0.320225	-0.369018	-0.383535	-0.374063	-0.35115	-0.322909	-0.29453	-0.268771	-0.246725	-0.228591	-0.214087	-0.20276	-0.194128	-0.187739	-0.183219	-0.180278	-0.178714	-0.178423	-0.17938	-0.181667	-0.185445	-0.190982	-0.19863	-0.208828	-0.222095	-0.23897	-0.260008	-0.285673	-0.316286	-0.351939	-0.392351	-0.436863	-0.484294	-0.532859	-0.580244	-0.623376	-0.658518	-0.681525	-0.687759	-0.672442	-0.63156	-0.562571	-0.464722	-0.339615	-0.191698	-0.0272707	0.147692	0.328759	0.511208	0.685603	0.836514	0.949468	1.01992	1.05227	1.04909	1.00445	0.910394	0.76957	0.600273	0.429648	0.281747	0.169437	0.0936695	0.0477487	0.0225185	0.00985767	0.00401847	0.00153008	0.000545713	0.000182791	5.76428e-05	1.7152e-05	4.82584e-06	1.28635e-06	3.25433e-07	7.82711e-08	1.79251e-08	3.91446e-09	8.16261e-10	1.62738e-10	3.10579e-11	5.68033e-12	9.96679e-13	1.67941e-13	2.72032e-14	4.25176e-15	7.2808e-16	
1.06945	1.04859	1.00143	0.924762	0.822982	0.703821	0.569618	0.41571	0.238862	0.0466204	-0.142048	-0.304845	-0.425719	-0.49972	-0.531921	-0.532831	-0.513745	-0.48404	-0.450286	-0.416513	-0.384956	-0.356684	-0.3321	-0.311244	-0.293959	-0.280011	-0.269141	-0.261104	-0.255702	-0.252787	-0.252284	-0.25418	-0.25854	-0.265488	-0.275215	-0.287947	-0.303943	-0.32345	-0.346675	-0.373737	-0.404604	-0.43905	-0.476563	-0.516282	-0.556926	-0.596665	-0.63311	-0.663242	-0.683436	-0.689755	-0.678212	-0.645203	-0.588232	-0.50642	-0.400531	-0.272848	-0.126967	0.0328903	0.202699	0.378266	0.553218	0.716968	0.855898	0.959073	1.02367	1.05308	1.04857	1.00445	0.913547	0.777867	0.613528	0.44553	0.297197	0.182162	0.10278	0.0535218	0.0257998	0.0115479	0.00481389	0.00187437	0.000683548	0.00023407	7.54437e-05	2.29385e-05	6.59277e-06	1.7946e-06	4.6349e-07	1.13766e-07	2.65803e-08	5.91996e-09	1.25858e-09	2.55745e-10	4.97303e-11	9.26438e-12	1.65524e-12	2.83919e-13	4.67992e-14	7.4201e-15	1.13566e-15	1.90136e-16	
1.4778	1.42918	1.33821	1.21472	1.06662	0.895269	0.6969	0.470404	0.225078	-0.0187167	-0.23675	-0.410363	-0.531928	-0.604384	-0.637141	-0.64155	-0.627785	-0.603592	-0.574305	-0.543365	-0.512919	-0.48428	-0.458223	-0.435186	-0.415383	-0.398886	-0.385684	-0.375725	-0.36894	-0.365275	-0.364694	-0.367193	-0.372794	-0.381547	-0.393511	-0.408741	-0.42726	-0.449029	-0.473904	-0.501588	-0.531571	-0.56307	-0.594948	-0.625664	-0.653206	-0.675093	-0.688444	-0.690108	-0.676963	-0.646255	-0.595925	-0.524944	-0.433454	-0.322558	-0.194021	-0.0501483	0.106223	0.27151	0.440582	0.605629	0.756058	0.880787	0.97238	1.02955	1.05449	1.04681	1.0008	0.910394	0.777867	0.617956	0.453591	0.306763	0.191084	0.109765	0.0582704	0.0286612	0.013098	0.00557687	0.00221834	0.000826511	0.000289146	9.52002e-05	2.95631e-05	8.67627e-06	2.41106e-06	6.35542e-07	1.59169e-07	3.79338e-08	8.61541e-09	1.86725e-09	3.86691e-10	7.66098e-11	1.45365e-11	2.6446e-12	4.61772e-13	7.74607e-14	1.24946e-14	1.93976e-15	2.90817e-16	4.76203e-17	
1.79207	1.7338	1.62461	1.47359	1.28583	1.06235	0.80605	0.527834	0.247347	-0.0125216	-0.233153	-0.405051	-0.528178	-0.608965	-0.656468	-0.679536	-0.685467	-0.679756	-0.666408	-0.648348	-0.627746	-0.606243	-0.585078	-0.565174	-0.547202	-0.531634	-0.518788	-0.508869	-0.502001	-0.498254	-0.497658	-0.500215	-0.505899	-0.51465	-0.526364	-0.540866	-0.557887	-0.577029	-0.597723	-0.619182	-0.640367	-0.659942	-0.676261	-0.687383	-0.691124	-0.685176	-0.667267	-0.635363	-0.587877	-0.52379	-0.442709	-0.344828	-0.230789	-0.101631	0.0409847	0.194335	0.354136	0.514113	0.66597	0.800404	0.90935	0.988359	1.03698	1.05596	1.04319	0.992995	0.900721	0.76957	0.613528	0.453591	0.310001	0.19568	0.114157	0.0616502	0.0308868	0.0143902	0.00625042	0.00253735	0.000965026	0.000344663	0.000115853	3.67268e-05	1.10021e-05	3.12025e-06	8.39222e-07	2.1441e-07	5.21146e-08	1.20683e-08	2.66622e-09	5.62683e-10	1.13572e-10	2.19492e-11	4.06602e-12	7.22721e-13	1.2338e-13	2.02483e-14	3.1973e-15	4.86198e-16	7.1427e-17	1.14434e-17	
1.99443	1.94068	1.83278	1.67024	1.45454	1.19282	0.900513	0.599988	0.314982	0.0641208	-0.142908	-0.305183	-0.427662	-0.517709	-0.582548	-0.628072	-0.658692	-0.677664	-0.687499	-0.690257	-0.687715	-0.681434	-0.672776	-0.662904	-0.652788	-0.643211	-0.634784	-0.627967	-0.623088	-0.620359	-0.619891	-0.621701	-0.625712	-0.631752	-0.639541	-0.648677	-0.658617	-0.668658	-0.677918	-0.685323	-0.689611	-0.689344	-0.682952	-0.668795	-0.645248	-0.610803	-0.564152	-0.504263	-0.430408	-0.342165	-0.239448	-0.122599	0.00739422	0.148508	0.297258	0.448478	0.595489	0.730787	0.847288	0.939819	1.00595	1.04517	1.05656	1.03662	0.980039	0.883918	0.752791	0.600273	0.44553	0.306763	0.19568	0.115656	0.0634072	0.0322997	0.015319	0.00677926	0.00280565	0.00108831	0.000396537	0.000135998	4.39906e-05	1.34459e-05	3.89047e-06	1.0674e-06	2.78138e-07	6.89371e-08	1.62751e-08	3.66486e-09	7.8814e-10	1.62063e-10	3.18999e-11	6.01717e-12	1.08876e-12	1.89163e-13	3.15864e-14	5.07348e-15	7.84548e-16	1.16897e-16	1.68336e-17	2.63965e-18	
2.0957	2.04197	1.93149	1.76211	1.53785	1.27196	0.985411	0.701614	0.440222	0.213115	0.0238937	-0.129908	-0.253711	-0.353373	-0.433844	-0.498809	-0.550899	-0.592048	-0.623814	-0.647569	-0.664595	-0.676112	-0.683266	-0.687114	-0.688601	-0.688548	-0.687642	-0.686434	-0.685339	-0.68464	-0.68449	-0.684917	-0.685821	-0.686975	-0.68802	-0.688464	-0.687677	-0.684895	-0.679218	-0.669631	-0.655018	-0.634196	-0.605954	-0.569095	-0.522481	-0.465075	-0.395988	-0.314532	-0.220311	-0.113372	0.00557402	0.134878	0.271685	0.41181	0.549912	0.68003	0.796397	0.894316	0.970722	1.024	1.05284	1.05472	1.02539	0.960468	0.859077	0.727239	0.578312	0.429648	0.297197	0.191084	0.114157	0.0634072	0.0327842	0.0158047	0.00711716	0.00299974	0.00118573	0.000440427	0.000154026	5.08115e-05	1.58401e-05	4.67439e-06	1.3079e-06	3.47522e-07	8.78184e-08	2.11344e-08	4.85031e-09	1.06284e-09	2.22641e-10	4.46343e-11	8.57282e-12	1.57911e-12	2.79228e-13	4.74418e-14	7.75177e-15	1.21911e-15	1.84687e-16	2.6973e-17	3.80867e-18	5.84768e-19	
2.0932	2.03216	1.91257	1.74098	1.52922	1.29365	1.05203	0.81957	0.606337	0.416769	0.250993	0.106805	-0.01865	-0.127923	-0.222972	-0.305245	-0.375887	-0.43591	-0.486296	-0.528032	-0.562115	-0.589528	-0.611221	-0.628088	-0.640948	-0.650529	-0.657454	-0.662237	-0.665273	-0.666837	-0.66708	-0.666029	-0.663587	-0.659531	-0.653517	-0.645078	-0.633633	-0.618491	-0.598864	-0.573881	-0.54261	-0.50408	-0.457321	-0.401399	-0.335482	-0.258913	-0.171321	-0.072766	0.036088	0.15379	0.277964	0.40528	0.531601	0.652354	0.763051	0.859831	0.939761	1.00075	1.04096	1.05794	1.0481	1.00723	0.932493	0.825176	0.692663	0.547937	0.406445	0.281747	0.182162	0.109765	0.0616502	0.0322997	0.0158047	0.00723339	0.00310164	0.00124824	0.000472313	0.000168331	5.66052e-05	1.79904e-05	5.41282e-06	1.54414e-06	4.18294e-07	1.07752e-07	2.6431e-08	6.18166e-09	1.38018e-09	2.94522e-10	6.0136e-11	1.17611e-11	2.20546e-12	3.96922e-13	6.86225e-14	1.14069e-14	1.8246e-15	2.81074e-16	4.17307e-17	5.97597e-18	8.27694e-19	1.24475e-19	
1.96452	1.90319	1.78849	1.63443	1.45778	1.27426	1.09555	0.928027	0.773388	0.630478	0.497214	0.371931	0.253903	0.143249	0.0405557	-0.053506	-0.138445	-0.214069	-0.280492	-0.338086	-0.38741	-0.429137	-0.463988	-0.492691	-0.515937	-0.53436	-0.548511	-0.558851	-0.565737	-0.56942	-0.570037	-0.567611	-0.562052	-0.553154	-0.540601	-0.523972	-0.502749	-0.476327	-0.444031	-0.405146	-0.358941	-0.304723	-0.241891	-0.170014	-0.0889283	0.00115701	0.0995422	0.204937	0.315403	0.428366	0.540748	0.649186	0.750349	0.84122	0.919252	0.982275	1.02815	1.05429	1.05736	1.0335	0.979424	0.894249	0.781334	0.64906	0.509723	0.376715	0.261144	0.169437	0.10278	0.0582704	0.0308868	0.015319	0.00711716	0.00310164	0.00126978	0.000489099	0.000177536	6.08263e-05	1.97011e-05	6.04159e-06	1.75678e-06	4.8508e-07	1.27361e-07	3.18389e-08	7.58802e-09	1.72613e-09	3.75224e-10	7.803e-11	1.55397e-11	2.96666e-12	5.43444e-13	9.56099e-14	1.61693e-14	2.63078e-15	4.12126e-16	6.22104e-17	9.05527e-18	1.27194e-18	1.72859e-19	2.54721e-20	
1.70363	1.65922	1.57775	1.47142	1.35344	1.23449	1.12078	1.01401	0.912827	0.814606	0.717007	0.618778	0.519903	0.421331	0.324549	0.231183	0.14272	0.0603449	-0.0151184	-0.0831977	-0.143725	-0.196774	-0.242589	-0.281525	-0.313992	-0.340412	-0.361185	-0.376662	-0.387125	-0.392776	-0.393727	-0.389996	-0.381507	-0.368093	-0.349499	-0.3254	-0.295412	-0.259117	-0.216097	-0.165969	-0.108441	-0.043365	0.0291903	0.108872	0.194979	0.286411	0.381655	0.478808	0.575665	0.669843	0.758934	0.840632	0.912775	0.97326	1.01983	1.04982	1.06003	1.04688	1.00717	0.939215	0.84419	0.72714	0.596886	0.464635	0.341574	0.236385	0.153649	0.0936695	0.0535218	0.0286612	0.0143902	0.00677926	0.00299974	0.00124824	0.000489099	0.000180714	6.30522e-05	2.0804e-05	6.50051e-06	1.92624e-06	5.42029e-07	1.45031e-07	3.69464e-08	8.97208e-09	2.07938e-09	4.6045e-10	9.7524e-11	1.97774e-11	3.84405e-12	7.16775e-13	1.28335e-13	2.20829e-14	3.6549e-15	5.82311e-16	8.93769e-17	1.32254e-17	1.88803e-18	2.60216e-19	3.47111e-20	5.01375e-21	
1.34835	1.33257	1.3034	1.26465	1.22011	1.17243	1.12262	1.07036	1.01463	0.954396	0.889034	0.818566	0.743624	0.66532	0.585069	0.50442	0.424909	0.347947	0.274752	0.206307	0.143348	0.0863828	0.0357152	-0.00851498	-0.0462919	-0.077683	-0.102804	-0.121785	-0.13475	-0.141794	-0.142973	-0.138296	-0.127724	-0.111175	-0.0885342	-0.0596708	-0.0244598	0.0171891	0.0652967	0.119777	0.180394	0.246727	0.318129	0.393716	0.472353	0.552677	0.633138	0.71205	0.787647	0.858116	0.921583	0.976034	1.0192	1.04843	1.06068	1.05271	1.02158	0.965428	0.884423	0.781572	0.662971	0.537242	0.414099	0.302454	0.208687	0.135703	0.0830277	0.0477487	0.0257998	0.013098	0.00625042	0.00280565	0.00118573	0.000472313	0.000177536	6.30522e-05	2.1185e-05	6.74278e-06	2.0356e-06	5.83638e-07	1.59124e-07	4.13046e-08	1.02198e-08	2.41305e-09	5.44307e-10	1.17419e-10	2.42488e-11	4.79872e-12	9.10861e-13	1.65982e-13	2.90623e-14	4.89347e-15	7.92997e-16	1.23773e-16	1.86207e-17	2.70206e-18	3.78454e-19	5.11976e-20	6.70555e-21	9.49739e-22	
0.968512	0.979375	0.998905	1.02319	1.04746	1.06699	1.07799	1.07801	1.06607	1.04243	1.00817	0.964832	0.914131	0.857773	0.797385	0.734488	0.670494	0.606702	0.544293	0.484314	0.427669	0.375113	0.327253	0.284558	0.247373	0.215942	0.190425	0.170921	0.157487	0.150152	0.148929	0.153819	0.164816	0.181897	0.20502	0.234103	0.269013	0.309543	0.355389	0.406133	0.461226	0.519971	0.581524	0.644893	0.708948	0.772429	0.833947	0.891976	0.944818	0.990546	1.02695	1.05151	1.06144	1.05387	1.02626	0.976891	0.905564	0.814152	0.706901	0.590231	0.471947	0.35999	0.26104	0.179412	0.116596	0.071516	0.0413489	0.0225185	0.0115479	0.00557687	0.00253735	0.00108831	0.000440427	0.000168331	6.08263e-05	2.0804e-05	6.74278e-06	2.07341e-06	6.05617e-07	1.68225e-07	4.44903e-08	1.12153e-08	2.69779e-09	6.19893e-10	1.36203e-10	2.86452e-11	5.77202e-12	1.11537e-12	2.06876e-13	3.68617e-14	6.315e-15	1.041e-15	1.65247e-16	2.52781e-17	3.72898e-18	5.30844e-19	7.29723e-20	9.69278e-21	1.24688e-21	1.7323e-22	
0.631076	0.656981	0.7049	0.767956	0.83778	0.906127	0.966171	1.01323	1.04487	1.06065	1.0615	1.04922	1.02598	0.994005	0.955397	0.912041	0.865596	0.817509	0.76904	0.721286	0.675203	0.631611	0.591216	0.554606	0.52227	0.494598	0.471898	0.454402	0.442278	0.435633	0.434525	0.438964	0.448912	0.46428	0.484926	0.510644	0.541159	0.576113	0.615058	0.657448	0.702624	0.749814	0.798118	0.846497	0.89376	0.938534	0.979242	1.01407	1.04096	1.05761	1.0616	1.05052	1.02229	0.975511	0.909949	0.82689	0.729391	0.622214	0.511401	0.403489	0.30453	0.219161	0.149964	0.097331	0.0598005	0.0347301	0.0190465	0.00985767	0.00481389	0.00221834	0.000965026	0.000396537	0.000154026	5.66052e-05	1.97011e-05	6.50051e-06	2.0356e-06	6.05617e-07	1.71372e-07	4.61736e-08	1.18583e-08	2.90594e-09	6.80191e-10	1.52227e-10	3.26055e-11	6.69019e-12	1.31622e-12	2.48509e-13	4.50659e-14	7.85602e-15	1.31749e-15	2.12723e-16	3.30916e-17	4.96326e-18	7.18218e-19	1.00339e-19	1.3542e-20	1.76673e-21	2.23292e-22	3.04404e-23	
0.373964	0.402432	0.456187	0.529472	0.614976	0.705002	0.792503	0.871796	0.93891	0.991609	1.02917	1.05205	1.06152	1.05933	1.04744	1.02783	1.00239	0.972815	0.940642	0.907196	0.87362	0.840895	0.80985	0.781185	0.755482	0.73322	0.714781	0.700463	0.690489	0.685004	0.684088	0.687754	0.69595	0.708556	0.725379	0.746155	0.770534	0.798078	0.828247	0.860392	0.893737	0.927364	0.960196	0.990983	1.01828	1.04045	1.05566	1.06197	1.05736	1.03994	1.00812	0.960903	0.898163	0.820902	0.731413	0.63326	0.53103	0.429864	0.334799	0.250088	0.17863	0.121667	0.0788322	0.0484904	0.0282695	0.0156011	0.00814339	0.00401847	0.00187437	0.000826511	0.000344663	0.000135998	5.08115e-05	1.79904e-05	6.04159e-06	1.92624e-06	5.83638e-07	1.68225e-07	4.61736e-08	1.20807e-08	3.01593e-09	7.19136e-10	1.63938e-10	3.57636e-11	7.47294e-12	1.49699e-12	2.87738e-13	5.31119e-14	9.42222e-15	1.60776e-15	2.64073e-16	4.17808e-17	6.37215e-18	9.37447e-19	1.3312e-19	1.82578e-20	2.42009e-21	3.10208e-22	3.85316e-23	5.15608e-24	
0.202333	0.225615	0.270513	0.333885	0.411461	0.49829	0.589229	0.679399	0.764559	0.841362	0.907479	0.961602	1.00334	1.03305	1.05166	1.06047	1.06097	1.05472	1.04325	1.02802	1.01033	0.991341	0.972066	0.953371	0.935984	0.920506	0.907421	0.89711	0.889851	0.885835	0.885162	0.88785	0.893831	0.902952	0.914968	0.929542	0.946233	0.964487	0.983628	1.00285	1.02119	1.03757	1.05071	1.05923	1.06163	1.05634	1.04183	1.0167	0.979843	0.930643	0.869134	0.796173	0.713538	0.623914	0.530746	0.437949	0.349488	0.268912	0.198921	0.141065	0.0956494	0.0618629	0.0380852	0.0222791	0.0123664	0.00650645	0.00324258	0.00153008	0.000683548	0.000289146	0.000115853	4.39906e-05	1.58401e-05	5.41282e-06	1.75678e-06	5.42029e-07	1.59124e-07	4.44903e-08	1.18583e-08	3.01593e-09	7.32604e-10	1.70126e-10	3.78027e-11	8.04475e-12	1.64104e-12	3.21151e-13	6.03452e-14	1.08959e-14	1.89196e-15	3.16162e-16	5.08829e-17	7.89228e-18	1.18058e-18	1.70427e-19	2.37575e-20	3.2e-21	4.16718e-22	5.24969e-23	6.41046e-24	8.42286e-25	
0.100398	0.116144	0.147173	0.192516	0.250641	0.319437	0.396261	0.478089	0.561726	0.644063	0.722307	0.794173	0.857993	0.912747	0.95803	0.993969	1.02111	1.04029	1.05256	1.05905	1.06089	1.05921	1.05504	1.04931	1.04283	1.03632	1.03034	1.02536	1.02173	1.01967	1.01933	1.02071	1.02374	1.02822	1.03385	1.04021	1.04678	1.05291	1.05782	1.06062	1.06032	1.05583	1.04602	1.02974	1.00591	0.973578	0.932076	0.881092	0.820805	0.751977	0.676005	0.594913	0.511256	0.427939	0.347955	0.274079	0.208567	0.152914	0.107728	0.0727427	0.0469695	0.0289395	0.0169832	0.00947844	0.00502476	0.00252793	0.00120622	0.000545713	0.00023407	9.52002e-05	3.67268e-05	1.34459e-05	4.67439e-06	1.54414e-06	4.8508e-07	1.45031e-07	4.13046e-08	1.12153e-08	2.90594e-09	7.19136e-10	1.70126e-10	3.85078e-11	8.34678e-12	1.73401e-12	3.45545e-13	6.61044e-14	1.21498e-14	2.14712e-15	3.651e-16	5.97786e-17	9.43111e-18	1.43468e-18	2.10575e-19	2.98395e-20	4.08484e-21	5.40522e-22	6.91759e-23	8.56739e-24	1.02878e-24	1.3277e-25	
0.0458937	0.0551024	0.0736516	0.101706	0.139297	0.186151	0.241549	0.304274	0.372651	0.444665	0.51813	0.590876	0.660921	0.726596	0.786632	0.840184	0.886822	0.926486	0.959418	0.986091	1.00714	1.02328	1.03529	1.04391	1.04986	1.05377	1.0562	1.05762	1.05838	1.05871	1.05876	1.05856	1.058	1.05689	1.05491	1.05166	1.0466	1.03914	1.02858	1.01419	0.995196	0.970861	0.940503	0.903577	0.85974	0.808922	0.751398	0.687843	0.619357	0.547455	0.474003	0.401108	0.330953	0.265606	0.206817	0.155851	0.113371	0.079411	0.053431	0.0344549	0.0212491	0.0125097	0.00701889	0.00374818	0.00190302	0.000917915	0.000420413	0.000182791	7.54437e-05	2.95631e-05	1.10021e-05	3.89047e-06	1.3079e-06	4.18294e-07	1.27361e-07	3.69464e-08	1.02198e-08	2.69779e-09	6.80191e-10	1.63938e-10	3.78027e-11	8.34678e-12	1.76615e-12	3.58425e-13	6.98193e-14	1.30646e-14	2.35009e-15	4.06687e-16	6.77538e-17	1.08744e-17	1.68254e-18	2.51128e-19	3.61803e-20	5.03452e-21	6.77036e-22	8.80402e-23	1.10766e-23	1.34906e-24	1.59348e-25	2.02053e-26	
0.0194089	0.024183	0.0340132	0.0493908	0.0708878	0.0990015	0.134005	0.175832	0.224021	0.277716	0.335725	0.396621	0.458864	0.520921	0.581371	0.638996	0.692823	0.742154	0.786555	0.825839	0.860022	0.889286	0.913929	0.934322	0.950871	0.963982	0.974035	0.981362	0.986228	0.988823	0.989253	0.987537	0.983602	0.977293	0.968371	0.956531	0.94141	0.922608	0.899715	0.872343	0.840158	0.802928	0.760562	0.713163	0.661062	0.604848	0.545387	0.483804	0.421447	0.359814	0.300458	0.244864	0.194326	0.14983	0.111971	0.0809144	0.0564067	0.0378461	0.0243859	0.0150585	0.00889475	0.00501721	0.00269864	0.0013825	0.000673944	0.000312414	0.000137658	5.76428e-05	2.29385e-05	8.67627e-06	3.12025e-06	1.0674e-06	3.47522e-07	1.07752e-07	3.18389e-08	8.97208e-09	2.41305e-09	6.19893e-10	1.52227e-10	3.57636e-11	8.04475e-12	1.73401e-12	3.58425e-13	7.11031e-14	1.35473e-14	2.48091e-15	4.36998e-16	7.40906e-17	1.20993e-17	1.9044e-18	2.89096e-19	4.23529e-20	5.99163e-21	8.19003e-22	1.08232e-22	1.38354e-23	1.71172e-24	2.05073e-25	2.38334e-26	2.97015e-27	
0.00762417	0.00985341	0.0145451	0.0221302	0.0331708	0.0482717	0.0679829	0.0927054	0.122616	0.157621	0.19734	0.241131	0.288135	0.337344	0.387679	0.438063	0.487484	0.535049	0.580012	0.621793	0.659971	0.694281	0.724588	0.75086	0.773146	0.791545	0.806181	0.817184	0.824669	0.828723	0.829399	0.826703	0.820603	0.811023	0.797859	0.780983	0.760268	0.735601	0.70691	0.674192	0.637535	0.597151	0.553397	0.506788	0.458004	0.407884	0.357396	0.307599	0.259581	0.214386	0.172942	0.135986	0.104005	0.0772018	0.0554952	0.0385455	0.0258124	0.0166303	0.0102874	0.00609862	0.00345886	0.00187395	0.000968618	0.000477156	0.000223837	9.99356e-05	4.24492e-05	1.7152e-05	6.59277e-06	2.41106e-06	8.39222e-07	2.78138e-07	8.78184e-08	2.6431e-08	7.58802e-09	2.07938e-09	5.44307e-10	1.36203e-10	3.26055e-11	7.47294e-12	1.64104e-12	3.45545e-13	6.98193e-14	1.35473e-14	2.52611e-15	4.52987e-16	7.81723e-17	1.29912e-17	2.08049e-18	3.21274e-19	4.78692e-20	6.88605e-21	9.56916e-22	1.28533e-22	1.6697e-23	2.09883e-24	2.55423e-25	3.011e-26	3.44402e-27	4.21947e-28	
0.00279194	0.00374011	0.00577938	0.00918353	0.0143329	0.0216777	0.0316916	0.0448179	0.0614152	0.0817099	0.10576	0.133437	0.164427	0.198247	0.234282	0.271823	0.310115	0.3484	0.385955	0.422119	0.45632	0.488076	0.517001	0.542802	0.565264	0.58424	0.599636	0.611397	0.619494	0.623914	0.624651	0.621706	0.61508	0.604784	0.590838	0.573286	0.552204	0.527716	0.500008	0.469342	0.436064	0.400618	0.363541	0.325461	0.287078	0.24914	0.212411	0.177621	0.145431	0.11638	0.0908528	0.0690531	0.0509957	0.0365167	0.0253017	0.016928	0.0109138	0.00676719	0.00402804	0.00229768	0.00125408	0.000654057	0.000325585	0.000154552	6.99101e-05	3.01196e-05	1.23559e-05	4.82584e-06	1.7946e-06	6.35542e-07	2.1441e-07	6.89371e-08	2.11344e-08	6.18166e-09	1.72613e-09	4.6045e-10	1.17419e-10	2.86452e-11	6.69019e-12	1.49699e-12	3.21151e-13	6.61044e-14	1.30646e-14	2.48091e-15	4.52987e-16	7.9582e-17	1.34614e-17	2.19382e-18	3.44683e-19	5.2242e-20	7.643e-21	1.07996e-21	1.4747e-22	1.94711e-23	2.48716e-24	3.07519e-25	3.68228e-26	4.27227e-27	4.81066e-28	5.79589e-29	
0.000956271	0.00132675	0.00214078	0.0035425	0.00574202	0.00900537	0.0136382	0.0199626	0.0282889	0.0388843	0.0519427	0.0675599	0.0857168	0.106273	0.128971	0.153449	0.179263	0.205915	0.232872	0.2596	0.28558	0.310332	0.333419	0.354462	0.373139	0.389185	0.40239	0.412592	0.419675	0.423561	0.42421	0.421616	0.415804	0.406837	0.394816	0.379883	0.362228	0.342095	0.319781	0.295644	0.270097	0.243605	0.216673	0.189833	0.163619	0.138548	0.115089	0.0936384	0.0744985	0.0578574	0.0437824	0.0322221	0.023019	0.015931	0.0106604	0.00688388	0.00428152	0.00256023	0.0014694	0.000808164	0.000425358	0.000213983	0.000102786	4.71051e-05	2.05834e-05	8.57243e-06	3.40195e-06	1.28635e-06	4.6349e-07	1.59169e-07	5.21146e-08	1.62751e-08	4.85031e-09	1.38018e-09	3.75224e-10	9.7524e-11	2.42488e-11	5.77202e-12	1.31622e-12	2.87738e-13	6.03452e-14	1.21498e-14	2.35009e-15	4.36998e-16	7.81723e-17	1.34614e-17	2.23294e-18	3.57016e-19	5.50541e-20	8.19309e-21	1.17738e-21	1.63472e-22	2.19419e-23	2.84867e-24	3.57912e-25	4.3541e-26	5.13127e-27	5.86099e-28	6.49856e-29	7.70152e-30	
0.000307276	0.000441143	0.000741544	0.00127463	0.00214088	0.00347469	0.00544112	0.00822881	0.0120385	0.0170678	0.0234933	0.0314529	0.0410289	0.0522357	0.0650131	0.0792245	0.0946617	0.111055	0.128085	0.145401	0.162634	0.179414	0.19538	0.210197	0.223558	0.235197	0.244885	0.252439	0.257719	0.260628	0.261114	0.259169	0.254827	0.248167	0.239311	0.228427	0.215723	0.201452	0.185905	0.169407	0.152309	0.13498	0.117791	0.101102	0.0852463	0.070516	0.0571449	0.0452991	0.0350698	0.0264716	0.019448	0.0138816	0.00960898	0.00643847	0.00416824	0.00260254	0.00156441	0.000903832	0.000501106	0.000266232	0.000135373	6.58073e-05	3.05562e-05	1.35425e-05	5.72597e-06	2.30887e-06	8.87714e-07	3.25433e-07	1.13766e-07	3.79338e-08	1.20683e-08	3.66486e-09	1.06284e-09	2.94522e-10	7.803e-11	1.97774e-11	4.79872e-12	1.11537e-12	2.48509e-13	5.31119e-14	1.08959e-14	2.14712e-15	4.06687e-16	7.40906e-17	1.29912e-17	2.19382e-18	3.57016e-19	5.60246e-20	8.48273e-21	1.23998e-21	1.75089e-22	2.38956e-23	3.15372e-24	4.02721e-25	4.97833e-26	5.96047e-27	6.91518e-28	7.77791e-29	8.49405e-30	9.90453e-31	
9.28841e-05	0.00013786	0.000240898	0.000429155	0.000745459	0.00124987	0.00202038	0.00315194	0.00475313	0.00694039	0.00982982	0.0135273	0.0181182	0.0236572	0.0301604	0.0375995	0.0459	0.0549415	0.0645628	0.074568	0.0847356	0.0948278	0.104601	0.113813	0.122237	0.129663	0.135905	0.140811	0.144259	0.146166	0.146485	0.145209	0.142367	0.13803	0.132304	0.12533	0.11728	0.108355	0.098777	0.0887822	0.0786149	0.0685165	0.0587163	0.0494214	0.040808	0.0330134	0.0261307	0.0202067	0.0152424	0.0111977	0.00799822	0.00554504	0.00372483	0.00242012	0.00151824	0.000918077	0.000534248	0.000298718	0.000160256	8.23836e-05	4.05367e-05	1.90729e-05	8.57442e-06	3.68081e-06	1.50813e-06	5.89623e-07	2.19934e-07	7.82711e-08	2.65803e-08	8.61541e-09	2.66622e-09	7.8814e-10	2.22641e-10	6.0136e-11	1.55397e-11	3.84405e-12	9.10861e-13	2.06876e-13	4.50659e-14	9.42222e-15	1.89196e-15	3.651e-16	6.77538e-17	1.20993e-17	2.08049e-18	3.44683e-19	5.50541e-20	8.48273e-21	1.26157e-21	1.81203e-22	2.51499e-23	3.37493e-24	4.38105e-25	5.50427e-26	6.6965e-27	7.89286e-28	9.01706e-29	9.9895e-30	1.07474e-30	1.23338e-31	
2.64794e-05	4.05927e-05	7.35906e-05	0.000135606	0.000243184	0.000420542	0.000700693	0.00112601	0.00174787	0.00262499	0.00382047	0.00539745	0.00741385	0.00991659	0.012936	0.0164808	0.0205351	0.0250557	0.0299732	0.0351929	0.0405991	0.0460596	0.0514316	0.0565679	0.0613231	0.0655594	0.0691526	0.0719961	0.0740052	0.0751196	0.0753062	0.0745591	0.0729009	0.0703811	0.067075	0.0630809	0.0585164	0.0535146	0.0482185	0.0427754	0.0373306	0.0320214	0.0269705	0.0222817	0.0180347	0.0142833	0.0110542	0.00834824	0.00614302	0.00439762	0.0030578	0.00206179	0.00134588	0.000849128	0.000516939	0.000303189	0.000171056	9.27033e-05	4.81968e-05	2.40104e-05	1.14497e-05	5.22192e-06	2.27617e-06	9.47742e-07	3.7681e-07	1.43024e-07	5.1822e-08	1.79251e-08	5.91996e-09	1.86725e-09	5.62683e-10	1.62063e-10	4.46343e-11	1.17611e-11	2.96666e-12	7.16775e-13	1.65982e-13	3.68617e-14	7.85602e-15	1.60776e-15	3.16162e-16	5.97786e-17	1.08744e-17	1.9044e-18	3.21274e-19	5.2242e-20	8.19309e-21	1.23998e-21	1.81203e-22	2.55824e-23	3.49126e-24	4.60803e-25	5.88526e-26	7.27699e-27	8.71535e-28	1.01152e-28	1.1382e-29	1.24228e-30	1.31701e-31	1.48785e-32	
7.13549e-06	1.12879e-05	2.11923e-05	4.03224e-05	7.45385e-05	0.000132763	0.0002277	0.000376432	0.000600715	0.000926773	0.00138446	0.0020057	0.0028223	0.00386314	0.00515122	0.00670066	0.00851406	0.0105806	0.0128748	0.0153567	0.0179729	0.0206582	0.0233388	0.0259352	0.0283664	0.0305536	0.0324237	0.0339131	0.0349704	0.0355585	0.035657	0.0352623	0.0343884	0.0330656	0.03134	0.0292707	0.0269273	0.0243869	0.02173	0.0190372	0.0163849	0.0138423	0.0114676	0.00930646	0.00739012	0.00573516	0.00434415	0.00320726	0.00230469	0.00160951	0.00109072	0.00071613	0.000454832	0.000279005	0.000165047	9.40153e-05	5.1496e-05	2.70872e-05	1.36664e-05	6.60672e-06	3.05745e-06	1.35346e-06	5.72768e-07	2.31614e-07	8.94685e-08	3.30084e-08	1.16309e-08	3.91446e-09	1.25858e-09	3.86691e-10	1.13572e-10	3.18999e-11	8.57282e-12	2.20546e-12	5.43444e-13	1.28335e-13	2.90623e-14	6.315e-15	1.31749e-15	2.64073e-16	5.08829e-17	9.43111e-18	1.68254e-18	2.89096e-19	4.78692e-20	7.643e-21	1.17738e-21	1.75089e-22	2.51499e-23	3.49126e-24	4.68627e-25	6.08549e-26	7.64904e-27	9.31054e-28	1.09801e-28	1.25518e-29	1.39145e-30	1.49655e-31	1.56374e-32	1.73949e-33	
1.82138e-06	2.97064e-06	5.7662e-06	1.13107e-05	2.15232e-05	3.94345e-05	6.95346e-05	0.00011812	0.000193565	0.000306436	0.000469356	0.000696563	0.00100312	0.00140379	0.0019117	0.00253682	0.00328446	0.00415406	0.00513813	0.00622187	0.00738314	0.00859313	0.00981746	0.0110178	0.0121537	0.0131849	0.0140732	0.0147849	0.0152922	0.0155752	0.0156226	0.0154325	0.0150125	0.0143792	0.0135574	0.0125786	0.0114796	0.0102999	0.00908033	0.00786018	0.00667566	0.00555796	0.004532	0.00361553	0.00281891	0.00214539	0.00159185	0.00114998	0.000807752	0.000550857	0.0003642	0.000233096	0.000144205	8.61065e-05	4.95541e-05	2.74481e-05	1.46142e-05	7.47034e-06	3.66221e-06	1.72015e-06	7.73492e-07	3.32752e-07	1.36878e-07	5.38178e-08	2.02207e-08	7.25928e-09	2.49013e-09	8.16261e-10	2.55745e-10	7.66098e-11	2.19492e-11	6.01717e-12	1.57911e-12	3.96922e-13	9.56099e-14	2.20829e-14	4.89347e-15	1.041e-15	2.12723e-16	4.17808e-17	7.89228e-18	1.43468e-18	2.51128e-19	4.23529e-20	6.88605e-21	1.07996e-21	1.63472e-22	2.38956e-23	3.37493e-24	4.60803e-25	6.08549e-26	7.77722e-27	9.62313e-28	1.1534e-28	1.33974e-29	1.50881e-30	1.64822e-31	1.74725e-32	1.7998e-33	1.97183e-34	
4.41244e-07	7.41338e-07	1.48549e-06	2.99983e-06	5.86894e-06	1.10485e-05	2.00073e-05	3.48855e-05	5.86438e-05	9.51718e-05	0.000149317	0.000226797	0.000333965	0.00047742	0.000663466	0.000897469	0.00118315	0.00152193	0.00191231	0.00234953	0.00282534	0.00332818	0.00384352	0.00435453	0.00484295	0.00529011	0.00567805	0.00599056	0.00621425	0.00633934	0.0063603	0.00627619	0.00609076	0.00581213	0.00545236	0.00502665	0.00455238	0.00404809	0.00353232	0.00302259	0.00253444	0.00208068	0.0016709	0.00131125	0.00100448	0.000750268	0.000545741	0.000386096	0.000265317	0.000176848	0.000114181	7.13071e-05	4.30137e-05	2.50273e-05	1.40273e-05	7.56364e-06	3.91891e-06	1.94895e-06	9.29416e-07	4.2464e-07	1.85746e-07	7.77407e-08	3.11182e-08	1.19091e-08	4.35678e-09	1.5235e-09	5.09248e-10	1.62738e-10	4.97303e-11	1.45365e-11	4.06602e-12	1.08876e-12	2.79228e-13	6.86225e-14	1.61693e-14	3.6549e-15	7.92997e-16	1.65247e-16	3.30916e-17	6.37215e-18	1.18058e-18	2.10575e-19	3.61803e-20	5.99163e-21	9.56916e-22	1.4747e-22	2.19419e-23	3.15372e-24	4.38105e-25	5.88526e-26	7.64904e-27	9.62313e-28	1.17248e-28	1.38412e-29	1.5839e-30	1.75775e-31	1.89257e-32	1.97789e-33	2.00891e-34	2.16817e-35	
1.01632e-07	1.75751e-07	3.63048e-07	7.5382e-07	1.51459e-06	2.92656e-06	5.43715e-06	9.72167e-06	1.67487e-05	2.78385e-05	4.46998e-05	6.94288e-05	0.000104455	0.000152421	0.000215998	0.000297637	0.00039928	0.000522055	0.000665992	0.000829797	0.00101071	0.00120449	0.0014055	0.00160699	0.00180139	0.00198081	0.0021375	0.00226439	0.00235556	0.00240667	0.00241523	0.00238084	0.00230516	0.00219183	0.00204618	0.00187488	0.00168547	0.00148585	0.00128377	0.00108636	0.000899738	0.000728715	0.000576646	0.000445397	0.000335442	0.000246056	0.000175584	0.000121741	8.19087e-05	5.34067e-05	3.3702e-05	2.05554e-05	1.21013e-05	6.86765e-06	3.75243e-06	1.97166e-06	9.95143e-07	4.81993e-07	2.23826e-07	9.95781e-08	4.2415e-08	1.72886e-08	6.74087e-09	2.51352e-09	8.96186e-10	3.05531e-10	9.96067e-11	3.10579e-11	9.26438e-12	2.6446e-12	7.22721e-13	1.89163e-13	4.74418e-14	1.14069e-14	2.63078e-15	5.82311e-16	1.23773e-16	2.52781e-17	4.96326e-18	9.37447e-19	1.70427e-19	2.98395e-20	5.03452e-21	8.19003e-22	1.28533e-22	1.94711e-23	2.84867e-24	4.02721e-25	5.50427e-26	7.27699e-27	9.31054e-28	1.1534e-28	1.38412e-29	1.60974e-30	1.8152e-31	1.98549e-32	2.10752e-33	2.17182e-34	2.17547e-35	2.3135e-36	
2.22933e-08	3.96482e-08	8.43241e-08	1.7982e-07	3.70672e-07	7.3445e-07	1.39863e-06	2.56212e-06	4.51991e-06	7.68797e-06	1.26236e-05	2.00351e-05	3.07744e-05	4.58062e-05	6.61505e-05	9.27982e-05	0.000126604	0.000168166	0.000217701	0.000274944	0.000339063	0.000408628	0.000481632	0.000555564	0.000627541	0.000694481	0.000753313	0.000801195	0.000835723	0.000855121	0.000858373	0.000845308	0.000816612	0.000773773	0.000718965	0.00065488	0.000584525	0.000511004	0.000437302	0.000366096	0.000299608	0.0002395	0.000186842	0.000142116	0.000105287	7.5891e-05	5.31618e-05	3.6148e-05	2.38293e-05	1.52101e-05	9.38853e-06	5.59699e-06	3.21856e-06	1.78315e-06	9.5067e-07	4.87205e-07	2.3977e-07	1.1321e-07	5.12428e-08	2.222e-08	9.22512e-09	3.66548e-09	1.39342e-09	5.06687e-10	1.76226e-10	5.86246e-11	1.8656e-11	5.68033e-12	1.65524e-12	4.61772e-13	1.2338e-13	3.15864e-14	7.75177e-15	1.8246e-15	4.12126e-16	8.93769e-17	1.86207e-17	3.72898e-18	7.18218e-19	1.3312e-19	2.37575e-20	4.08484e-21	6.77036e-22	1.08232e-22	1.6697e-23	2.48716e-24	3.57912e-25	4.97833e-26	6.6965e-27	8.71535e-28	1.09801e-28	1.33974e-29	1.5839e-30	1.8152e-31	2.01746e-32	2.17548e-33	2.27698e-34	2.31418e-35	2.28658e-36	2.3965e-37	
4.66412e-09	8.52459e-09	1.86448e-08	4.07924e-08	8.61897e-08	1.74968e-07	3.41242e-07	6.39925e-07	1.15506e-06	2.00898e-06	3.37086e-06	5.46289e-06	8.56133e-06	1.29903e-05	1.91062e-05	2.72715e-05	3.78188e-05	5.10078e-05	6.69787e-05	8.57078e-05	0.000106972	0.00013033	0.000155115	0.000180465	0.000205358	0.00022868	0.000249303	0.000266167	0.00027837	0.000285241	0.000286393	0.000281762	0.000271608	0.000256495	0.000237243	0.000214857	0.00019045	0.00016515	0.000140026	0.000116009	9.38474e-05	7.40732e-05	5.69947e-05	4.27111e-05	3.11422e-05	2.207e-05	1.51852e-05	1.01322e-05	6.54856e-06	4.09467e-06	2.47401e-06	1.44268e-06	8.1099e-07	4.38978e-07	2.28551e-07	1.1434e-07	5.49144e-08	2.52983e-08	1.11712e-08	4.72556e-09	1.91398e-09	7.4198e-10	2.75238e-10	9.76844e-11	3.31684e-11	1.07753e-11	3.34973e-12	9.96679e-13	2.83919e-13	7.74607e-14	2.02483e-14	5.07348e-15	1.21911e-15	2.81074e-16	6.22104e-17	1.32254e-17	2.70206e-18	5.30844e-19	1.00339e-19	1.82578e-20	3.2e-21	5.40522e-22	8.80402e-23	1.38354e-23	2.09883e-24	3.07519e-25	4.3541e-26	5.96047e-27	7.89286e-28	1.01152e-28	1.25518e-29	1.50881e-30	1.75775e-31	1.98549e-32	2.17548e-33	2.31316e-34	2.38779e-35	2.39389e-36	2.33364e-37	2.41096e-38	
9.32051e-10	1.74938e-09	3.93059e-09	8.81464e-09	1.90739e-08	3.96392e-08	7.91144e-08	1.51763e-07	2.80075e-07	4.97768e-07	8.52901e-07	1.41051e-06	2.25399e-06	3.4844e-06	5.21669e-06	7.57245e-06	1.06689e-05	1.46049e-05	1.94446e-05	2.52012e-05	3.18231e-05	3.91836e-05	4.70784e-05	5.52302e-05	6.33018e-05	7.09178e-05	7.76916e-05	8.32566e-05	8.72972e-05	8.95768e-05	8.99592e-05	8.84214e-05	8.50556e-05	8.00607e-05	7.37239e-05	6.63954e-05	5.84577e-05	5.02941e-05	4.22599e-05	3.46584e-05	2.77239e-05	2.1614e-05	1.64091e-05	1.21202e-05	8.70153e-06	6.06592e-06	4.10158e-06	2.68708e-06	1.70369e-06	1.04421e-06	6.17975e-07	3.52736e-07	1.93974e-07	1.02658e-07	5.22352e-08	2.553e-08	1.19755e-08	5.38722e-09	2.32269e-09	9.59267e-10	3.79342e-10	1.43593e-10	5.20187e-11	1.80331e-11	5.9823e-12	1.8993e-12	5.77192e-13	1.67941e-13	4.67992e-14	1.24946e-14	3.1973e-15	7.84548e-16	1.84687e-16	4.17307e-17	9.05527e-18	1.88803e-18	3.78454e-19	7.29723e-20	1.3542e-20	2.42009e-21	4.16718e-22	6.91759e-23	1.10766e-23	1.71172e-24	2.55423e-25	3.68228e-26	5.13127e-27	6.91518e-28	9.01706e-29	1.1382e-29	1.39145e-30	1.64822e-31	1.89257e-32	2.10752e-33	2.27698e-34	2.38779e-35	2.4314e-36	2.40502e-37	2.3135e-38	2.35654e-39	
1.78161e-10	3.43166e-10	7.91311e-10	1.81741e-09	4.02454e-09	8.55604e-09	1.74634e-08	3.42447e-08	6.45731e-08	1.17198e-07	2.04947e-07	3.45677e-07	5.62962e-07	8.86212e-07	1.34995e-06	1.99197e-06	2.85024e-06	3.95869e-06	5.34203e-06	7.01029e-06	8.95377e-06	1.11392e-05	1.35077e-05	1.59761e-05	1.84399e-05	2.07808e-05	2.28747e-05	2.46026e-05	2.58613e-05	2.65729e-05	2.66923e-05	2.62119e-05	2.51623e-05	2.3609e-05	2.16463e-05	1.93884e-05	1.69583e-05	1.44781e-05	1.20586e-05	9.79206e-06	7.74727e-06	5.96754e-06	4.47156e-06	3.25655e-06	2.30296e-06	1.57985e-06	1.05027e-06	6.75892e-07	4.20611e-07	2.52834e-07	1.46646e-07	8.19826e-08	4.41307e-08	2.28507e-08	1.13709e-08	5.4333e-09	2.49098e-09	1.09504e-09	4.61308e-10	1.86148e-10	7.19251e-11	2.66041e-11	9.41889e-12	3.19165e-12	1.03518e-12	3.21404e-13	9.55464e-14	2.72032e-14	7.4201e-15	1.93976e-15	4.86198e-16	1.16897e-16	2.6973e-17	5.97597e-18	1.27194e-18	2.60216e-19	5.11976e-20	9.69278e-21	1.76673e-21	3.10208e-22	5.24969e-23	8.56739e-24	1.34906e-24	2.05073e-25	3.011e-26	4.27227e-27	5.86099e-28	7.77791e-29	9.9895e-30	1.24228e-30	1.49655e-31	1.74725e-32	1.97789e-33	2.17182e-34	2.31418e-35	2.39389e-36	2.40502e-37	2.34754e-38	2.22874e-39	2.23872e-40	
3.27589e-11	6.47321e-11	1.53102e-10	3.59951e-10	8.15404e-10	1.77279e-09	3.69921e-09	7.41335e-09	1.42799e-08	2.64624e-08	4.72206e-08	8.12202e-08	1.34793e-07	2.16065e-07	3.34861e-07	5.02286e-07	7.29919e-07	1.02861e-06	1.40697e-06	1.8696e-06	2.41545e-06	3.03641e-06	3.71648e-06	4.43184e-06	5.15173e-06	5.84043e-06	6.46e-06	6.97361e-06	7.34898e-06	7.5616e-06	7.59729e-06	7.45363e-06	7.14027e-06	6.67787e-06	6.09597e-06	5.43003e-06	4.71797e-06	3.99676e-06	3.29939e-06	2.65263e-06	2.07563e-06	1.57955e-06	1.16812e-06	8.38761e-07	5.84247e-07	3.94412e-07	2.57792e-07	1.62973e-07	9.95502e-08	5.86949e-08	3.33693e-08	1.82745e-08	9.63121e-09	4.8804e-09	2.37575e-09	1.11016e-09	4.97629e-10	2.1385e-10	8.80598e-11	3.47331e-11	1.31183e-11	4.74353e-12	1.64199e-12	5.44106e-13	1.72614e-13	5.24347e-14	1.52548e-14	4.25176e-15	1.13566e-15	2.90817e-16	7.1427e-17	1.68336e-17	3.80867e-18	8.27694e-19	1.72859e-19	3.47111e-20	6.70555e-21	1.24688e-21	2.23292e-22	3.85316e-23	6.41046e-24	1.02878e-24	1.59348e-25	2.38334e-26	3.44402e-27	4.81066e-28	6.49856e-29	8.49405e-30	1.07474e-30	1.31701e-31	1.56374e-32	1.7998e-33	2.00891e-34	2.17547e-35	2.28658e-36	2.33364e-37	2.3135e-38	2.22874e-39	2.08864e-40	2.06923e-41	
6.68415e-12	1.35794e-11	3.30055e-11	7.95796e-11	1.84755e-10	4.1154e-10	8.7955e-10	1.80468e-09	3.55752e-09	6.74299e-09	1.22996e-08	2.161e-08	3.66063e-08	5.98428e-08	9.45022e-08	1.44299e-07	2.13251e-07	3.05294e-07	4.2377e-07	5.7081e-07	7.46693e-07	9.49292e-07	1.17369e-06	1.4121e-06	1.65413e-06	1.8874e-06	2.09855e-06	2.27443e-06	2.40343e-06	2.47666e-06	2.48896e-06	2.43944e-06	2.33162e-06	2.17301e-06	1.97428e-06	1.74813e-06	1.50799e-06	1.26676e-06	1.03571e-06	8.23723e-07	6.3686e-07	4.7832e-07	3.48716e-07	2.46575e-07	1.68955e-07	1.12085e-07	7.19224e-08	4.45975e-08	2.6697e-08	1.54135e-08	8.57459e-09	4.59194e-09	2.3652e-09	1.17076e-09	5.56498e-10	2.53839e-10	1.11042e-10	4.65619e-11	1.87071e-11	7.19903e-12	2.65299e-12	9.36128e-13	3.16267e-13	1.02308e-13	3.16922e-14	9.40304e-15	2.6728e-15	7.2808e-16	1.90136e-16	4.76203e-17	1.14434e-17	2.63965e-18	5.84768e-19	1.24475e-19	2.54721e-20	5.01375e-21	9.49739e-22	1.7323e-22	3.04404e-23	5.15608e-24	8.42286e-25	1.3277e-25	2.02053e-26	2.97015e-27	4.21947e-28	5.79589e-29	7.70152e-30	9.90453e-31	1.23338e-31	1.48785e-32	1.73949e-33	1.97183e-34	2.16817e-35	2.3135e-36	2.3965e-37	2.41096e-38	2.35654e-39	2.23872e-40	2.06923e-41	2.02018e-42	
