0.00276311	0.00615056	0.0155649	0.0369352	0.0801543	0.158589	0.286214	0.472345	0.716077	1.00395	1.31287	1.61691	1.89403	2.12982	2.31792	2.45814	2.55396	2.61044	2.63307	2.62742	2.59923	2.55423	2.49801	2.43587	2.37269	2.31276	2.25974	2.2166	2.18557	2.16818	2.16527	2.17695	2.20269	2.24122	2.2906	2.34817	2.41054	2.47366	2.53288	2.58303	2.61862	2.63394	2.62327	2.58098	2.50154	2.37961	2.21088	1.99378	1.73192	1.43639	1.12643	0.827084	0.563467	0.353508	0.20313	0.106547	0.0509413	0.0222013	0.00882999	0.00321094	0.00107007	0.000327666	9.24432e-05	2.40953e-05	5.81807e-06	1.30482e-06	2.72483e-07	5.31111e-08	9.68451e-09	1.65558e-09	2.6588e-10	4.019e-11	5.72842e-12	7.71219e-13	9.82307e-14	1.18551e-14	1.35762e-15	1.47726e-16	1.52933e-17	1.50814e-18	1.41835e-19	1.27352e-20	1.09285e-21	8.97189e-23	7.05317e-24	5.31442e-25	3.84125e-26	2.66559e-27	1.77729e-28	1.13946e-29	7.02945e-31	4.17571e-32	2.39008e-33	1.31899e-34	7.02243e-36	3.60911e-37	1.79154e-38	8.5941e-40	3.98644e-41	1.86618e-42	
0.00615056	0.0126231	0.0294337	0.0643797	0.128422	0.232983	0.385327	0.584169	0.818738	1.07249	1.32877	1.57439	1.79985	1.99806	2.16358	2.29253	2.38307	2.43582	2.45395	2.4427	2.40843	2.35769	2.29672	2.23121	2.16606	2.10539	2.05249	2.00992	1.97955	1.96263	1.95981	1.9712	1.99635	2.03426	2.0833	2.1412	2.20498	2.27086	2.33427	2.38984	2.43149	2.45275	2.44707	2.40866	2.33345	2.21978	2.06854	1.88282	1.66749	1.42893	1.17553	0.918916	0.674575	0.459732	0.288096	0.16489	0.0858607	0.0406183	0.0174639	0.00683526	0.00244113	0.000797748	0.000239266	6.60633e-05	1.68427e-05	3.97646e-06	8.7182e-07	1.77971e-07	3.39117e-08	6.0457e-09	1.01066e-09	1.58753e-10	2.34773e-11	3.27479e-12	4.31592e-13	5.38302e-14	6.36365e-15	7.14069e-16	7.61589e-17	7.7305e-18	7.47707e-19	6.89912e-20	6.07954e-21	5.12171e-22	4.12911e-23	3.18863e-24	2.36074e-25	1.6771e-26	1.14418e-27	7.50226e-29	4.73124e-30	2.8718e-31	1.67891e-32	9.45971e-34	5.1402e-35	2.69523e-36	1.36451e-37	6.6737e-39	3.15525e-40	1.50623e-41	
0.0155649	0.0294337	0.0629715	0.126191	0.229366	0.376935	0.562333	0.768497	0.975521	1.17004	1.34842	1.51235	1.66273	1.797	1.90999	1.99626	2.05237	2.07808	2.07635	2.05214	2.01088	1.95798	1.89864	1.83745	1.77823	1.72416	1.67769	1.64068	1.61447	1.59992	1.59748	1.60725	1.62891	1.66177	1.70467	1.75597	1.81344	1.87421	1.93474	1.99077	2.03735	2.06909	2.0805	2.06627	2.02247	1.94804	1.8452	1.71879	1.57437	1.41576	1.24338	1.05527	0.852156	0.643441	0.447334	0.283189	0.162208	0.0838562	0.0391344	0.016519	0.00632526	0.00220455	0.000701892	0.000204875	5.50168e-05	1.36375e-05	3.13026e-06	6.67288e-07	1.32476e-07	2.45572e-08	4.26072e-09	6.93477e-10	1.06106e-10	1.52919e-11	2.07968e-12	2.67362e-13	3.25442e-14	3.7565e-15	4.11765e-16	4.29203e-17	4.25969e-18	4.03015e-19	3.63904e-20	3.13942e-21	2.59032e-22	2.04609e-23	1.5487e-24	1.12426e-25	7.83406e-27	5.24423e-28	3.37508e-29	2.08984e-30	1.24588e-31	7.15587e-33	3.96238e-34	2.11654e-35	1.09127e-36	5.43398e-38	2.61497e-39	1.27117e-40	
0.0369352	0.0643797	0.126191	0.231588	0.383925	0.573193	0.775947	0.965707	1.12658	1.25768	1.3654	1.45418	1.52426	1.57414	1.60286	1.61113	1.6014	1.57721	1.54234	1.49968	1.45144	1.4002	1.34854	1.29859	1.25226	1.21123	1.17666	1.14954	1.1305	1.11996	1.11816	1.12512	1.14075	1.16467	1.19639	1.23501	1.27943	1.32817	1.37936	1.43097	1.48068	1.52585	1.56421	1.59315	1.60912	1.60843	1.58811	1.54674	1.48465	1.40327	1.30341	1.18244	1.03395	0.854629	0.654198	0.456228	0.286937	0.162012	0.0820772	0.0373808	0.0153549	0.00571117	0.00193142	0.000596341	0.000168772	4.39468e-05	1.05658e-05	2.35315e-06	4.86956e-07	9.38969e-08	1.6915e-08	2.85371e-09	4.51903e-10	6.73124e-11	9.44956e-12	1.25254e-12	1.5703e-13	1.865e-14	2.10156e-15	2.25001e-16	2.29188e-17	2.22387e-18	2.05805e-19	1.81853e-20	1.53593e-21	1.24121e-22	9.60644e-24	7.12723e-25	5.0734e-26	3.46784e-27	2.27795e-28	1.43908e-29	8.74977e-31	5.12364e-32	2.89148e-33	1.57361e-34	8.26375e-36	4.18998e-37	2.05252e-38	1.01615e-39	
0.0801543	0.128422	0.229366	0.383925	0.57961	0.788278	0.977665	1.12873	1.24121	1.32181	1.37179	1.38825	1.37158	1.32714	1.2631	1.18816	1.10956	1.03237	0.95915	0.890452	0.827185	0.770649	0.721114	0.678536	0.643004	0.614138	0.591497	0.57476	0.563462	0.557352	0.556287	0.560175	0.569252	0.583663	0.603876	0.63026	0.663183	0.703027	0.74991	0.803627	0.864233	0.930814	1.00227	1.07811	1.15662	1.23375	1.30312	1.35646	1.38519	1.38244	1.34566	1.27717	1.17815	1.04316	0.867812	0.663229	0.457955	0.283122	0.156265	0.0770807	0.0340908	0.0135767	0.00489146	0.00160174	0.000478849	0.000131247	3.3111e-05	7.71647e-06	1.66681e-06	3.34745e-07	6.26816e-08	1.09725e-08	1.79999e-09	2.77339e-10	4.02196e-11	5.50045e-12	7.10692e-13	8.69009e-14	1.00721e-14	1.10818e-15	1.15908e-16	1.15397e-17	1.09496e-18	9.91366e-20	8.57403e-21	7.091e-22	5.61354e-23	4.25779e-24	3.097e-25	2.16213e-26	1.44997e-27	9.34794e-29	5.79794e-30	3.46213e-31	1.99168e-32	1.10456e-33	5.90912e-35	3.05127e-36	1.5218e-37	7.67433e-39	
0.158589	0.232983	0.376935	0.573193	0.788278	0.983567	1.13584	1.24495	1.31784	1.35105	1.336	1.27372	1.17505	1.05259	0.917856	0.780124	0.64617	0.521022	0.407454	0.307924	0.225154	0.159152	0.10808	0.0704217	0.0440279	0.0261914	0.0149649	0.00832274	0.00468636	0.00309037	0.00279814	0.00380951	0.00641905	0.0116479	0.0207052	0.0356205	0.0583881	0.0912983	0.136966	0.196956	0.272873	0.365845	0.473972	0.59479	0.725714	0.8626	0.99945	1.12796	1.23756	1.31599	1.35078	1.33624	1.27839	1.18433	1.05008	0.870148	0.657633	0.445827	0.269028	0.144326	0.0690087	0.0295371	0.0113748	0.00396175	0.00125426	0.000362657	9.61862e-05	2.34956e-05	5.30541e-06	1.11117e-06	2.16528e-07	3.93696e-08	6.69666e-09	1.06821e-09	1.60149e-10	2.26135e-11	3.01314e-12	3.79544e-13	4.52712e-14	5.1213e-15	5.50271e-16	5.62353e-17	5.47322e-18	5.07937e-19	4.49999e-20	3.81e-21	3.08602e-22	2.39364e-23	1.77956e-24	1.26924e-25	8.692e-27	5.71993e-28	3.61984e-29	2.20463e-30	1.2931e-31	7.30926e-33	3.98416e-34	2.09552e-35	1.06424e-36	5.46773e-38	
0.286214	0.385327	0.562333	0.775947	0.977665	1.13584	1.24763	1.32062	1.34815	1.31616	1.22695	1.09716	0.940219	0.765278	0.581665	0.397847	0.222527	0.0629037	-0.0760745	-0.189772	-0.277523	-0.34262	-0.387653	-0.415448	-0.430603	-0.43674	-0.436905	-0.434428	-0.431188	-0.428857	-0.428477	-0.429799	-0.432873	-0.435762	-0.437119	-0.43392	-0.422894	-0.400614	-0.363033	-0.305976	-0.227612	-0.12439	0.00473859	0.156565	0.326425	0.507802	0.69253	0.871972	1.03698	1.17881	1.2863	1.34244	1.33758	1.28126	1.18537	1.0458	0.856669	0.635117	0.419571	0.245556	0.127386	0.0588032	0.0242818	0.00902055	0.0030317	0.000926684	0.000258873	6.63875e-05	1.56928e-05	3.43191e-06	6.96724e-07	1.31709e-07	2.32504e-08	3.84265e-09	5.96015e-10	8.69494e-11	1.1955e-11	1.55213e-12	1.90622e-13	2.21819e-14	2.4495e-15	2.57059e-16	2.56719e-17	2.44291e-18	2.21769e-19	1.92281e-20	1.59396e-21	1.26464e-22	9.6123e-24	7.00572e-25	4.90031e-26	3.29231e-27	2.12631e-28	1.32109e-29	7.90183e-31	4.55318e-32	2.52918e-33	1.35518e-34	7.00935e-36	3.66945e-37	
0.472345	0.584169	0.768497	0.965707	1.12873	1.24495	1.32062	1.34806	1.30825	1.20346	1.05648	0.880142	0.678144	0.461307	0.242271	0.0326412	-0.156766	-0.320453	-0.454283	-0.557045	-0.632663	-0.684101	-0.713494	-0.726193	-0.72753	-0.720669	-0.710265	-0.699309	-0.690048	-0.684592	-0.683522	-0.687171	-0.694862	-0.705374	-0.716214	-0.725107	-0.727942	-0.720247	-0.698442	-0.656233	-0.590321	-0.498861	-0.377457	-0.225586	-0.0458447	0.156782	0.373418	0.592728	0.802188	0.98935	1.14878	1.27296	1.34032	1.33784	1.27897	1.17776	1.02815	0.826175	0.595962	0.380839	0.214857	0.107263	0.0476234	0.0189175	0.00676444	0.00219007	0.000645484	0.000174043	4.31234e-05	9.85872e-06	2.08725e-06	4.10612e-07	7.52859e-08	1.29013e-08	2.07156e-09	3.12416e-10	4.43487e-11	5.93762e-12	7.51173e-13	8.99529e-14	1.02127e-14	1.10098e-15	1.1286e-16	1.10155e-17	1.02499e-18	9.10319e-20	7.72527e-21	6.27101e-22	4.87416e-23	3.63088e-24	2.59456e-25	1.78004e-26	1.17344e-27	7.43873e-29	4.53798e-30	2.66601e-31	1.50935e-32	8.24007e-34	4.34114e-35	2.31603e-36	
0.716077	0.818738	0.975521	1.12658	1.24121	1.31784	1.34815	1.30825	1.19593	1.03819	0.848949	0.625793	0.383243	0.141974	-0.0867222	-0.291421	-0.466629	-0.610344	-0.719878	-0.798207	-0.848258	-0.872105	-0.875572	-0.866188	-0.847597	-0.824442	-0.801726	-0.781175	-0.766052	-0.757495	-0.755712	-0.762158	-0.774252	-0.793251	-0.814931	-0.838202	-0.859341	-0.873422	-0.875575	-0.86128	-0.821713	-0.755065	-0.658113	-0.528128	-0.365391	-0.171903	0.0482436	0.285806	0.529981	0.763442	0.966573	1.13729	1.27086	1.34079	1.33451	1.27016	1.16005	0.995401	0.778026	0.541576	0.332423	0.17977	0.0859887	0.0365964	0.0139482	0.00479112	0.00149199	0.000423505	0.000110115	2.63421e-05	5.8212e-06	1.19263e-06	2.27276e-07	4.04073e-08	6.72062e-09	1.04831e-09	1.5371e-10	2.1231e-11	2.76789e-12	3.41215e-13	3.98427e-14	4.41364e-15	4.64534e-16	4.65173e-17	4.43765e-18	4.03801e-19	3.50881e-20	2.91478e-21	2.31715e-22	1.76453e-23	1.28836e-24	9.02737e-26	6.07526e-27	3.93003e-28	2.44561e-29	1.46506e-30	8.45475e-32	4.70343e-33	2.52422e-34	1.37258e-35	
1.00395	1.07249	1.17004	1.25768	1.32181	1.35105	1.31616	1.20346	1.03819	0.839032	0.599646	0.336535	0.0809195	-0.159328	-0.375962	-0.558863	-0.707294	-0.816154	-0.886873	-0.923664	-0.930707	-0.915738	-0.887688	-0.851796	-0.811721	-0.773912	-0.740093	-0.712812	-0.693735	-0.682889	-0.681168	-0.688603	-0.704548	-0.728686	-0.760209	-0.796341	-0.83509	-0.874068	-0.905577	-0.927226	-0.930076	-0.905684	-0.849063	-0.755482	-0.622958	-0.453418	-0.249605	-0.0175458	0.232459	0.495226	0.747712	0.962785	1.14206	1.27876	1.34237	1.32686	1.25404	1.13007	0.945289	0.712258	0.474636	0.278045	0.143416	0.0654773	0.0266343	0.00971803	0.00320099	0.000957461	0.000261463	6.55005e-05	1.51184e-05	3.22772e-06	6.39654e-07	1.18045e-07	2.03455e-08	3.28371e-09	4.97505e-10	7.09158e-11	9.53017e-12	1.20977e-12	1.45321e-13	1.65459e-14	1.7884e-15	1.83773e-16	1.79774e-17	1.67633e-18	1.49175e-19	1.26833e-20	1.0314e-21	8.03025e-23	5.99168e-24	4.28828e-25	2.94652e-26	1.94528e-27	1.23494e-28	7.5444e-30	4.43842e-31	2.51625e-32	1.37576e-33	7.62549e-35	
1.31287	1.32877	1.34842	1.3654	1.37179	1.336	1.22695	1.05648	0.848949	0.599646	0.320763	0.0523273	-0.19849	-0.430036	-0.620849	-0.769105	-0.87138	-0.9268	-0.944522	-0.929694	-0.89398	-0.845001	-0.790374	-0.733649	-0.681425	-0.636341	-0.598824	-0.571095	-0.551264	-0.540692	-0.539369	-0.545316	-0.562602	-0.585978	-0.620781	-0.662932	-0.712048	-0.76647	-0.823337	-0.874889	-0.917946	-0.941715	-0.938494	-0.898407	-0.815761	-0.685501	-0.511666	-0.294781	-0.0499284	0.21083	0.489128	0.753927	0.976828	1.16209	1.294	1.34277	1.3141	1.22881	1.08437	0.875758	0.63041	0.399259	0.221986	0.108754	0.0472409	0.0183213	0.0063873	0.00201445	0.000578071	0.000151723	3.65931e-05	8.14421e-06	1.67898e-06	3.21717e-07	5.74758e-08	9.60074e-09	1.50333e-09	2.21191e-10	3.06469e-11	4.00671e-12	4.95203e-13	5.79595e-14	6.43447e-15	6.78584e-16	6.80784e-17	6.50587e-18	5.92969e-19	5.16059e-20	4.29326e-21	3.41782e-22	2.60625e-23	1.90544e-24	1.33682e-25	9.00784e-27	5.83425e-28	3.63497e-29	2.18016e-30	1.25965e-31	7.01677e-33	3.96465e-34	
1.61691	1.57439	1.51235	1.45418	1.38825	1.27372	1.09716	0.880142	0.625793	0.336535	0.0523273	-0.210914	-0.458193	-0.657999	-0.802401	-0.898954	-0.940603	-0.942103	-0.907913	-0.851222	-0.781704	-0.706974	-0.635544	-0.572006	-0.519453	-0.477288	-0.445387	-0.421842	-0.406199	-0.39837	-0.396763	-0.401947	-0.414489	-0.434466	-0.462705	-0.501003	-0.551006	-0.6083	-0.677468	-0.750788	-0.824672	-0.887204	-0.932223	-0.945637	-0.921105	-0.847361	-0.721466	-0.545109	-0.313114	-0.0549022	0.220058	0.511991	0.781584	1.00901	1.195	1.3118	1.33935	1.29479	1.19081	1.0188	0.786243	0.5362	0.320752	0.168493	0.0781396	0.0322115	0.011887	0.00395341	0.00119232	0.000327914	8.26506e-05	1.91781e-05	4.11331e-06	8.1844e-07	1.51573e-07	2.62057e-08	4.24123e-09	6.44162e-10	9.20234e-11	1.23914e-11	1.57582e-12	1.89602e-13	2.16203e-14	2.34014e-15	2.40781e-16	2.35828e-17	2.20153e-18	1.96126e-19	1.66926e-20	1.35881e-21	1.05897e-22	7.90889e-24	5.66574e-25	3.89658e-26	2.57487e-27	1.63613e-28	1.00044e-29	5.8911e-31	3.34341e-32	1.9258e-33	
1.89403	1.79985	1.66273	1.52426	1.37158	1.17505	0.940219	0.678144	0.383243	0.0809195	-0.19849	-0.458193	-0.670335	-0.814703	-0.911509	-0.947936	-0.934339	-0.883924	-0.802691	-0.713801	-0.620365	-0.540166	-0.472171	-0.420651	-0.380914	-0.353965	-0.33349	-0.319862	-0.313203	-0.308025	-0.307804	-0.311348	-0.315891	-0.328881	-0.344092	-0.368424	-0.403113	-0.451093	-0.511017	-0.586332	-0.675125	-0.768383	-0.853495	-0.919212	-0.946862	-0.933653	-0.859192	-0.734783	-0.550956	-0.305137	-0.0339827	0.259806	0.560878	0.829769	1.0589	1.23555	1.32666	1.32992	1.26579	1.13445	0.930034	0.679034	0.435577	0.244879	0.121108	0.053028	0.0207038	0.00725859	0.00230008	0.000662669	0.000174513	4.22097e-05	9.41701e-06	1.94538e-06	3.73423e-07	6.68145e-08	1.11753e-08	1.75188e-09	2.58016e-10	3.57803e-11	4.68147e-12	5.79e-13	6.78099e-14	7.53236e-15	7.94793e-16	7.97772e-17	7.62753e-18	6.95525e-19	6.0559e-20	5.04038e-21	4.01442e-22	3.0626e-23	2.24013e-24	1.5724e-25	1.06005e-26	6.86933e-28	4.28217e-29	2.56977e-30	1.48586e-31	8.72457e-33	
2.12982	1.99806	1.797	1.57414	1.32714	1.05259	0.765278	0.461307	0.141974	-0.159328	-0.430036	-0.657999	-0.814703	-0.915471	-0.953969	-0.924883	-0.860035	-0.758569	-0.652912	-0.550741	-0.466603	-0.403375	-0.357816	-0.327844	-0.310666	-0.298264	-0.291932	-0.289112	-0.287839	-0.285806	-0.287016	-0.286797	-0.288192	-0.290894	-0.296015	-0.305638	-0.318138	-0.345328	-0.382954	-0.439841	-0.512939	-0.611522	-0.715484	-0.823096	-0.90317	-0.948446	-0.940174	-0.860696	-0.729367	-0.528213	-0.271202	0.0159579	0.328625	0.631392	0.897878	1.12262	1.2758	1.33418	1.312	1.22124	1.05355	0.817756	0.559956	0.33593	0.176828	0.0821224	0.0338856	0.0125121	0.00416254	0.00125549	0.000345249	8.69989e-05	2.01801e-05	4.32637e-06	8.60417e-07	1.59264e-07	2.75202e-08	4.45148e-09	6.75712e-10	9.64767e-11	1.29839e-11	1.6503e-12	1.98463e-13	2.26198e-14	2.44723e-15	2.51694e-16	2.46423e-17	2.29965e-18	2.04805e-19	1.74267e-20	1.41825e-21	1.1051e-22	8.2523e-24	5.91121e-25	4.06522e-26	2.68631e-27	1.70701e-28	1.04388e-29	6.14874e-31	3.68014e-32	
2.31792	2.16358	1.90999	1.60286	1.2631	0.917856	0.581665	0.242271	-0.0867222	-0.375962	-0.620849	-0.802401	-0.911509	-0.953969	-0.919869	-0.84301	-0.733941	-0.61179	-0.506506	-0.416948	-0.361909	-0.322946	-0.308166	-0.298252	-0.297195	-0.292921	-0.295791	-0.294916	-0.292668	-0.295282	-0.293061	-0.29371	-0.295268	-0.293159	-0.29523	-0.295589	-0.297686	-0.302753	-0.315783	-0.344379	-0.391406	-0.466724	-0.568077	-0.68388	-0.803824	-0.892097	-0.948942	-0.93725	-0.85403	-0.703316	-0.480279	-0.210267	0.0983467	0.422076	0.720992	0.983953	1.19128	1.3078	1.33163	1.28077	1.15291	0.944213	0.686436	0.437796	0.244614	0.120246	0.0523489	0.0203293	0.00709186	0.00223689	0.000641705	0.00016832	4.05609e-05	9.01787e-06	1.85691e-06	3.55363e-07	6.34031e-08	1.05766e-08	1.65389e-09	2.43016e-10	3.36266e-11	4.39066e-12	5.41991e-13	6.33614e-14	7.02641e-15	7.40244e-16	7.41933e-17	7.08402e-18	6.45152e-19	5.61076e-20	4.66488e-21	3.7117e-22	2.82911e-23	2.06766e-24	1.45027e-25	9.77075e-27	6.32798e-28	3.94271e-29	2.36544e-30	1.44292e-31	
2.45814	2.29253	1.99626	1.61113	1.18816	0.780124	0.397847	0.0326412	-0.291421	-0.558863	-0.769105	-0.898954	-0.947936	-0.924883	-0.84301	-0.728038	-0.592449	-0.476624	-0.386004	-0.335804	-0.312427	-0.307979	-0.307227	-0.306237	-0.302605	-0.302234	-0.296367	-0.293729	-0.289468	-0.289964	-0.287811	-0.289631	-0.292735	-0.295042	-0.299704	-0.30193	-0.306204	-0.305229	-0.30898	-0.308491	-0.32504	-0.359643	-0.437206	-0.542041	-0.674575	-0.80034	-0.89718	-0.947619	-0.926947	-0.832055	-0.652891	-0.409541	-0.117773	0.211134	0.535076	0.829228	1.08074	1.25313	1.32649	1.31579	1.22764	1.0531	0.808047	0.54549	0.322454	0.16734	0.0766961	0.0312661	0.0114183	0.00376077	0.00112398	0.000306514	7.66487e-05	1.76545e-05	3.76042e-06	7.43389e-07	1.36839e-07	2.35236e-08	3.78679e-09	5.72252e-10	8.13649e-11	1.09076e-11	1.38136e-12	1.65557e-13	1.88095e-14	2.02894e-15	2.08094e-16	2.03207e-17	1.89175e-18	1.68095e-19	1.42728e-20	1.15928e-21	9.01647e-23	6.72153e-24	4.80708e-25	3.30104e-26	2.17838e-27	1.38253e-28	8.44643e-30	5.24998e-31	
2.55396	2.38307	2.05237	1.6014	1.10956	0.64617	0.222527	-0.156766	-0.466629	-0.707294	-0.87138	-0.940603	-0.934339	-0.860035	-0.733941	-0.592449	-0.463616	-0.373689	-0.326571	-0.316886	-0.316417	-0.317422	-0.306916	-0.300193	-0.288164	-0.279186	-0.268136	-0.262347	-0.258067	-0.25338	-0.254775	-0.255605	-0.258726	-0.267029	-0.27329	-0.284817	-0.295763	-0.30372	-0.313604	-0.31813	-0.316787	-0.319627	-0.349031	-0.422698	-0.53713	-0.678046	-0.813267	-0.912742	-0.946414	-0.910073	-0.785911	-0.578356	-0.31102	0.00891405	0.347012	0.665962	0.952413	1.17468	1.29876	1.32921	1.27943	1.14197	0.919301	0.653771	0.40734	0.222486	0.107074	0.0457175	0.0174429	0.00598803	0.00186136	0.000526921	0.000136543	3.25392e-05	7.16076e-06	1.46066e-06	2.77106e-07	4.90432e-08	8.12004e-09	1.26094e-09	1.84077e-10	2.53172e-11	3.28702e-12	4.03612e-13	4.69507e-14	5.18241e-15	5.436e-16	5.42616e-17	5.16108e-18	4.68336e-19	4.05927e-20	3.36425e-21	2.66886e-22	2.02857e-23	1.4787e-24	1.03463e-25	6.95449e-27	4.49439e-28	2.7952e-29	1.76978e-30	
2.61044	2.43582	2.07808	1.57721	1.03237	0.521022	0.0629037	-0.320453	-0.610344	-0.816154	-0.9268	-0.942103	-0.883924	-0.758569	-0.61179	-0.476624	-0.373689	-0.326779	-0.316792	-0.322779	-0.317449	-0.301607	-0.282773	-0.266635	-0.251424	-0.239806	-0.232953	-0.226265	-0.2236	-0.221523	-0.221585	-0.223193	-0.224995	-0.230843	-0.236017	-0.246844	-0.260453	-0.276784	-0.292792	-0.312777	-0.322766	-0.319699	-0.319098	-0.348952	-0.429713	-0.555617	-0.70002	-0.840106	-0.927705	-0.944129	-0.876263	-0.713789	-0.477579	-0.176619	0.1642	0.500706	0.813811	1.07809	1.25141	1.32392	1.31103	1.21072	1.01663	0.757912	0.495743	0.284023	0.143111	0.0638316	0.0253838	0.00906313	0.00292435	0.000857782	0.000229951	5.6608e-05	1.28519e-05	2.70133e-06	5.275e-07	9.60005e-08	1.63297e-08	2.60301e-09	3.89771e-10	5.49467e-11	7.30729e-12	9.18492e-13	1.0931e-13	1.23373e-14	1.32257e-15	1.34857e-16	1.30968e-17	1.21295e-18	1.07254e-19	9.06509e-21	7.33112e-22	5.67862e-23	4.21698e-24	3.00495e-25	2.05645e-26	1.3527e-27	8.56067e-29	5.51899e-30	
2.63307	2.45395	2.07635	1.54234	0.95915	0.407454	-0.0760745	-0.454283	-0.719878	-0.886873	-0.944522	-0.907913	-0.802691	-0.652912	-0.506506	-0.386004	-0.326571	-0.316792	-0.324628	-0.322127	-0.293274	-0.265466	-0.243658	-0.235139	-0.225346	-0.221552	-0.218799	-0.217241	-0.217483	-0.215735	-0.216918	-0.216433	-0.216434	-0.219424	-0.220117	-0.22253	-0.231048	-0.239981	-0.254271	-0.281	-0.312386	-0.326884	-0.318894	-0.318498	-0.354008	-0.453256	-0.592339	-0.745826	-0.873749	-0.941252	-0.928477	-0.815239	-0.615692	-0.340956	-0.00721491	0.339472	0.67173	0.969393	1.18805	1.30279	1.32554	1.26082	1.09835	0.854205	0.584115	0.349775	0.183937	0.0854589	0.0353288	0.0130876	0.00437368	0.00132656	0.000367179	9.3205e-05	2.17935e-05	4.71266e-06	9.45826e-07	1.76755e-07	3.08479e-08	5.04129e-09	7.73373e-10	1.11622e-10	1.51891e-11	1.95241e-12	2.37491e-13	2.73831e-14	2.99746e-15	3.11953e-16	3.09089e-17	2.91939e-18	2.6317e-19	2.26679e-20	1.86759e-21	1.47329e-22	1.11391e-23	8.07905e-25	5.62599e-26	3.76464e-27	2.42308e-28	1.58979e-29	
2.62742	2.4427	2.05214	1.49968	0.890452	0.307924	-0.189772	-0.557045	-0.798207	-0.923664	-0.929694	-0.851222	-0.713801	-0.550741	-0.416948	-0.335804	-0.316886	-0.322779	-0.322127	-0.287017	-0.249259	-0.23062	-0.234196	-0.229793	-0.225584	-0.222901	-0.225955	-0.218383	-0.220987	-0.21837	-0.216764	-0.221339	-0.217457	-0.222271	-0.225125	-0.224015	-0.227132	-0.23513	-0.230467	-0.238879	-0.270094	-0.312014	-0.325411	-0.31829	-0.322159	-0.376791	-0.491648	-0.648494	-0.802229	-0.909387	-0.946864	-0.884189	-0.725058	-0.482061	-0.163471	0.18691	0.532119	0.854695	1.11282	1.26868	1.32605	1.29463	1.16437	0.940177	0.669289	0.417336	0.228286	0.110147	0.0472033	0.0180959	0.00624803	0.00195506	0.000557537	0.000145639	3.50058e-05	7.77371e-06	1.6008e-06	3.06697e-07	5.48346e-08	9.17411e-09	1.43989e-09	2.12499e-10	2.95507e-11	3.87986e-12	4.81831e-13	5.66943e-14	6.33048e-15	6.71783e-16	6.78448e-17	6.52927e-18	5.99521e-19	5.25818e-20	4.40993e-21	3.54029e-22	2.72321e-23	2.00891e-24	1.42252e-25	9.6769e-27	6.33052e-28	4.22431e-29	
2.59923	2.40843	2.01088	1.45144	0.827185	0.225154	-0.277523	-0.632663	-0.848258	-0.930707	-0.89398	-0.781704	-0.620365	-0.466603	-0.361909	-0.312427	-0.316417	-0.317449	-0.293274	-0.249259	-0.231592	-0.238412	-0.242193	-0.226145	-0.222398	-0.220228	-0.211745	-0.20667	-0.205595	-0.204139	-0.201811	-0.205883	-0.207609	-0.208746	-0.217795	-0.22195	-0.222511	-0.237038	-0.24259	-0.232548	-0.237883	-0.275646	-0.31138	-0.319787	-0.310139	-0.335794	-0.417709	-0.556028	-0.721295	-0.85899	-0.939665	-0.925052	-0.80653	-0.598417	-0.30221	0.0457501	0.399351	0.739648	1.03031	1.22463	1.31546	1.31489	1.21573	1.01457	0.74874	0.484331	0.274635	0.137174	0.0607601	0.0240382	0.00855279	0.00275421	0.00080736	0.000216552	5.33947e-05	1.2153e-05	2.56298e-06	5.02525e-07	9.18876e-08	1.5713e-08	2.51929e-09	3.79605e-10	5.38718e-11	7.21497e-12	9.136e-13	1.09565e-13	1.24648e-14	1.34722e-15	1.3853e-16	1.35699e-17	1.26786e-18	1.13119e-19	9.64823e-21	7.8752e-22	6.1575e-23	4.61619e-24	3.32112e-25	2.29496e-26	1.52477e-27	1.03403e-28	
2.55423	2.35769	1.95798	1.4002	0.770649	0.159152	-0.34262	-0.684101	-0.872105	-0.915738	-0.845001	-0.706974	-0.540166	-0.403375	-0.322946	-0.307979	-0.317422	-0.301607	-0.265466	-0.23062	-0.238412	-0.244005	-0.230391	-0.20719	-0.208282	-0.200902	-0.189784	-0.193041	-0.188341	-0.187063	-0.188083	-0.186155	-0.191529	-0.189831	-0.195276	-0.208363	-0.20394	-0.220488	-0.239859	-0.243972	-0.228621	-0.249369	-0.287253	-0.315751	-0.310969	-0.310925	-0.363345	-0.479069	-0.643674	-0.799216	-0.913144	-0.943662	-0.864615	-0.690367	-0.421108	-0.0819394	0.276096	0.62873	0.945052	1.17387	1.29649	1.32434	1.25414	1.07713	0.820691	0.54863	0.321356	0.165618	0.0755911	0.0307733	0.0112523	0.00371949	0.00111801	0.000307199	7.75292e-05	1.80479e-05	3.89014e-06	7.79079e-07	1.45424e-07	2.53726e-08	4.14857e-09	6.37198e-10	9.21395e-11	1.25688e-11	1.62044e-12	1.97797e-13	2.28961e-14	2.51719e-15	2.63209e-16	2.62116e-17	2.48909e-18	2.25658e-19	1.95528e-20	1.62096e-21	1.28699e-22	9.79545e-24	7.15341e-25	5.01662e-26	3.38202e-27	2.32872e-28	
2.49801	2.29672	1.89864	1.34854	0.721114	0.10808	-0.387653	-0.713494	-0.875572	-0.887688	-0.790374	-0.635544	-0.472171	-0.357816	-0.308166	-0.307227	-0.306916	-0.282773	-0.243658	-0.234196	-0.242193	-0.230391	-0.197171	-0.193904	-0.200498	-0.193898	-0.184623	-0.198617	-0.184859	-0.189315	-0.194608	-0.182067	-0.19776	-0.188835	-0.188051	-0.200134	-0.197629	-0.192738	-0.215832	-0.242309	-0.236967	-0.236738	-0.265998	-0.300603	-0.309986	-0.303266	-0.332471	-0.417415	-0.570487	-0.738074	-0.875371	-0.944091	-0.903876	-0.761574	-0.519761	-0.194123	0.16436	0.525141	0.861078	1.1197	1.27176	1.32557	1.28165	1.12838	0.884089	0.608471	0.36686	0.194437	0.0911578	0.038074	0.0142671	0.00482795	0.00148425	0.000416777	0.000107411	2.55162e-05	5.60921e-06	1.14506e-06	2.17761e-07	3.8691e-08	6.43971e-09	1.00647e-09	1.48038e-10	2.05344e-11	2.69122e-12	3.33843e-13	3.92619e-14	4.38434e-15	4.65546e-16	4.70687e-17	4.53691e-18	4.17412e-19	3.66972e-20	3.08622e-21	2.48532e-22	1.91828e-23	1.4204e-24	1.00984e-25	6.90076e-27	4.81935e-28	
2.43587	2.23121	1.83745	1.29859	0.678536	0.0704217	-0.415448	-0.726193	-0.866188	-0.851796	-0.733649	-0.572006	-0.420651	-0.327844	-0.298252	-0.306237	-0.300193	-0.266635	-0.235139	-0.229793	-0.226145	-0.20719	-0.193904	-0.209636	-0.203099	-0.189749	-0.193495	-0.191694	-0.184049	-0.186269	-0.188058	-0.183223	-0.188847	-0.19323	-0.191983	-0.194226	-0.211196	-0.198594	-0.199406	-0.218863	-0.23034	-0.229573	-0.252906	-0.287036	-0.309156	-0.297924	-0.311144	-0.375409	-0.509621	-0.679741	-0.833489	-0.931598	-0.926688	-0.815223	-0.600062	-0.290168	0.0657063	0.431295	0.781701	1.06522	1.24377	1.32097	1.30036	1.16933	0.938504	0.662515	0.409695	0.222553	0.106835	0.0456416	0.0174764	0.00603773	0.00189347	0.000541977	0.000142289	3.44142e-05	7.69837e-06	1.59846e-06	3.09062e-07	5.58089e-08	9.43708e-09	1.49799e-09	2.23716e-10	3.14991e-11	4.18938e-12	5.27257e-13	6.2898e-14	7.12302e-15	7.66889e-16	7.86015e-17	7.67913e-18	7.15974e-19	6.3779e-20	5.43398e-21	4.43258e-22	3.46506e-23	2.59822e-24	1.87037e-25	1.29401e-26	9.15477e-28	
2.37269	2.16606	1.77823	1.25226	0.643004	0.0440279	-0.430603	-0.72753	-0.847597	-0.811721	-0.681425	-0.519453	-0.380914	-0.310666	-0.297195	-0.302605	-0.288164	-0.251424	-0.225346	-0.225584	-0.222398	-0.208282	-0.200498	-0.203099	-0.188436	-0.180844	-0.185767	-0.175623	-0.175598	-0.177007	-0.172921	-0.177997	-0.174632	-0.180845	-0.185209	-0.181583	-0.200528	-0.20008	-0.205693	-0.215452	-0.227798	-0.221794	-0.23997	-0.272915	-0.301719	-0.298599	-0.300927	-0.345298	-0.460228	-0.626494	-0.791878	-0.913528	-0.937845	-0.853525	-0.663447	-0.370399	-0.0191935	0.348851	0.709589	1.01322	1.21486	1.31269	1.3123	1.20123	0.983971	0.709831	0.448618	0.248924	0.121957	0.0531291	0.0207269	0.00729004	0.00232588	0.000676886	0.000180582	4.43607e-05	1.00746e-05	2.12292e-06	4.16419e-07	7.62613e-08	1.30746e-08	2.10368e-09	3.18376e-10	4.54173e-11	6.11873e-12	7.79904e-13	9.42075e-14	1.08012e-14	1.17714e-15	1.2211e-16	1.20725e-17	1.13891e-18	1.02642e-19	8.84638e-21	7.29888e-22	5.77052e-23	4.37562e-24	3.18499e-25	2.2279e-26	1.59449e-27	
