1.12643	1.17553	1.24338	1.30341	1.34566	1.35078	1.2863	1.14878	0.966573	0.747712	0.489128	0.220058	-0.0339827	-0.271202	-0.480279	-0.652891	-0.785911	-0.876263	-0.928477	-0.946864	-0.939665	-0.913144	-0.875371	-0.833489	-0.791878	-0.752286	-0.720785	-0.694896	-0.677124	-0.667796	-0.665489	-0.672923	-0.686587	-0.710132	-0.739367	-0.775893	-0.816548	-0.858123	-0.898263	-0.931593	-0.946679	-0.939829	-0.901378	-0.827054	-0.711362	-0.553643	-0.359561	-0.131311	0.116382	0.379932	0.648072	0.88453	1.07976	1.23712	1.32964	1.33869	1.28211	1.1737	1.00482	0.779556	0.536173	0.3241	0.172222	0.0808367	0.033734	0.0126024	0.0042426	0.00129496	0.00036035	9.18761e-05	2.15594e-05	4.67494e-06	9.40162e-07	1.75933e-07	3.07261e-08	5.02195e-09	7.70062e-10	1.11036e-10	1.50873e-11	1.93559e-12	2.34888e-13	2.70077e-14	2.94697e-15	3.0561e-16	3.01619e-17	2.83671e-18	2.54545e-19	2.18176e-20	1.78819e-21	1.4029e-22	1.05457e-23	7.60243e-25	5.2607e-26	3.49711e-27	2.23509e-28	1.37444e-29	8.13809e-31	4.6428e-32	2.55414e-33	1.42467e-34	
0.827084	0.918916	1.05527	1.18244	1.27717	1.33624	1.34244	1.27296	1.13729	0.962785	0.753927	0.511991	0.259806	0.0159579	-0.210267	-0.409541	-0.578356	-0.713789	-0.815239	-0.884189	-0.925052	-0.943662	-0.944091	-0.931598	-0.913528	-0.891335	-0.870347	-0.852531	-0.839526	-0.831899	-0.831221	-0.835947	-0.847271	-0.863397	-0.882894	-0.904781	-0.924601	-0.939882	-0.946496	-0.935621	-0.903803	-0.846926	-0.758488	-0.637068	-0.480896	-0.293801	-0.0774553	0.160909	0.410778	0.660393	0.88453	1.07154	1.2246	1.32345	1.34421	1.29729	1.20183	1.05372	0.847838	0.60981	0.386923	0.215991	0.106418	0.0465446	0.0181913	0.006395	0.00203455	0.000589102	0.000156035	3.79798e-05	8.53072e-06	1.77477e-06	3.43159e-07	6.18558e-08	1.04236e-08	1.64634e-09	2.44296e-10	3.41309e-11	4.49871e-12	5.60463e-13	6.61113e-14	7.39563e-15	7.85781e-16	7.94087e-17	7.64277e-18	7.0144e-19	6.14608e-20	5.14702e-21	4.12399e-22	3.16459e-23	2.32788e-24	1.64301e-25	1.11358e-26	7.25368e-28	4.5445e-29	2.74047e-30	1.59177e-31	8.91134e-33	4.81228e-34	2.63345e-35	
0.563467	0.674575	0.852156	1.03395	1.17815	1.27839	1.33758	1.34032	1.27086	1.14206	0.976828	0.781584	0.560878	0.328625	0.0983467	-0.117773	-0.31102	-0.477579	-0.615692	-0.725058	-0.80653	-0.864615	-0.903876	-0.926688	-0.937845	-0.941536	-0.939588	-0.936034	-0.932356	-0.929647	-0.929549	-0.930731	-0.93447	-0.937717	-0.940653	-0.939619	-0.932039	-0.915058	-0.883111	-0.832251	-0.760861	-0.66286	-0.536273	-0.380873	-0.197886	0.00964533	0.235922	0.468806	0.695987	0.90288	1.07976	1.2246	1.32095	1.34654	1.30606	1.21893	1.08573	0.897659	0.669557	0.442946	0.258408	0.133112	0.0608344	0.0248161	0.00909315	0.00301111	0.000906179	0.00024912	6.28541e-05	1.46156e-05	3.14421e-06	6.27945e-07	1.16792e-07	2.02876e-08	3.30001e-09	5.03867e-10	7.23765e-11	9.80062e-12	1.25346e-12	1.51683e-13	1.73961e-14	1.89376e-15	1.95965e-16	1.93022e-17	1.812e-18	1.62315e-19	1.38898e-20	1.13667e-21	8.90465e-23	6.68436e-24	4.81237e-25	3.32577e-26	2.20809e-27	1.40953e-28	8.65746e-30	5.1201e-31	2.91766e-32	1.60304e-33	8.49833e-35	4.56308e-36	
0.353508	0.459732	0.643441	0.854629	1.04316	1.18433	1.28126	1.33784	1.34079	1.27876	1.16209	1.00901	0.829769	0.631392	0.422076	0.211134	0.00891405	-0.176619	-0.340956	-0.482061	-0.598417	-0.690367	-0.761574	-0.815223	-0.853525	-0.880687	-0.898681	-0.910021	-0.916616	-0.919763	-0.920032	-0.917884	-0.912567	-0.903187	-0.888355	-0.865322	-0.832131	-0.785219	-0.720896	-0.637534	-0.531386	-0.399973	-0.24476	-0.067259	0.12889	0.337529	0.548733	0.752387	0.940221	1.10437	1.23712	1.32345	1.34654	1.30895	1.22705	1.10368	0.929781	0.713062	0.488203	0.295881	0.158619	0.0754777	0.0320485	0.0122146	0.00420308	0.00131302	0.000374287	9.78114e-05	2.35323e-05	5.23239e-06	1.07899e-06	2.07015e-07	3.70609e-08	6.20761e-09	9.75195e-10	1.44013e-10	2.00338e-11	2.6304e-12	3.26557e-13	3.83978e-14	4.28299e-15	4.53858e-16	4.57536e-17	4.39366e-18	4.02398e-19	3.51895e-20	2.94153e-21	2.35279e-22	1.80248e-23	1.32384e-24	9.32963e-26	6.31425e-27	4.10729e-28	2.56979e-29	1.54762e-30	8.97758e-32	5.01963e-33	2.70695e-34	1.40897e-35	7.42388e-37	
0.20313	0.288096	0.447334	0.654198	0.867812	1.05008	1.18537	1.27897	1.33451	1.34237	1.294	1.195	1.0589	0.897878	0.720992	0.535076	0.347012	0.1642	-0.00721491	-0.163471	-0.30221	-0.421108	-0.519761	-0.600062	-0.663447	-0.712067	-0.748384	-0.773979	-0.790536	-0.79929	-0.800587	-0.795	-0.781585	-0.759981	-0.728237	-0.684821	-0.627598	-0.554034	-0.462682	-0.35216	-0.221158	-0.0715873	0.0940863	0.272873	0.459599	0.647275	0.828479	0.996734	1.14403	1.25944	1.32964	1.34421	1.30606	1.22705	1.10945	0.945425	0.739322	0.519823	0.325175	0.180488	0.0890644	0.0392428	0.0155201	0.00553953	0.00179386	0.000529659	0.000143248	3.56357e-05	8.18576e-06	1.74234e-06	3.44746e-07	6.35973e-08	1.09678e-08	1.77267e-09	2.69127e-10	3.84619e-11	5.18447e-12	6.60354e-13	7.96141e-14	9.09994e-15	9.8758e-16	1.01907e-16	1.00116e-17	9.37592e-19	8.38003e-20	7.15616e-21	5.84486e-22	4.57047e-23	3.42491e-24	2.46168e-25	1.69855e-26	1.12602e-27	7.17741e-29	4.40219e-30	2.59991e-31	1.47954e-32	8.11825e-34	4.29766e-35	2.19656e-36	1.13591e-37	
0.106547	0.16489	0.283189	0.456228	0.663229	0.870148	1.0458	1.17776	1.27016	1.32686	1.34277	1.3118	1.23555	1.12262	0.983953	0.829228	0.665962	0.500706	0.339472	0.18691	0.0457501	-0.0819394	-0.194123	-0.290168	-0.370399	-0.435187	-0.485724	-0.523014	-0.547996	-0.561443	-0.563756	-0.554997	-0.53485	-0.502718	-0.457568	-0.398545	-0.324453	-0.234622	-0.128935	-0.00733526	0.12877	0.277031	0.435207	0.599472	0.76432	0.923314	1.06944	1.19401	1.28624	1.33612	1.33869	1.29729	1.21893	1.10368	0.945425	0.748082	0.536039	0.343791	0.196487	0.100117	0.0456219	0.0186746	0.00690022	0.0023128	0.000706519	0.000197581	5.0791e-05	1.20474e-05	2.6459e-06	5.39787e-07	1.02593e-07	1.82154e-08	3.02879e-09	4.72738e-10	6.94102e-11	9.60602e-12	1.25542e-12	1.55208e-13	1.81812e-14	2.02104e-15	2.13496e-16	2.1461e-17	2.05546e-18	1.87793e-19	1.63854e-20	1.36679e-21	1.09108e-22	8.34324e-24	6.11698e-25	4.30369e-26	2.90807e-27	1.88875e-28	1.17998e-29	7.0961e-31	4.11065e-32	2.29526e-33	1.23612e-34	6.42482e-36	3.22499e-37	1.63709e-38	
0.0509413	0.0858607	0.162208	0.286937	0.457955	0.657633	0.856669	1.02815	1.16005	1.25404	1.3141	1.33935	1.32666	1.2758	1.19128	1.08074	0.952413	0.813811	0.67173	0.532119	0.399351	0.276096	0.16436	0.0657063	-0.0191935	-0.0899734	-0.146606	-0.189371	-0.218542	-0.234368	-0.237069	-0.226573	-0.202851	-0.165555	-0.114477	-0.049341	0.0299627	0.123144	0.229712	0.348609	0.477858	0.615125	0.756847	0.897647	1.03101	1.14966	1.24564	1.31079	1.33904	1.32869	1.28211	1.20183	1.08573	0.929781	0.739322	0.536039	0.350171	0.204937	0.10734	0.0504093	0.0212986	0.00812993	0.00281598	0.000888943	0.000256825	6.81763e-05	1.66902e-05	3.78101e-06	7.95136e-07	1.55681e-07	2.84555e-08	4.86766e-09	7.81105e-10	1.17834e-10	1.67449e-11	2.24571e-12	2.84741e-13	3.41888e-14	3.89334e-15	4.21109e-16	4.33204e-17	4.24398e-18	3.96426e-19	3.53475e-20	3.01185e-21	2.45489e-22	1.91593e-23	1.43311e-24	1.02829e-25	7.08359e-27	4.68858e-28	2.98411e-29	1.82763e-30	1.07788e-31	6.1256e-33	3.35664e-34	1.77462e-35	9.05755e-37	4.46588e-38	2.2257e-39	
0.0222013	0.0406183	0.0838562	0.162012	0.283122	0.445827	0.635117	0.826175	0.995401	1.13007	1.22881	1.29479	1.32992	1.33418	1.3078	1.25313	1.17468	1.07809	0.969393	0.854695	0.739648	0.62873	0.525141	0.431295	0.348851	0.278822	0.221883	0.178359	0.1484	0.132068	0.129357	0.140284	0.164825	0.202969	0.254571	0.319409	0.396952	0.486346	0.586272	0.694604	0.808438	0.92389	1.03573	1.13794	1.22439	1.28922	1.32734	1.33546	1.31261	1.259	1.1737	1.05372	0.897659	0.713062	0.519823	0.343791	0.204937	0.109852	0.052978	0.0230402	0.00906599	0.00323977	0.00105555	0.000314764	8.62276e-05	2.17767e-05	5.08698e-06	1.10253e-06	2.2235e-07	4.1837e-08	7.36286e-09	1.2148e-09	1.88309e-10	2.74806e-11	3.7826e-12	4.91961e-13	6.05573e-14	7.06601e-15	7.82689e-16	8.24157e-17	8.26041e-18	7.89037e-19	7.19121e-20	6.26028e-21	5.21106e-22	4.15173e-23	3.16893e-24	2.31935e-25	1.62915e-26	1.09914e-27	7.12817e-29	4.44693e-30	2.67061e-31	1.54498e-32	8.61551e-34	4.63402e-35	2.40555e-36	1.20588e-37	5.84121e-39	2.85865e-40	
0.00882999	0.0174639	0.0391344	0.0820772	0.156265	0.269028	0.419571	0.595962	0.778026	0.945289	1.08437	1.19081	1.26579	1.312	1.33163	1.32649	1.29876	1.25141	1.18805	1.11282	1.03031	0.945052	0.861078	0.781701	0.709589	0.646721	0.594534	0.554026	0.525844	0.510375	0.507815	0.51818	0.541353	0.577011	0.624624	0.683356	0.75196	0.828704	0.911207	0.996384	1.08051	1.15922	1.22788	1.28211	1.31808	1.33254	1.32302	1.28764	1.22446	1.13091	1.00482	0.847838	0.669557	0.488203	0.325175	0.196487	0.10734	0.052978	0.0236507	0.00957265	0.00352348	0.00118336	0.000363885	0.000102802	2.67709e-05	6.44642e-06	1.43968e-06	2.99038e-07	5.79216e-08	1.04877e-08	1.77928e-09	2.83448e-10	4.24858e-11	6.00314e-12	8.0103e-13	1.01106e-13	1.20907e-14	1.37184e-15	1.47893e-16	1.51687e-17	1.48201e-18	1.38091e-19	1.22849e-20	1.04456e-21	8.49748e-23	6.61992e-24	4.94331e-25	3.5413e-26	2.43583e-27	1.60996e-28	1.02327e-29	6.25886e-31	3.68658e-32	2.0925e-33	1.14525e-34	6.04766e-36	3.08308e-37	1.51823e-38	7.22636e-40	3.47343e-41	
0.00321094	0.00683526	0.016519	0.0373808	0.0770807	0.144326	0.245556	0.380839	0.541576	0.712258	0.875758	1.0188	1.13445	1.22124	1.28077	1.31579	1.32921	1.32392	1.30279	1.26868	1.22463	1.17387	1.1197	1.06522	1.01322	0.966098	0.925771	0.893739	0.871085	0.858518	0.856417	0.864839	0.883537	0.911933	0.949103	0.993721	1.04404	1.09785	1.1525	1.20501	1.25215	1.29062	1.3173	1.32926	1.32366	1.29762	1.24823	1.17264	1.06861	0.936085	0.779556	0.60981	0.442946	0.295881	0.180488	0.100117	0.0504093	0.0230402	0.00957265	0.00362336	0.00125287	0.000396919	0.000115566	3.10179e-05	7.69721e-06	1.77104e-06	3.78857e-07	7.55417e-08	1.40738e-08	2.45551e-09	4.02071e-10	6.19114e-11	8.98188e-12	1.22989e-12	1.59218e-13	1.95179e-14	2.26901e-15	2.50502e-16	2.62988e-17	2.62878e-18	2.50486e-19	2.27781e-20	1.97888e-21	1.64412e-22	1.30761e-23	9.96453e-25	7.28202e-26	5.10772e-27	3.44138e-28	2.22895e-29	1.38883e-30	8.33076e-32	4.81393e-33	2.68147e-34	1.44071e-35	7.4708e-37	3.74105e-38	1.81007e-39	8.46714e-41	3.99798e-42	
0.00107007	0.00244113	0.00632526	0.0153549	0.0340908	0.0690087	0.127386	0.214857	0.332423	0.474636	0.63041	0.786243	0.930034	1.05355	1.15291	1.22764	1.27943	1.31103	1.32554	1.32605	1.31546	1.29649	1.27176	1.24377	1.21486	1.18712	1.16236	1.14208	1.12743	1.1192	1.11781	1.12333	1.13549	1.15364	1.17677	1.20352	1.23221	1.26084	1.28717	1.30876	1.32304	1.32731	1.31876	1.29438	1.25104	1.18577	1.09637	0.982291	0.845893	0.693614	0.536173	0.386923	0.258408	0.158619	0.0890644	0.0456219	0.0212986	0.00906599	0.00352348	0.00125287	0.000408576	0.000122525	3.38799e-05	8.66192e-06	2.05305e-06	4.52293e-07	9.28429e-08	1.77995e-08	3.19424e-09	5.37706e-10	8.50759e-11	1.26756e-11	1.78159e-12	2.36618e-13	2.97425e-14	3.54364e-15	4.00754e-16	4.30769e-17	4.40656e-18	4.29505e-19	3.99342e-20	3.54571e-21	3.00946e-22	2.44416e-23	1.90123e-24	1.41771e-25	1.01429e-26	6.96799e-28	4.60009e-29	2.92052e-30	1.78443e-31	1.04998e-32	5.95372e-34	3.25534e-35	1.71738e-36	8.74685e-38	4.30323e-39	2.0461e-40	9.4083e-42	4.36481e-43	
0.000327666	0.000797748	0.00220455	0.00571117	0.0135767	0.0295371	0.0588032	0.107263	0.17977	0.278045	0.399259	0.5362	0.679034	0.817756	0.944213	1.0531	1.14197	1.21072	1.26082	1.29463	1.31489	1.32434	1.32557	1.32097	1.31269	1.30262	1.29238	1.28329	1.2764	1.27242	1.27174	1.27443	1.28022	1.28854	1.29847	1.30879	1.31801	1.32433	1.32571	1.31986	1.30426	1.27621	1.23296	1.17192	1.09119	0.990175	0.870283	0.735635	0.593296	0.452719	0.3241	0.215991	0.133112	0.0754777	0.0392428	0.0186746	0.00812993	0.00323977	0.00118336	0.000396919	0.000122525	3.48909e-05	9.18833e-06	2.2432e-06	5.08933e-07	1.07557e-07	2.12224e-08	3.91801e-09	6.78197e-10	1.10286e-10	1.68798e-11	2.43594e-12	3.32008e-13	4.28054e-14	5.22844e-15	6.05879e-16	6.67003e-17	6.98477e-18	6.96608e-19	6.62427e-20	6.01281e-21	5.21507e-22	4.32633e-23	3.43611e-24	2.61514e-25	1.90888e-26	1.33746e-27	9.00198e-29	5.82483e-30	3.62601e-31	2.17309e-32	1.25463e-33	6.98272e-35	3.74859e-36	1.94224e-37	9.71796e-39	4.6981e-40	2.1957e-41	9.9261e-43	4.52549e-44	
9.24432e-05	0.000239266	0.000701892	0.00193142	0.00489146	0.0113748	0.0242818	0.0476234	0.0859887	0.143416	0.221986	0.320752	0.435577	0.559956	0.686436	0.808047	0.919301	1.01663	1.09835	1.16437	1.21573	1.25414	1.28165	1.30036	1.3123	1.31928	1.32288	1.32438	1.3248	1.32481	1.3248	1.32483	1.32465	1.32368	1.32107	1.31562	1.30588	1.29012	1.2664	1.23261	1.18667	1.12669	1.05132	0.960129	0.854125	0.736091	0.610772	0.484631	0.365084	0.259201	0.172222	0.106418	0.0608344	0.0320485	0.0155201	0.00690022	0.00281598	0.00105555	0.000363885	0.000115566	3.38799e-05	9.18833e-06	2.31038e-06	5.39838e-07	1.17474e-07	2.38597e-08	4.53257e-09	8.0697e-10	1.3491e-10	2.12181e-11	3.1449e-12	4.40018e-13	5.82081e-14	7.29125e-15	8.66057e-16	9.76802e-17	1.04747e-17	1.06927e-18	1.04027e-19	9.65612e-21	8.56083e-22	7.25642e-23	5.88628e-24	4.57371e-25	3.40711e-26	2.43533e-27	1.67159e-28	1.10265e-29	6.99522e-31	4.27093e-32	2.5113e-33	1.42301e-34	7.7754e-36	4.09924e-37	2.08641e-38	1.02577e-39	4.87407e-41	2.23946e-42	9.95522e-44	4.46125e-45	
2.40953e-05	6.60633e-05	0.000204875	0.000596341	0.00160174	0.00396175	0.00902055	0.0189175	0.0365964	0.0654773	0.108754	0.168493	0.244879	0.33593	0.437796	0.54549	0.653771	0.757912	0.854205	0.940177	1.01457	1.07713	1.12838	1.16933	1.20123	1.22542	1.24316	1.25557	1.26353	1.26768	1.26836	1.26563	1.25927	1.24874	1.23326	1.2118	1.18315	1.14599	1.09901	1.04107	0.971432	0.890001	0.797602	0.696211	0.589051	0.480487	0.375634	0.279688	0.197059	0.130547	0.0808367	0.0465446	0.0248161	0.0122146	0.00553953	0.0023128	0.000888943	0.000314764	0.000102802	3.10179e-05	8.66192e-06	2.2432e-06	5.39838e-07	1.20978e-07	2.52979e-08	4.9463e-09	9.06027e-10	1.55772e-10	2.51832e-11	3.83495e-12	5.51007e-13	7.4815e-14	9.61409e-15	1.17095e-15	1.35354e-16	1.48686e-17	1.55408e-18	1.54736e-19	1.4693e-20	1.33197e-21	1.15395e-22	9.5634e-24	7.58877e-25	5.771e-26	4.2094e-27	2.94734e-28	1.98254e-29	1.28208e-30	7.97671e-32	4.77798e-33	2.75716e-34	1.53375e-35	8.22965e-37	4.26186e-38	2.13134e-39	1.02985e-40	4.81055e-42	2.17335e-43	9.50211e-45	4.18627e-46	
5.81807e-06	1.68427e-05	5.50168e-05	0.000168772	0.000478849	0.00125426	0.0030317	0.00676444	0.0139482	0.0266343	0.0472409	0.0781396	0.121108	0.176828	0.244614	0.322454	0.40734	0.495743	0.584115	0.669289	0.74874	0.820691	0.884089	0.938504	0.983971	1.02084	1.04963	1.07091	1.08518	1.09284	1.09411	1.08903	1.07745	1.05905	1.03333	0.999767	0.957796	0.906988	0.84716	0.778537	0.701907	0.618749	0.531295	0.442477	0.355733	0.274657	0.202529	0.141812	0.0937467	0.0581844	0.033734	0.0181913	0.00909315	0.00420308	0.00179386	0.000706519	0.000256825	8.62276e-05	2.67709e-05	7.69721e-06	2.05305e-06	5.08933e-07	1.17474e-07	2.52979e-08	5.09238e-09	9.59993e-10	1.69795e-10	2.82269e-11	4.41799e-12	6.52113e-13	9.09159e-14	1.19903e-14	1.498e-15	1.77534e-16	1.99852e-17	2.13959e-18	2.18104e-19	2.11934e-20	1.9652e-21	1.74074e-22	1.47438e-23	1.1952e-24	9.28149e-26	6.91061e-27	4.93735e-28	3.3876e-29	2.23379e-30	1.41663e-31	8.64645e-33	5.0825e-34	2.87908e-35	1.57266e-36	8.28855e-38	4.21728e-39	2.0727e-40	9.84511e-42	4.52175e-43	2.00913e-44	8.64088e-46	3.74325e-47	
1.30482e-06	3.97646e-06	1.36375e-05	4.39468e-05	0.000131247	0.000362657	0.000926684	0.00219007	0.00479112	0.00971803	0.0183213	0.0322115	0.053028	0.0821224	0.120246	0.16734	0.222486	0.284023	0.349775	0.417336	0.484331	0.54863	0.608471	0.662515	0.709831	0.749839	0.782232	0.806893	0.82381	0.833019	0.834555	0.828423	0.814599	0.793042	0.763738	0.726752	0.682305	0.630858	0.573193	0.510481	0.444318	0.376697	0.309919	0.246406	0.188461	0.137985	0.0962156	0.0635595	0.0395727	0.0231089	0.0126024	0.006395	0.00301111	0.00131302	0.000529659	0.000197581	6.81763e-05	2.17767e-05	6.44642e-06	1.77104e-06	4.52293e-07	1.07557e-07	2.38597e-08	4.9463e-09	9.59993e-10	1.74743e-10	2.98831e-11	4.80922e-12	7.29547e-13	1.04481e-13	1.41473e-14	1.81379e-15	2.20482e-16	2.54449e-17	2.79135e-18	2.91427e-19	2.89899e-20	2.75066e-21	2.49204e-22	2.1579e-23	1.78765e-24	1.41809e-25	1.07813e-26	7.86234e-28	5.50417e-29	3.7019e-30	2.3937e-31	1.48914e-32	8.91895e-34	5.14624e-35	2.86244e-36	1.53573e-37	7.95199e-39	3.97616e-40	1.92093e-41	8.97107e-43	4.0521e-44	1.77104e-45	7.49405e-47	3.1928e-48	
2.72483e-07	8.7182e-07	3.13026e-06	1.05658e-05	3.3111e-05	9.61862e-05	0.000258873	0.000645484	0.00149199	0.00320099	0.0063873	0.011887	0.0207038	0.0338856	0.0523489	0.0766961	0.107074	0.143111	0.183937	0.228286	0.274635	0.321356	0.36686	0.409695	0.448618	0.482617	0.510914	0.532938	0.548297	0.556746	0.558159	0.552516	0.539898	0.5205	0.494653	0.46285	0.425784	0.384372	0.339766	0.293341	0.246641	0.201294	0.158885	0.120801	0.0880851	0.0613166	0.0405533	0.0253613	0.0149284	0.00823582	0.0042426	0.00203455	0.000906179	0.000374287	0.000143248	5.0791e-05	1.66902e-05	5.08698e-06	1.43968e-06	3.78857e-07	9.28429e-08	2.12224e-08	4.53257e-09	9.06027e-10	1.69795e-10	2.98831e-11	4.94713e-12	7.71621e-13	1.13565e-13	1.57952e-14	2.07903e-15	2.59329e-16	3.06948e-17	3.45183e-18	3.69255e-19	3.76181e-20	3.65376e-21	3.38698e-22	2.99953e-23	2.54027e-24	2.05918e-25	1.59913e-26	1.19072e-27	8.50805e-29	5.83824e-30	3.85026e-31	2.44211e-32	1.49076e-33	8.76405e-35	4.96516e-36	2.71243e-37	1.42968e-38	7.27473e-40	3.57547e-41	1.6983e-42	7.7998e-44	3.46539e-45	1.49014e-46	6.20482e-48	2.60033e-49	
5.31111e-08	1.77971e-07	6.67288e-07	2.35315e-06	7.71647e-06	2.34956e-05	6.63875e-05	0.000174043	0.000423505	0.000957461	0.00201445	0.00395341	0.00725859	0.0125121	0.0203293	0.0312661	0.0457175	0.0638316	0.0854589	0.110147	0.137174	0.165618	0.194437	0.222553	0.248924	0.2726	0.292764	0.308749	0.320049	0.326318	0.327368	0.32317	0.313847	0.299681	0.281113	0.258747	0.233343	0.2058	0.17713	0.148404	0.120688	0.0949639	0.0720421	0.0524893	0.0365777	0.0242745	0.0152743	0.00907342	0.00506752	0.00265106	0.00129496	0.000589102	0.00024912	9.78114e-05	3.56357e-05	1.20474e-05	3.78101e-06	1.10253e-06	2.99038e-07	7.55417e-08	1.77995e-08	3.91801e-09	8.0697e-10	1.55772e-10	2.82269e-11	4.80922e-12	7.71621e-13	1.16765e-13	1.66893e-14	2.25631e-15	2.8893e-16	3.50905e-17	4.04704e-18	4.43777e-19	4.63206e-20	4.60732e-21	4.3717e-22	3.96117e-23	3.43078e-24	2.8429e-25	2.25592e-26	1.71573e-27	1.25169e-28	8.76614e-30	5.89816e-31	3.81537e-32	2.3745e-33	1.42271e-34	8.21202e-36	4.56923e-37	2.45219e-38	1.27009e-39	6.35227e-41	3.06949e-42	1.43374e-43	6.47679e-45	2.83102e-46	1.1979e-47	4.9092e-49	2.0241e-50	
9.68451e-09	3.39117e-08	1.32476e-07	4.86956e-07	1.66681e-06	5.30541e-06	1.56928e-05	4.31234e-05	0.000110115	0.000261463	0.000578071	0.00119232	0.00230008	0.00416254	0.00709186	0.0114183	0.0174429	0.0253838	0.0353288	0.0472033	0.0607601	0.0755911	0.0911578	0.106835	0.121957	0.135866	0.147953	0.157689	0.164653	0.168544	0.169198	0.166585	0.160818	0.152143	0.140935	0.127682	0.112965	0.0974277	0.081737	0.0665405	0.0524171	0.0398315	0.029098	0.02036	0.0135919	0.00862229	0.00517668	0.00293001	0.00155772	0.00077536	0.00036035	0.000156035	6.28541e-05	2.35323e-05	8.18576e-06	2.6459e-06	7.95136e-07	2.2235e-07	5.79216e-08	1.40738e-08	3.19424e-09	6.78197e-10	1.3491e-10	2.51832e-11	4.41799e-12	7.29547e-13	1.13565e-13	1.66893e-14	2.31868e-15	3.04965e-16	3.80223e-17	4.49941e-18	5.05977e-19	5.41343e-20	5.51655e-21	5.36023e-22	4.97128e-23	4.40506e-24	3.73288e-25	3.02791e-26	2.35301e-27	1.75328e-28	1.25365e-29	8.60853e-31	5.68112e-32	3.60578e-33	2.20253e-34	1.29565e-35	7.34465e-37	4.01454e-38	2.11708e-39	1.07776e-40	5.29935e-42	2.51809e-43	1.15687e-44	5.14134e-46	2.21132e-47	9.20891e-49	3.71502e-50	1.50722e-51	
1.65558e-09	6.0457e-09	2.45572e-08	9.38969e-08	3.34745e-07	1.11117e-06	3.43191e-06	9.85872e-06	2.63421e-05	6.55005e-05	0.000151723	0.000327914	0.000662669	0.00125549	0.00223689	0.00376077	0.00598803	0.00906313	0.0130876	0.0180959	0.0240382	0.0307733	0.038074	0.0456416	0.0531291	0.0601679	0.0663964	0.0714861	0.0751649	0.0772344	0.0775824	0.0761902	0.0731331	0.0685762	0.0627641	0.0560055	0.0486516	0.0410716	0.0336247	0.0266319	0.0203514	0.0149598	0.0105432	0.0070992	0.00455036	0.00276607	0.00158875	0.000859208	0.000436098	0.000207152	9.18761e-05	3.79798e-05	1.46156e-05	5.23239e-06	1.74234e-06	5.39787e-07	1.55681e-07	4.1837e-08	1.04877e-08	2.45551e-09	5.37706e-10	1.10286e-10	2.12181e-11	3.83495e-12	6.52113e-13	1.04481e-13	1.57952e-14	2.25631e-15	3.04965e-16	3.90526e-17	4.74408e-18	5.47376e-19	6.00572e-20	6.27307e-21	6.24458e-22	5.93045e-23	5.37858e-24	4.66295e-25	3.86783e-26	3.07236e-27	2.33906e-28	1.70817e-29	1.19752e-30	8.06526e-32	5.22223e-33	3.25308e-34	1.95086e-35	1.12702e-36	6.27587e-38	3.37068e-39	1.74707e-40	8.74361e-42	4.22759e-43	1.97578e-44	8.9299e-46	3.90501e-47	1.65298e-48	6.77605e-50	2.69129e-51	1.0746e-52	
2.6588e-10	1.01066e-09	4.26072e-09	1.6915e-08	6.26816e-08	2.16528e-07	6.96724e-07	2.08725e-06	5.8212e-06	1.51184e-05	3.65931e-05	8.26506e-05	0.000174513	0.000345249	0.000641705	0.00112398	0.00186136	0.00292435	0.00437368	0.00624803	0.00855279	0.0112523	0.0142671	0.0174764	0.0207269	0.0238445	0.0266494	0.0289719	0.0306667	0.0316258	0.0317874	0.0311409	0.0297281	0.0276396	0.0250071	0.0219923	0.0187728	0.0155269	0.0124179	0.00958075	0.00711206	0.00506493	0.00344962	0.00223948	0.00138107	0.000806261	0.00044409	0.000230054	0.000111768	5.08007e-05	2.15594e-05	8.53072e-06	3.14421e-06	1.07899e-06	3.44746e-07	1.02593e-07	2.84555e-08	7.36286e-09	1.77928e-09	4.02071e-10	8.50759e-11	1.68798e-11	3.1449e-12	5.51007e-13	9.09159e-14	1.41473e-14	2.07903e-15	2.8893e-16	3.80223e-17	4.74408e-18	5.6191e-19	6.32557e-20	6.77555e-21	6.91319e-22	6.72605e-23	6.24639e-24	5.54254e-25	4.70331e-26	3.82036e-27	2.97293e-28	2.21822e-29	1.58822e-30	1.09202e-31	7.21588e-33	4.58553e-34	2.80431e-35	1.65153e-36	9.37215e-38	5.12804e-39	2.70692e-40	1.37929e-41	6.78778e-43	3.2279e-44	1.48406e-45	6.59982e-47	2.84033e-48	1.18347e-49	4.77632e-51	1.868e-52	7.34187e-54	
4.019e-11	1.58753e-10	6.93477e-10	2.85371e-09	1.09725e-08	3.93696e-08	1.31709e-07	4.10612e-07	1.19263e-06	3.22772e-06	8.14421e-06	1.91781e-05	4.22097e-05	8.69989e-05	0.00016832	0.000306514	0.000526921	0.000857782	0.00132656	0.00195506	0.00275421	0.00371949	0.00482795	0.00603773	0.00729004	0.00851379	0.00963198	0.0105692	0.0112593	0.0116521	0.0117183	0.0114531	0.0108762	0.0100299	0.00897483	0.00778359	0.00653349	0.00529882	0.00414394	0.00311786	0.00225113	0.00155537	0.00102532	0.000642863	0.000382143	0.000214687	0.000113641	5.65188e-05	2.63446e-05	1.14848e-05	4.67494e-06	1.77477e-06	6.27945e-07	2.07015e-07	6.35973e-08	1.82154e-08	4.86766e-09	1.2148e-09	2.83448e-10	6.19114e-11	1.26756e-11	2.43594e-12	4.40018e-13	7.4815e-14	1.19903e-14	1.81379e-15	2.59329e-16	3.50905e-17	4.49941e-18	5.47376e-19	6.32557e-20	6.95177e-21	7.2737e-22	7.2534e-23	6.90083e-24	6.26991e-25	5.44545e-26	4.52495e-27	3.60066e-28	2.74602e-29	2.00876e-30	1.41057e-31	9.51543e-33	6.17076e-34	3.8497e-35	2.31197e-36	1.33746e-37	7.45753e-39	4.01032e-40	2.08105e-41	1.04267e-42	5.0466e-44	2.36084e-45	1.06799e-46	4.67413e-48	1.98005e-49	8.12237e-51	3.22783e-52	1.24326e-53	4.81065e-55	
5.72842e-12	2.34773e-11	1.06106e-10	4.51903e-10	1.79999e-09	6.69666e-09	2.32504e-08	7.52859e-08	2.27276e-07	6.39654e-07	1.67898e-06	4.11331e-06	9.41701e-06	2.01801e-05	4.05609e-05	7.66487e-05	0.000136543	0.000229951	0.000367179	0.000557537	0.00080736	0.00111801	0.00148425	0.00189347	0.00232588	0.00275593	0.00315466	0.00349273	0.00374375	0.00388735	0.0039116	0.00381447	0.00360406	0.00329762	0.00291951	0.00249829	0.00206344	0.00164224	0.00125697	0.000923193	0.000649047	0.000435626	0.000278341	0.000168807	9.68882e-05	5.24756e-05	2.67461e-05	1.27965e-05	5.73469e-06	2.40294e-06	9.40162e-07	3.43159e-07	1.16792e-07	3.70609e-08	1.09678e-08	3.02879e-09	7.81105e-10	1.88309e-10	4.24858e-11	8.98188e-12	1.78159e-12	3.32008e-13	5.82081e-14	9.61409e-15	1.498e-15	2.20482e-16	3.06948e-17	4.04704e-18	5.05977e-19	6.00572e-20	6.77555e-21	7.2737e-22	7.43816e-23	7.25314e-24	6.75105e-25	6.0037e-26	5.10588e-27	4.15634e-28	3.24125e-29	2.42344e-30	1.73865e-31	1.19779e-32	7.92973e-34	5.04835e-35	3.09277e-36	1.82447e-37	1.03702e-38	5.68283e-40	3.00414e-41	1.53285e-42	7.5533e-44	3.59633e-45	1.65534e-46	7.36941e-48	3.17468e-49	1.32399e-50	5.34787e-52	2.09301e-53	7.94064e-55	3.02535e-56	
7.71219e-13	3.27479e-12	1.52919e-11	6.73124e-11	2.77339e-10	1.06821e-09	3.84265e-09	1.29013e-08	4.04073e-08	1.18045e-07	3.21717e-07	8.1844e-07	1.94538e-06	4.32637e-06	9.01787e-06	1.76545e-05	3.25392e-05	5.6608e-05	9.3205e-05	0.000145639	0.000216552	0.000307199	0.000416777	0.000541977	0.000676886	0.000813321	0.00094158	0.00105152	0.00113381	0.00118111	0.00118911	0.00115706	0.00108791	0.000987898	0.000865691	0.000731267	0.000594649	0.000464736	0.000348408	0.000250019	0.000171331	0.000111834	6.93466e-05	4.0738e-05	2.26106e-05	1.18254e-05	5.81359e-06	2.68066e-06	1.15716e-06	4.66931e-07	1.75933e-07	6.18558e-08	2.02876e-08	6.20761e-09	1.77267e-09	4.72738e-10	1.17834e-10	2.74806e-11	6.00314e-12	1.22989e-12	2.36618e-13	4.28054e-14	7.29125e-15	1.17095e-15	1.77534e-16	2.54449e-17	3.45183e-18	4.43777e-19	5.41343e-20	6.27307e-21	6.91319e-22	7.2534e-23	7.25314e-24	6.91945e-25	6.30379e-26	5.48939e-27	4.57332e-28	3.64838e-29	2.78929e-30	2.04532e-31	1.43958e-32	9.73296e-34	6.32553e-35	3.95449e-36	2.37966e-37	1.37927e-38	7.70474e-40	4.1505e-41	2.15737e-42	1.08261e-43	5.24774e-45	2.45838e-46	1.11357e-47	4.87965e-49	2.06948e-50	8.49823e-52	3.3805e-53	1.30317e-54	4.87057e-56	1.82745e-57	
9.82307e-14	4.31592e-13	2.07968e-12	9.44956e-12	4.02196e-11	1.60149e-10	5.96015e-10	2.07156e-09	6.72062e-09	2.03455e-08	5.74758e-08	1.51573e-07	3.73423e-07	8.60417e-07	1.85691e-06	3.76042e-06	7.16076e-06	1.28519e-05	2.17935e-05	3.50058e-05	5.33947e-05	7.75292e-05	0.000107411	0.000142289	0.000180582	0.000219932	0.000257417	0.000289887	0.000314374	0.000328518	0.000330913	0.000321316	0.000300688	0.000271047	0.000235168	0.00019618	0.000157142	0.000120671	8.86706e-05	6.22201e-05	4.15979e-05	2.64335e-05	1.59254e-05	9.07344e-06	4.87656e-06	2.46648e-06	1.17142e-06	5.2142e-07	2.17173e-07	8.45349e-08	3.07261e-08	1.04236e-08	3.30001e-09	9.75195e-10	2.69127e-10	6.94102e-11	1.67449e-11	3.7826e-12	8.0103e-13	1.59218e-13	2.97425e-14	5.22844e-15	8.66057e-16	1.35354e-16	1.99852e-17	2.79135e-18	3.69255e-19	4.63206e-20	5.51655e-21	6.24458e-22	6.72605e-23	6.90083e-24	6.75105e-25	6.30379e-26	5.62349e-27	4.79713e-28	3.91664e-29	3.06317e-30	2.29672e-31	1.65222e-32	1.14124e-33	7.57449e-35	4.83396e-36	2.96837e-37	1.75502e-38	9.99695e-40	5.48955e-41	2.90765e-42	1.48638e-43	7.33727e-45	3.49932e-46	1.61323e-47	7.19259e-49	3.10281e-50	1.2957e-51	5.23992e-53	2.05305e-54	7.7967e-56	2.87109e-57	1.06102e-58	
