-0.875439	-0.863571	-0.855342	-0.836582	-0.805487	-0.769826	-0.725994	-0.668331	-0.598855	-0.52139	-0.42356	-0.308545	-0.187887	-0.0599721	0.0760737	0.205227	0.318643	0.420692	0.513276	0.593529	0.637633	0.65971	0.658345	0.61979	0.543208	0.429716	0.303297	0.186557	0.0887774	-0.00405033	-0.0969216	-0.168611	-0.21656	-0.233162	-0.231592	-0.22113	-0.239201	-0.297652	-0.388701	-0.489852	-0.584041	-0.652499	-0.669768	-0.609957	-0.48309	-0.300588	-0.0948969	0.12603	0.344565	0.533411	0.661954	0.701895	0.647865	0.519172	0.347801	0.165764	-0.00106904	-0.143399	-0.252576	-0.342048	-0.414998	-0.468132	-0.509444	-0.539129	-0.55594	-0.557207	-0.547794	-0.521736	-0.47367	-0.414114	-0.333829	-0.229293	-0.114266	0.0112142	0.145568	0.280207	0.405849	0.517183	0.625674	0.733748	0.827147	0.912389	1.00474	1.09745	1.17668	1.22994	1.24173	1.20326	1.10446	0.926007	0.670734	0.380696	0.101788	-0.143771	-0.345821	-0.497462	-0.601955	-0.66983	-0.709224	-0.726185	
-1.02829	-1.01123	-0.986098	-0.94316	-0.886367	-0.823478	-0.743831	-0.645225	-0.53734	-0.417191	-0.283125	-0.14289	-0.00372362	0.128025	0.257739	0.374426	0.47109	0.55305	0.625818	0.675237	0.6861	0.665878	0.621943	0.544114	0.43807	0.311058	0.185815	0.0831271	0.0062363	-0.0654461	-0.136062	-0.191248	-0.223346	-0.231592	-0.222233	-0.209884	-0.227647	-0.286649	-0.379205	-0.479152	-0.573568	-0.640665	-0.655047	-0.595487	-0.466905	-0.288211	-0.0881131	0.126879	0.332724	0.509016	0.621897	0.642868	0.572777	0.432036	0.248842	0.0618466	-0.103923	-0.247551	-0.354982	-0.43479	-0.491425	-0.525506	-0.548264	-0.556664	-0.548361	-0.525197	-0.490516	-0.43502	-0.35762	-0.271188	-0.165779	-0.0418964	0.0826644	0.207528	0.332394	0.450999	0.55675	0.64677	0.732569	0.813331	0.872505	0.917308	0.965417	1.01512	1.0598	1.093	1.10196	1.07635	1.00033	0.84781	0.617194	0.348138	0.0852194	-0.149387	-0.345081	-0.495107	-0.602336	-0.674964	-0.718209	-0.736929	
-1.10529	-1.08326	-1.05245	-0.999099	-0.921635	-0.829889	-0.721951	-0.594455	-0.456585	-0.315324	-0.163389	-0.0139476	0.123949	0.252515	0.3746	0.480911	0.56372	0.629904	0.676371	0.695419	0.665933	0.609048	0.531065	0.4306	0.315182	0.192937	0.0837388	0.00426213	-0.0504763	-0.100764	-0.156223	-0.196342	-0.220643	-0.22113	-0.209884	-0.197368	-0.218152	-0.282166	-0.377144	-0.481707	-0.578223	-0.647883	-0.665377	-0.60689	-0.484771	-0.312381	-0.120694	0.0827694	0.278971	0.442985	0.541905	0.552271	0.472278	0.322904	0.138907	-0.0462028	-0.208702	-0.33884	-0.427665	-0.489856	-0.529152	-0.544742	-0.544091	-0.527594	-0.494744	-0.442971	-0.378054	-0.295407	-0.193962	-0.0867743	0.0317567	0.157784	0.275997	0.388877	0.497165	0.596319	0.680663	0.746833	0.80415	0.848804	0.865269	0.86582	0.873249	0.891046	0.917595	0.948588	0.970308	0.968447	0.920431	0.794125	0.585337	0.333154	0.0820243	-0.145234	-0.337438	-0.488358	-0.600799	-0.68039	-0.728978	-0.750122	
-1.09952	-1.07171	-1.0291	-0.960589	-0.869163	-0.76758	-0.645069	-0.504252	-0.361836	-0.216279	-0.0689418	0.0716185	0.200945	0.317146	0.425981	0.515939	0.577972	0.616488	0.632361	0.611774	0.549794	0.463797	0.37187	0.26716	0.161864	0.0578583	-0.0260235	-0.0807477	-0.113143	-0.14859	-0.19084	-0.223391	-0.240848	-0.239201	-0.227647	-0.218152	-0.246285	-0.315681	-0.418487	-0.526642	-0.628	-0.700896	-0.718266	-0.662965	-0.541702	-0.374039	-0.188734	0.010371	0.198277	0.354124	0.445763	0.44761	0.363342	0.217619	0.0391933	-0.1335	-0.277959	-0.392342	-0.465641	-0.509802	-0.525646	-0.514634	-0.488967	-0.445226	-0.381876	-0.303835	-0.216452	-0.111933	0.00371368	0.114346	0.229699	0.346745	0.450805	0.546593	0.635915	0.713607	0.771933	0.806539	0.826434	0.827965	0.800306	0.762914	0.742823	0.745783	0.771477	0.814485	0.858335	0.884512	0.864439	0.761419	0.570455	0.331241	0.0885806	-0.133889	-0.32455	-0.478201	-0.597876	-0.686352	-0.741619	-0.765794	
-0.978626	-0.950878	-0.905496	-0.833204	-0.735944	-0.627643	-0.507716	-0.37578	-0.24655	-0.120267	0.0110826	0.130956	0.239202	0.335887	0.420867	0.48304	0.510753	0.514008	0.491086	0.438013	0.349394	0.254074	0.16189	0.0707958	-0.0160025	-0.0943047	-0.154133	-0.184662	-0.201882	-0.225052	-0.260995	-0.286651	-0.301277	-0.297652	-0.286649	-0.282166	-0.315681	-0.393688	-0.500211	-0.613299	-0.716681	-0.789195	-0.806148	-0.747045	-0.625394	-0.458024	-0.272375	-0.074819	0.112494	0.268362	0.357006	0.359404	0.279032	0.137673	-0.0294342	-0.187442	-0.317352	-0.410246	-0.457827	-0.474801	-0.463466	-0.427399	-0.37384	-0.303052	-0.218203	-0.120554	-0.017874	0.0915538	0.20344	0.307602	0.413115	0.514446	0.600467	0.677463	0.744218	0.793316	0.816495	0.811335	0.789374	0.749402	0.686565	0.626301	0.596388	0.601113	0.638737	0.701419	0.770236	0.82364	0.828358	0.744577	0.567735	0.338588	0.102203	-0.11707	-0.30743	-0.465188	-0.593824	-0.692915	-0.7561	-0.783884	
-0.738574	-0.709644	-0.668723	-0.604866	-0.521021	-0.435224	-0.335917	-0.225305	-0.120332	-0.0160688	0.0885016	0.182319	0.261961	0.326246	0.373463	0.392963	0.377528	0.339793	0.284435	0.205123	0.107857	0.0141347	-0.0626261	-0.135968	-0.198463	-0.255374	-0.292184	-0.306653	-0.311503	-0.329685	-0.360199	-0.382546	-0.394175	-0.388701	-0.379205	-0.377144	-0.418487	-0.500211	-0.611203	-0.724444	-0.825987	-0.895365	-0.90334	-0.837784	-0.708288	-0.535232	-0.345694	-0.14319	0.0475104	0.20387	0.293724	0.297534	0.220351	0.0906379	-0.0608707	-0.197615	-0.301184	-0.366926	-0.387718	-0.379948	-0.342581	-0.279647	-0.204559	-0.116837	-0.0180647	0.0839308	0.18302	0.288229	0.392075	0.482631	0.572438	0.656097	0.721392	0.772861	0.807893	0.8195	0.801128	0.754844	0.69626	0.626378	0.544732	0.479552	0.455614	0.473366	0.528919	0.612561	0.704424	0.781455	0.806786	0.738499	0.573135	0.352374	0.121105	-0.0958146	-0.28664	-0.449603	-0.588741	-0.700032	-0.772299	-0.804261	
-0.385979	-0.369792	-0.343498	-0.301847	-0.24521	-0.185286	-0.116643	-0.0390914	0.0305589	0.100006	0.172039	0.225082	0.263273	0.282271	0.281839	0.2553	0.197477	0.128964	0.0521676	-0.0361784	-0.130385	-0.20903	-0.267776	-0.319344	-0.363833	-0.40095	-0.423928	-0.424922	-0.425424	-0.439965	-0.468882	-0.487879	-0.496534	-0.489852	-0.479152	-0.481707	-0.526642	-0.613299	-0.724444	-0.835556	-0.933332	-0.993473	-0.991661	-0.914023	-0.774034	-0.59336	-0.395396	-0.185056	0.0110218	0.174415	0.268496	0.278175	0.213295	0.0984201	-0.0325483	-0.144337	-0.223046	-0.261754	-0.257277	-0.224872	-0.165006	-0.0886346	-0.00441038	0.0882805	0.184488	0.281551	0.375569	0.470075	0.55727	0.632019	0.70477	0.763766	0.798557	0.815623	0.811893	0.782236	0.724271	0.645763	0.564865	0.482128	0.398993	0.343601	0.335389	0.370555	0.443968	0.545536	0.65616	0.752438	0.794498	0.738937	0.583649	0.370706	0.144204	-0.0706915	-0.262472	-0.431592	-0.58263	-0.707569	-0.790017	-0.82673	
0.0165057	0.027259	0.0367713	0.0568355	0.0879476	0.113308	0.146436	0.187027	0.216947	0.242636	0.26506	0.26618	0.248978	0.216885	0.165648	0.0960354	0.00712862	-0.0806609	-0.163762	-0.250518	-0.332225	-0.393016	-0.433112	-0.468757	-0.498416	-0.524473	-0.536017	-0.531321	-0.52872	-0.544284	-0.571249	-0.587761	-0.593529	-0.584041	-0.573568	-0.578223	-0.628	-0.716681	-0.825987	-0.933332	-1.02175	-1.07136	-1.05299	-0.959985	-0.805188	-0.611724	-0.400725	-0.179443	0.0288597	0.200768	0.301983	0.322284	0.268711	0.170763	0.0613728	-0.0263062	-0.081989	-0.0989269	-0.075196	-0.0306017	0.0353892	0.1151	0.199218	0.288194	0.379397	0.466549	0.545986	0.625986	0.696298	0.748958	0.793404	0.818239	0.815943	0.793905	0.750874	0.685913	0.60051	0.506073	0.420235	0.34056	0.268806	0.231437	0.241901	0.293229	0.380655	0.495225	0.619907	0.731479	0.787234	0.742721	0.597213	0.392397	0.170889	-0.04199	-0.235082	-0.411239	-0.575452	-0.715328	-0.808978	-0.85102	
0.427284	0.430833	0.433807	0.436362	0.442303	0.4428	0.443934	0.443359	0.42476	0.399512	0.366537	0.30878	0.237641	0.154362	0.0621548	-0.038603	-0.146521	-0.239386	-0.320851	-0.400203	-0.467533	-0.513623	-0.540041	-0.566332	-0.588654	-0.607914	-0.61476	-0.606243	-0.605678	-0.622364	-0.64888	-0.662431	-0.664538	-0.652499	-0.640665	-0.647883	-0.700896	-0.789195	-0.895365	-0.993473	-1.07136	-1.10371	-1.06552	-0.952509	-0.778316	-0.56815	-0.341617	-0.10377	0.116332	0.298212	0.407863	0.434353	0.390917	0.306494	0.212587	0.140173	0.0989016	0.0954168	0.12392	0.170597	0.239628	0.316577	0.39452	0.475011	0.553344	0.625705	0.690432	0.749813	0.790536	0.811262	0.821491	0.807128	0.765618	0.708532	0.636567	0.550869	0.454857	0.361526	0.285186	0.218928	0.164768	0.147228	0.174228	0.237289	0.333496	0.456083	0.590796	0.714571	0.781857	0.747632	0.612471	0.416727	0.200827	-0.00985624	-0.20458	-0.388634	-0.567148	-0.723046	-0.828819	-0.876777	
0.82159	0.817679	0.809387	0.800414	0.788933	0.760678	0.726542	0.685239	0.62018	0.545028	0.462669	0.355991	0.24247	0.129155	0.0105436	-0.104123	-0.215963	-0.307041	-0.3811	-0.453873	-0.511239	-0.546687	-0.569404	-0.591394	-0.614108	-0.630946	-0.636633	-0.628544	-0.631166	-0.651407	-0.676198	-0.687377	-0.684316	-0.669768	-0.655047	-0.665377	-0.718266	-0.806148	-0.90334	-0.991661	-1.05299	-1.06552	-1.00374	-0.868103	-0.672972	-0.447548	-0.203393	0.045185	0.274887	0.46238	0.571174	0.599523	0.559328	0.479328	0.392515	0.329796	0.293978	0.292571	0.323567	0.37119	0.435059	0.502184	0.569393	0.637328	0.700057	0.750894	0.788339	0.816255	0.822186	0.807148	0.779653	0.728329	0.65727	0.578859	0.493532	0.403502	0.312567	0.233082	0.174203	0.124976	0.0888702	0.0886475	0.127461	0.196925	0.296955	0.423479	0.565212	0.698893	0.776181	0.75215	0.628523	0.443236	0.233821	0.0256108	-0.171097	-0.363895	-0.557648	-0.730394	-0.849082	-0.90355	
1.17347	1.16627	1.15022	1.11812	1.07722	1.02225	0.954641	0.873682	0.771491	0.66015	0.541951	0.40825	0.274213	0.147581	0.0250499	-0.090085	-0.194618	-0.274838	-0.341949	-0.406754	-0.456395	-0.486868	-0.507519	-0.532413	-0.555571	-0.574374	-0.579367	-0.573948	-0.581479	-0.604615	-0.628644	-0.635512	-0.628999	-0.609957	-0.595487	-0.60689	-0.662965	-0.747045	-0.837784	-0.914023	-0.959985	-0.952509	-0.868103	-0.711483	-0.500052	-0.259768	-0.00555258	0.251227	0.485214	0.668268	0.771963	0.79326	0.74644	0.664618	0.580965	0.518701	0.484244	0.488398	0.515539	0.554001	0.608397	0.663078	0.715065	0.761368	0.795925	0.815814	0.821468	0.813799	0.781642	0.732951	0.676287	0.601027	0.515438	0.431422	0.348325	0.267509	0.191735	0.131981	0.0920344	0.0584368	0.0374879	0.0501621	0.0955481	0.166648	0.266613	0.394146	0.54079	0.682581	0.7687	0.755212	0.644738	0.471588	0.269709	0.064296	-0.134817	-0.337198	-0.546884	-0.736974	-0.869204	-0.930771	
1.4587	1.43749	1.40641	1.35832	1.29234	1.20588	1.10781	0.996654	0.867069	0.737444	0.606188	0.464764	0.333764	0.215107	0.100187	-0.00161532	-0.0924813	-0.161729	-0.219	-0.280474	-0.322885	-0.350785	-0.374133	-0.400295	-0.428129	-0.445975	-0.452762	-0.449646	-0.462583	-0.489095	-0.510014	-0.514848	-0.502277	-0.48309	-0.466905	-0.484771	-0.541702	-0.625394	-0.708288	-0.774034	-0.805188	-0.778316	-0.672972	-0.500052	-0.273662	-0.0277141	0.233426	0.490329	0.718009	0.891957	0.981104	0.988896	0.934525	0.849507	0.763286	0.702384	0.668296	0.663831	0.679443	0.708822	0.748417	0.780287	0.804462	0.820719	0.824004	0.809095	0.779787	0.739142	0.678106	0.60834	0.535995	0.451847	0.367551	0.291975	0.221761	0.157018	0.0999959	0.0602284	0.0363449	0.0144179	0.00465348	0.0256922	0.0731033	0.14224	0.239468	0.3661	0.516144	0.66443	0.758343	0.75604	0.660624	0.501473	0.308305	0.106023	-0.0960118	-0.308781	-0.534782	-0.742319	-0.888509	-0.957742	
1.62125	1.59537	1.55425	1.48622	1.40079	1.30253	1.18935	1.06535	0.932298	0.799656	0.670934	0.539764	0.419724	0.317446	0.219316	0.131449	0.0585561	0.00207468	-0.0491257	-0.102	-0.140892	-0.163781	-0.19023	-0.217865	-0.246868	-0.264872	-0.270631	-0.27133	-0.289043	-0.317341	-0.335985	-0.336434	-0.321468	-0.300588	-0.288211	-0.312381	-0.374039	-0.458024	-0.535232	-0.59336	-0.611724	-0.56815	-0.447548	-0.259768	-0.0277141	0.222934	0.485791	0.737135	0.95952	1.11778	1.19036	1.18401	1.1167	1.02031	0.930072	0.861683	0.815445	0.803702	0.805946	0.814071	0.825473	0.826022	0.821509	0.806313	0.774577	0.729257	0.676126	0.613123	0.535765	0.460222	0.387124	0.308041	0.236534	0.176881	0.123519	0.0761099	0.0369106	0.0138479	0.00113841	-0.0134221	-0.0154987	0.0101286	0.0561129	0.120911	0.213771	0.338328	0.490538	0.643637	0.744316	0.754036	0.675745	0.532542	0.349347	0.150518	-0.0550565	-0.278947	-0.521262	-0.745885	-0.906199	-0.983616	
1.62729	1.60145	1.56212	1.49632	1.40889	1.3112	1.20406	1.08553	0.967448	0.856019	0.742742	0.634421	0.5387	0.455095	0.373699	0.30165	0.24145	0.194412	0.147877	0.0977718	0.0659463	0.0422706	0.0155396	-0.0145276	-0.0430364	-0.0594645	-0.0645476	-0.0685645	-0.0908619	-0.119992	-0.134896	-0.132215	-0.114604	-0.0948969	-0.0881131	-0.120694	-0.188734	-0.272375	-0.345694	-0.395396	-0.400725	-0.341617	-0.203393	-0.00555258	0.233426	0.485791	0.745221	0.990397	1.19694	1.33334	1.38318	1.35317	1.26624	1.1587	1.05676	0.97436	0.918708	0.886633	0.859051	0.840444	0.82368	0.796919	0.763069	0.718053	0.664172	0.600806	0.532922	0.462113	0.385884	0.317315	0.252879	0.187439	0.133992	0.0917323	0.0544747	0.0220465	-0.00279691	-0.0137751	-0.0201736	-0.0306995	-0.0275754	-0.000231271	0.0419437	0.101055	0.188691	0.310461	0.463616	0.619624	0.72602	0.748742	0.689679	0.56437	0.392454	0.197378	-0.0124402	-0.248052	-0.506227	-0.747063	-0.921355	-1.00738	
1.48907	1.46178	1.4296	1.37849	1.31092	1.23912	1.15875	1.0698	0.979893	0.89548	0.811801	0.730777	0.660236	0.598959	0.5366	0.479841	0.436391	0.39668	0.355364	0.31215	0.283849	0.264132	0.233225	0.205095	0.176208	0.163019	0.158245	0.149922	0.124075	0.0947878	0.084861	0.0899017	0.110167	0.12603	0.126879	0.0827694	0.010371	-0.074819	-0.14319	-0.185056	-0.179443	-0.10377	0.045185	0.251227	0.490329	0.737135	0.990397	1.21876	1.40529	1.51453	1.53509	1.47781	1.36978	1.2406	1.11937	1.01928	0.939005	0.881537	0.832669	0.79286	0.75059	0.697324	0.642843	0.584132	0.517854	0.448231	0.384179	0.318353	0.250326	0.196208	0.146682	0.0975321	0.0616133	0.0344881	0.00991511	-0.0114951	-0.0258268	-0.0290392	-0.0330404	-0.0415458	-0.0347408	-0.00780282	0.0290535	0.0819038	0.163995	0.282502	0.43521	0.591951	0.703027	0.73982	0.70199	0.596412	0.437097	0.246042	0.0312302	-0.216491	-0.489556	-0.745181	-0.932944	-1.02785	
1.23051	1.21995	1.20412	1.17316	1.13146	1.09331	1.04721	0.991787	0.948063	0.903269	0.849856	0.804642	0.76198	0.722867	0.680141	0.639893	0.609817	0.581025	0.54344	0.510559	0.488611	0.471421	0.442071	0.415024	0.391102	0.380903	0.377616	0.36533	0.336173	0.310224	0.303277	0.313198	0.331049	0.344565	0.332724	0.278971	0.198277	0.112494	0.0475104	0.0110218	0.0288597	0.116332	0.274887	0.485214	0.718009	0.95952	1.19694	1.40529	1.56387	1.63591	1.62	1.52895	1.38963	1.23655	1.0979	0.976036	0.880991	0.808031	0.738364	0.679053	0.616954	0.553998	0.49575	0.431744	0.367449	0.30716	0.250692	0.19386	0.143842	0.107498	0.0702958	0.0360094	0.0154337	-0.000913398	-0.0172211	-0.030998	-0.0379176	-0.0370794	-0.0413775	-0.0485455	-0.0389368	-0.0140713	0.0166306	0.0632199	0.139802	0.25464	0.405214	0.560287	0.675107	0.727061	0.712207	0.627984	0.482558	0.295759	0.0752351	-0.184666	-0.471091	-0.73952	-0.939827	-1.04364	
0.931186	0.925259	0.923373	0.918347	0.905876	0.897503	0.888621	0.871263	0.858939	0.84875	0.826975	0.814809	0.803	0.785495	0.766398	0.746097	0.734483	0.716073	0.689765	0.667804	0.656807	0.642381	0.617727	0.594316	0.577665	0.571305	0.570236	0.552853	0.524088	0.50053	0.49992	0.510598	0.527797	0.533411	0.509016	0.442985	0.354124	0.268362	0.20387	0.174415	0.200768	0.298212	0.46238	0.668268	0.891957	1.11778	1.33334	1.51453	1.63591	1.66748	1.61432	1.48855	1.32437	1.15513	0.999409	0.865625	0.7605	0.671045	0.591902	0.528211	0.465243	0.405257	0.347447	0.289937	0.236274	0.186142	0.144421	0.104451	0.0696463	0.0452363	0.0195787	-0.00124193	-0.0117594	-0.0219808	-0.0328496	-0.041462	-0.0436391	-0.0415789	-0.0474529	-0.0530468	-0.0413657	-0.019957	0.00433728	0.0450902	0.116421	0.227109	0.373524	0.524429	0.642258	0.71038	0.719803	0.658235	0.527897	0.345571	0.11876	-0.152946	-0.45062	-0.729332	-0.940777	-1.0532	
0.641725	0.642829	0.646874	0.656334	0.665989	0.682654	0.696099	0.705645	0.724417	0.739529	0.745332	0.757109	0.767534	0.769611	0.77062	0.77045	0.77457	0.770221	0.75547	0.751122	0.749903	0.743425	0.724587	0.710408	0.701747	0.702723	0.701841	0.682986	0.654223	0.637705	0.640554	0.653483	0.665742	0.661954	0.621897	0.541905	0.445763	0.357006	0.293724	0.268496	0.301983	0.407863	0.571174	0.771963	0.981104	1.19036	1.38318	1.53509	1.62	1.61432	1.52525	1.37102	1.18891	1.00549	0.842965	0.706516	0.599628	0.511246	0.438406	0.380159	0.319637	0.265228	0.218748	0.1741	0.133305	0.100399	0.0721245	0.0407512	0.0197535	0.00772147	-0.0105208	-0.0230941	-0.0269897	-0.0335852	-0.0415992	-0.0469081	-0.0459611	-0.0446143	-0.0523979	-0.0557577	-0.0428305	-0.0260041	-0.00786246	0.027778	0.0942246	0.2001	0.340012	0.484356	0.604752	0.689818	0.724184	0.686133	0.571922	0.394291	0.160924	-0.121631	-0.427869	-0.713862	-0.93451	-1.0548	
0.391779	0.405483	0.414417	0.430759	0.450646	0.473608	0.499664	0.5256	0.559306	0.587755	0.607707	0.639646	0.665112	0.68114	0.698319	0.713853	0.731121	0.73723	0.735493	0.745692	0.755264	0.753341	0.744843	0.737789	0.741142	0.7459	0.747269	0.725238	0.700825	0.69086	0.697734	0.711264	0.716077	0.701895	0.642868	0.552271	0.44761	0.359404	0.297534	0.278175	0.322284	0.434353	0.599523	0.79326	0.988896	1.18401	1.35317	1.47781	1.52895	1.48855	1.37102	1.19876	1.00632	0.823396	0.66658	0.537391	0.440078	0.359704	0.296817	0.244361	0.193622	0.157257	0.124154	0.0908176	0.0635456	0.0412034	0.0207112	0.00216255	-0.00630125	-0.0152593	-0.0295278	-0.0337955	-0.0343616	-0.0407057	-0.0468317	-0.0491264	-0.0466139	-0.0476033	-0.0566445	-0.0569405	-0.0439377	-0.0325481	-0.019816	0.0116422	0.0735705	0.173679	0.304541	0.440293	0.563156	0.665512	0.724676	0.710457	0.613169	0.440508	0.200822	-0.0908986	-0.402493	-0.692369	-0.919709	-1.04658	
0.215818	0.223395	0.230659	0.248714	0.272412	0.299172	0.326827	0.357433	0.390786	0.422676	0.451948	0.487641	0.520778	0.540657	0.569117	0.595137	0.61827	0.631739	0.641066	0.661641	0.679057	0.679	0.680461	0.680484	0.693166	0.701393	0.701283	0.678604	0.659083	0.656674	0.666997	0.678597	0.676221	0.647865	0.572777	0.472278	0.363342	0.279032	0.220351	0.213295	0.268711	0.390917	0.559328	0.74644	0.934525	1.1167	1.26624	1.36978	1.38963	1.32437	1.18891	1.00632	0.816299	0.64354	0.496678	0.381764	0.298458	0.229604	0.180026	0.140834	0.107172	0.0824213	0.0560144	0.0333836	0.0167852	0.00486785	-0.00671823	-0.0189226	-0.0231978	-0.0294223	-0.0381693	-0.0383414	-0.0394108	-0.0452549	-0.0492698	-0.0496904	-0.0472254	-0.05103	-0.0599284	-0.0568488	-0.045329	-0.0397254	-0.0312041	-0.00293362	0.054705	0.147751	0.267021	0.392788	0.518321	0.637657	0.720519	0.729804	0.649898	0.482607	0.237573	-0.0607729	-0.37407	-0.664142	-0.895064	-1.02658	
0.0923674	0.102237	0.103677	0.120774	0.144489	0.161365	0.183372	0.215901	0.245482	0.269887	0.302589	0.333544	0.363207	0.387256	0.414944	0.446176	0.468476	0.483897	0.50214	0.527399	0.54612	0.548457	0.55429	0.563424	0.578716	0.590108	0.584147	0.563091	0.548827	0.55391	0.566177	0.573995	0.563646	0.519172	0.432036	0.322904	0.217619	0.137673	0.0906379	0.0984201	0.170763	0.306494	0.479328	0.664618	0.849507	1.02031	1.1587	1.2406	1.23655	1.15513	1.00549	0.823396	0.64354	0.482631	0.351358	0.256925	0.186708	0.131589	0.0998765	0.0713788	0.0458327	0.0287175	0.0121995	0.000646823	-0.00755928	-0.0150748	-0.0255079	-0.0316975	-0.0301247	-0.0366731	-0.0434552	-0.0406843	-0.0421299	-0.0480462	-0.050823	-0.0496847	-0.0481334	-0.054784	-0.0620865	-0.055933	-0.0475299	-0.0474318	-0.0416232	-0.0156252	0.0376935	0.122049	0.227496	0.342757	0.471333	0.606457	0.710879	0.742605	0.68011	0.518819	0.270382	-0.0310981	-0.342102	-0.628512	-0.859305	-0.992851	
0.0130604	0.0248678	0.0301168	0.0364061	0.0514356	0.0661639	0.0819222	0.107299	0.129188	0.145992	0.175759	0.202296	0.222869	0.244848	0.270433	0.296368	0.315266	0.328171	0.34945	0.374944	0.388489	0.391134	0.400435	0.413339	0.43084	0.438473	0.42826	0.407843	0.401192	0.411944	0.424101	0.427482	0.405919	0.347801	0.248842	0.138907	0.0391933	-0.0294342	-0.0608707	-0.0325483	0.0613728	0.212587	0.392515	0.580965	0.763286	0.930072	1.05676	1.11937	1.0979	0.999409	0.842965	0.66658	0.496678	0.351358	0.24162	0.163473	0.105439	0.0692972	0.0465828	0.0209472	0.00691763	-0.0002822	-0.0102378	-0.0177574	-0.0239273	-0.0285994	-0.0341402	-0.0350108	-0.0351471	-0.0432513	-0.0445475	-0.0405705	-0.0452934	-0.0507726	-0.0510972	-0.0490996	-0.0500769	-0.0588064	-0.0627909	-0.0546882	-0.0509878	-0.0553863	-0.0506296	-0.026225	0.0223549	0.096176	0.186255	0.291499	0.423405	0.57206	0.694866	0.747169	0.701605	0.547303	0.298596	-0.00154214	-0.306033	-0.584844	-0.811247	-0.943553	
-0.0249538	-0.0258514	-0.0221715	-0.0136657	-0.00240276	0.00628452	0.0156311	0.0318542	0.0448857	0.0557284	0.079452	0.0958763	0.110409	0.128746	0.149777	0.171553	0.181661	0.193997	0.215543	0.234789	0.242427	0.242512	0.253619	0.267832	0.281336	0.284453	0.266507	0.250732	0.249926	0.265047	0.275192	0.271066	0.239057	0.165764	0.0618466	-0.0462028	-0.1335	-0.187442	-0.197615	-0.144337	-0.0263062	0.140173	0.329796	0.518701	0.702384	0.861683	0.97436	1.01928	0.976036	0.865625	0.706516	0.537391	0.381764	0.256925	0.163473	0.0982567	0.055451	0.0274834	0.00738279	-0.00702383	-0.0104085	-0.0164991	-0.0259658	-0.0301218	-0.0307327	-0.0333618	-0.0391264	-0.0382337	-0.0387627	-0.0453733	-0.0439586	-0.042552	-0.0485562	-0.0514868	-0.0505646	-0.0495143	-0.0532576	-0.0620936	-0.0619284	-0.0540342	-0.0559567	-0.0630285	-0.0578059	-0.0347524	0.00822208	0.0697046	0.143952	0.240629	0.375736	0.534513	0.67157	0.741737	0.712083	0.566272	0.321748	0.0283693	-0.265259	-0.532525	-0.749825	-0.877082	
-0.0468007	-0.0506442	-0.0485995	-0.0434613	-0.0382323	-0.0366064	-0.025365	-0.0119468	-0.00881112	-0.00184167	0.0172799	0.0232571	0.0280518	0.0460715	0.0572634	0.0707037	0.0762255	0.0847599	0.106963	0.117741	0.117564	0.121075	0.129366	0.146721	0.152178	0.149723	0.127293	0.116231	0.123685	0.137862	0.146299	0.13008	0.0883139	-0.00106904	-0.103923	-0.208702	-0.277959	-0.317352	-0.301184	-0.223046	-0.081989	0.0989016	0.293978	0.484244	0.668296	0.815445	0.918708	0.939005	0.880991	0.7605	0.599628	0.440078	0.298458	0.186708	0.105439	0.055451	0.0191688	-0.000639478	-0.00983618	-0.0182861	-0.0217453	-0.0298203	-0.0345795	-0.0323567	-0.0338244	-0.0398177	-0.0413461	-0.0371316	-0.0419926	-0.0481222	-0.0434666	-0.0439105	-0.0506339	-0.0520702	-0.0505895	-0.0506396	-0.0568379	-0.0641765	-0.0601462	-0.0548144	-0.0621826	-0.0696576	-0.062937	-0.0415244	-0.00541345	0.0423476	0.101675	0.191931	0.329328	0.493725	0.640114	0.724567	0.709301	0.574147	0.339584	0.0591847	-0.219162	-0.470931	-0.674137	-0.792233	
-0.0654837	-0.065508	-0.0538929	-0.0573072	-0.0593649	-0.0533324	-0.0501166	-0.0491563	-0.0446947	-0.0360915	-0.0270436	-0.0226274	-0.0212108	-0.00660032	0.000670963	0.00291717	0.00581178	0.0136745	0.0274496	0.0322307	0.022441	0.0294673	0.0358478	0.0493267	0.0491002	0.0367285	0.0152679	0.00997534	0.0230172	0.0363694	0.0362101	0.0115214	-0.0472941	-0.143399	-0.247551	-0.33884	-0.392342	-0.410246	-0.366926	-0.261754	-0.0989269	0.0954168	0.292571	0.488398	0.663831	0.803702	0.886633	0.881537	0.808031	0.671045	0.511246	0.359704	0.229604	0.131589	0.0692972	0.0274834	-0.000639478	-0.00854269	-0.0207199	-0.0298215	-0.0312768	-0.0358967	-0.0342485	-0.034343	-0.0392267	-0.0412846	-0.0396815	-0.0400716	-0.0468706	-0.0465917	-0.041629	-0.0474229	-0.0534091	-0.0517482	-0.0501583	-0.0528194	-0.0609029	-0.064699	-0.0580593	-0.0576231	-0.0691033	-0.0746103	-0.0660697	-0.0471739	-0.0194004	0.0141474	0.0609486	0.147125	0.284824	0.449466	0.599697	0.69405	0.691291	0.56973	0.352057	0.0914307	-0.167131	-0.399406	-0.583492	-0.688362	
-0.0660539	-0.0747096	-0.0684621	-0.0674911	-0.069066	-0.0641658	-0.0592018	-0.0630109	-0.0627232	-0.0542173	-0.0581248	-0.0556199	-0.0522347	-0.0451203	-0.0399219	-0.0416131	-0.0409299	-0.029406	-0.0227332	-0.0261497	-0.0345525	-0.0290182	-0.0196726	-0.015427	-0.0203512	-0.0413242	-0.0588744	-0.056517	-0.0416868	-0.0314061	-0.0432171	-0.077812	-0.154182	-0.252576	-0.354982	-0.427665	-0.465641	-0.457827	-0.387718	-0.257277	-0.075196	0.12392	0.323567	0.515539	0.679443	0.805946	0.859051	0.832669	0.738364	0.591902	0.438406	0.296817	0.180026	0.0998765	0.0465828	0.00738279	-0.00983618	-0.0207199	-0.0345641	-0.0331388	-0.0318613	-0.035216	-0.0359201	-0.0390898	-0.0407469	-0.0419215	-0.0413163	-0.0420056	-0.0468574	-0.0450303	-0.044365	-0.0515677	-0.0532105	-0.0504538	-0.0513635	-0.0566758	-0.0640489	-0.0632207	-0.0569873	-0.0628497	-0.0756896	-0.077337	-0.067645	-0.0526548	-0.0345227	-0.0143301	0.0235955	0.107568	0.242372	0.401392	0.549653	0.648863	0.656624	0.552377	0.359291	0.125504	-0.108598	-0.317253	-0.477473	-0.565527	
-0.0678666	-0.0754773	-0.0750747	-0.0730971	-0.0756481	-0.0747489	-0.0691936	-0.0712994	-0.0746557	-0.0622169	-0.0680459	-0.0720169	-0.0648783	-0.0652688	-0.0652625	-0.0708875	-0.0691574	-0.0602621	-0.0587069	-0.0712185	-0.072878	-0.0682982	-0.0584106	-0.0620074	-0.0723013	-0.0969775	-0.106149	-0.0978028	-0.0815428	-0.0808587	-0.101889	-0.152969	-0.240558	-0.342048	-0.43479	-0.489856	-0.509802	-0.474801	-0.379948	-0.224872	-0.0306017	0.170597	0.37119	0.554001	0.708822	0.814071	0.840444	0.79286	0.679053	0.528211	0.380159	0.244361	0.140834	0.0713788	0.0209472	-0.00702383	-0.0182861	-0.0298215	-0.0331388	-0.0286204	-0.0345221	-0.040792	-0.0400714	-0.039506	-0.0415009	-0.0422938	-0.0396723	-0.0444348	-0.0497168	-0.0448623	-0.0461982	-0.0532623	-0.0526244	-0.0510019	-0.0539936	-0.0603868	-0.0652723	-0.0609577	-0.0583849	-0.0698206	-0.0806136	-0.0778216	-0.0685798	-0.0590635	-0.0512051	-0.0419059	-0.00854003	0.0739467	0.20158	0.349092	0.489502	0.588172	0.604711	0.522141	0.361518	0.161577	-0.0430776	-0.223773	-0.356014	-0.424588	
-0.0841509	-0.0713097	-0.0730628	-0.0740806	-0.0734723	-0.0746544	-0.0800808	-0.080774	-0.0774198	-0.0747345	-0.0794565	-0.0824672	-0.0718683	-0.0752031	-0.0793195	-0.0828406	-0.0787964	-0.073763	-0.080497	-0.0946223	-0.0924621	-0.0869897	-0.0836403	-0.092608	-0.110914	-0.132401	-0.134143	-0.119992	-0.108707	-0.118518	-0.151863	-0.219359	-0.314507	-0.414998	-0.491425	-0.529152	-0.525646	-0.463466	-0.342581	-0.165006	0.0353892	0.239628	0.435059	0.608397	0.748417	0.825473	0.82368	0.75059	0.616954	0.465243	0.319637	0.193622	0.107172	0.0458327	0.00691763	-0.0104085	-0.0217453	-0.0312768	-0.0318613	-0.0345221	-0.0440045	-0.0415672	-0.0355599	-0.0394563	-0.0432511	-0.0414031	-0.0430844	-0.0498534	-0.0471965	-0.0424947	-0.0505035	-0.0557418	-0.0519037	-0.0518499	-0.0570985	-0.0637394	-0.0649205	-0.0592434	-0.062677	-0.0771313	-0.0829699	-0.0767216	-0.0700671	-0.0673762	-0.069261	-0.0668675	-0.0339958	0.0460469	0.161558	0.292139	0.419019	0.511873	0.536074	0.479849	0.359017	0.199545	0.0297865	-0.118362	-0.219494	-0.267241	
-0.0815598	-0.0692206	-0.0811642	-0.0842405	-0.0778499	-0.0759229	-0.0796336	-0.0795864	-0.0747257	-0.0840276	-0.087146	-0.083688	-0.0817324	-0.0862955	-0.0920568	-0.0912508	-0.0855704	-0.0856889	-0.0976407	-0.106142	-0.100454	-0.0944985	-0.0991374	-0.111866	-0.134961	-0.148519	-0.142379	-0.126331	-0.124241	-0.145969	-0.194032	-0.275771	-0.375188	-0.468132	-0.525506	-0.544742	-0.514634	-0.427399	-0.279647	-0.0886346	0.1151	0.316577	0.502184	0.663078	0.780287	0.826022	0.796919	0.697324	0.553998	0.405257	0.265228	0.157257	0.0824213	0.0287175	-0.0002822	-0.0164991	-0.0298203	-0.0358967	-0.035216	-0.040792	-0.0415672	-0.0329271	-0.0376678	-0.0463036	-0.0443425	-0.0423252	-0.0459303	-0.0478532	-0.0443455	-0.0474385	-0.0557068	-0.0542409	-0.0505435	-0.0545376	-0.0613906	-0.0658823	-0.0628951	-0.0594841	-0.069744	-0.0831009	-0.0824505	-0.0752532	-0.0733966	-0.0781689	-0.0877037	-0.0872523	-0.0521453	0.0226591	0.121059	0.230141	0.338327	0.420856	0.452541	0.427104	0.352075	0.239047	0.110151	-0.00070903	-0.0688595	-0.0959597	
-0.0740445	-0.0810904	-0.0848737	-0.081653	-0.0796255	-0.0800498	-0.0843068	-0.0841226	-0.0784902	-0.0864018	-0.08754	-0.0815633	-0.0865359	-0.0928262	-0.0957375	-0.0948491	-0.0902804	-0.0976786	-0.111993	-0.112344	-0.105587	-0.103705	-0.114325	-0.132184	-0.152521	-0.157714	-0.143226	-0.132184	-0.141162	-0.176672	-0.240165	-0.332292	-0.431761	-0.509444	-0.548264	-0.544091	-0.488967	-0.37384	-0.204559	-0.00441038	0.199218	0.39452	0.569393	0.715065	0.804462	0.821509	0.763069	0.642843	0.49575	0.347447	0.218748	0.124154	0.0560144	0.0121995	-0.0102378	-0.0259658	-0.0345795	-0.0342485	-0.0359201	-0.0400714	-0.0355599	-0.0376678	-0.0483833	-0.0461297	-0.0399884	-0.0422	-0.0477171	-0.049134	-0.0468236	-0.0511036	-0.0557539	-0.0523314	-0.0522954	-0.0590119	-0.0649499	-0.0654635	-0.0607224	-0.0634779	-0.0781666	-0.0858401	-0.0797485	-0.0751677	-0.079629	-0.0912428	-0.104756	-0.101372	-0.0635878	0.00169075	0.0786655	0.16279	0.248055	0.317243	0.357306	0.36619	0.341023	0.279554	0.197868	0.12894	0.0942595	0.0861536	
-0.080991	-0.0882221	-0.0802764	-0.0739039	-0.0811649	-0.0884937	-0.0874071	-0.0827486	-0.0840855	-0.0923439	-0.0883989	-0.0843233	-0.0912249	-0.0970531	-0.0969089	-0.0929397	-0.0952321	-0.106545	-0.118499	-0.11145	-0.106808	-0.112708	-0.128018	-0.148431	-0.163008	-0.157333	-0.142031	-0.138842	-0.163625	-0.211908	-0.291359	-0.388297	-0.481079	-0.539129	-0.556664	-0.527594	-0.445226	-0.303052	-0.116837	0.0882805	0.288194	0.475011	0.637328	0.761368	0.820719	0.806313	0.718053	0.584132	0.431744	0.289937	0.1741	0.0908176	0.0333836	0.000646823	-0.0177574	-0.0301218	-0.0323567	-0.034343	-0.0390898	-0.039506	-0.0394563	-0.0463036	-0.0461297	-0.0383675	-0.0406211	-0.0489913	-0.052223	-0.0473186	-0.0458158	-0.054764	-0.0568638	-0.0516122	-0.0554138	-0.0637067	-0.0664351	-0.0632072	-0.0612338	-0.0712635	-0.0849481	-0.0845683	-0.0769477	-0.0781827	-0.0890598	-0.105427	-0.118218	-0.10846	-0.0703099	-0.0195191	0.0329945	0.0899325	0.149543	0.204539	0.254775	0.29993	0.326358	0.320539	0.292349	0.26946	0.267446	0.275587	
-0.0862893	-0.0839887	-0.0795375	-0.0829886	-0.0882082	-0.0890989	-0.0805103	-0.0824044	-0.0947939	-0.0942333	-0.0866264	-0.0901766	-0.100074	-0.0990369	-0.0976844	-0.0933961	-0.102973	-0.115703	-0.117423	-0.108811	-0.109326	-0.122514	-0.141249	-0.158857	-0.165452	-0.150552	-0.140932	-0.150621	-0.190897	-0.253823	-0.344433	-0.441633	-0.518818	-0.55594	-0.548361	-0.494744	-0.381876	-0.218203	-0.0180647	0.184488	0.379397	0.553344	0.700057	0.795925	0.824004	0.774577	0.664172	0.517854	0.367449	0.236274	0.133305	0.0635456	0.0167852	-0.00755928	-0.0239273	-0.0307327	-0.0338244	-0.0392267	-0.0407469	-0.0415009	-0.0432511	-0.0443425	-0.0399884	-0.0406211	-0.0500619	-0.0528334	-0.0467201	-0.0437716	-0.0529503	-0.0602355	-0.0531963	-0.051352	-0.0617858	-0.0673314	-0.0647585	-0.0617294	-0.0663382	-0.0801808	-0.0874374	-0.0807767	-0.076685	-0.0851159	-0.101	-0.11874	-0.1261	-0.109238	-0.0755232	-0.0437576	-0.0171351	0.0117146	0.045088	0.087582	0.150224	0.231532	0.308962	0.361643	0.392389	0.418544	0.447435	0.46866	
-0.0838484	-0.0847733	-0.0855629	-0.0944911	-0.0893754	-0.0818795	-0.0843018	-0.090623	-0.0960032	-0.0869376	-0.0886939	-0.0993205	-0.104392	-0.0999331	-0.098471	-0.102424	-0.11322	-0.122976	-0.114039	-0.109561	-0.117565	-0.134915	-0.152985	-0.165089	-0.159535	-0.144238	-0.142899	-0.171404	-0.223707	-0.302629	-0.397535	-0.488048	-0.544063	-0.557207	-0.525197	-0.442971	-0.303835	-0.120554	0.0839308	0.281551	0.466549	0.625705	0.750894	0.815814	0.809095	0.729257	0.600806	0.448231	0.30716	0.186142	0.100399	0.0412034	0.00486785	-0.0150748	-0.0285994	-0.0333618	-0.0398177	-0.0412846	-0.0419215	-0.0422938	-0.0414031	-0.0423252	-0.0422	-0.0489913	-0.0528334	-0.0460474	-0.0442207	-0.0523995	-0.0599115	-0.0553671	-0.0497915	-0.0587827	-0.0679448	-0.0658827	-0.0624903	-0.0645273	-0.0746592	-0.0864684	-0.0854585	-0.0775429	-0.0807927	-0.0956352	-0.113892	-0.128748	-0.127411	-0.106225	-0.0831646	-0.0734705	-0.0725585	-0.0711824	-0.0618649	-0.0277396	0.0493002	0.16448	0.290348	0.402809	0.496016	0.572522	0.630138	0.661713	
