0.057041	0.11728	0.257962	0.497579	0.817394	1.14613	1.40103	1.54739	1.58363	1.48537	1.23879	0.882372	0.449358	-0.0248097	-0.475806	-0.859387	-1.12995	-1.25867	-1.24099	-1.10245	-0.887159	-0.67861	-0.538905	-0.504097	-0.509417	-0.492071	-0.430357	-0.397625	-0.425188	-0.407815	-0.394806	-0.425778	-0.407934	-0.406279	-0.473319	-0.505101	-0.507991	-0.512344	-0.6126	-0.79785	-1.02259	-1.19698	-1.26995	-1.19699	-0.985418	-0.637388	-0.211871	0.260585	0.717832	1.10601	1.40362	1.56294	1.57519	1.47252	1.26078	0.953095	0.618421	0.340918	0.160014	0.0644449	0.0224857	0.00686242	0.00184831	0.000442878	9.50854e-05	1.84086e-05	3.2319e-06	5.17142e-07	7.57587e-08	1.02021e-08	1.26756e-09	1.45787e-10	1.55688e-11	1.54804e-12	1.43685e-13	1.24785e-14	1.01619e-15	7.7756e-17	5.60077e-18	3.80432e-19	2.44079e-20	1.48141e-21	8.51795e-23	4.64617e-24	2.40718e-25	1.18603e-26	5.56355e-28	2.48737e-29	1.06097e-30	4.32175e-32	1.6827e-33	6.26792e-35	2.23547e-36	7.63987e-38	2.50381e-39	7.87458e-41	2.37828e-42	6.90223e-44	1.92615e-45	5.30496e-47	
0.0489528	0.103055	0.232012	0.45774	0.768785	1.10028	1.36806	1.53113	1.58766	1.51588	1.29624	0.961882	0.546288	0.0807729	-0.373585	-0.773438	-1.07047	-1.24057	-1.26674	-1.1619	-0.968643	-0.752418	-0.581782	-0.509122	-0.508401	-0.528675	-0.492039	-0.453052	-0.440607	-0.437479	-0.437708	-0.438385	-0.445434	-0.473319	-0.520403	-0.519355	-0.501165	-0.542498	-0.672769	-0.883421	-1.0897	-1.24045	-1.26733	-1.15455	-0.908308	-0.53988	-0.107714	0.363416	0.805196	1.1727	1.44549	1.57669	1.5663	1.44621	1.21928	0.903965	0.57397	0.309476	0.14213	0.0560528	0.0191671	0.00573731	0.00151667	0.00035691	7.52975e-05	1.43313e-05	2.47459e-06	3.8958e-07	5.61704e-08	7.44703e-09	9.11179e-10	1.0323e-10	1.08616e-11	1.06432e-12	9.73727e-14	8.33696e-15	6.69456e-16	5.05187e-17	3.58928e-18	2.40517e-19	1.52255e-20	9.11898e-22	5.17478e-23	2.78607e-24	1.42494e-25	6.93145e-27	3.21044e-28	1.41736e-29	5.97055e-31	2.40204e-32	9.23792e-34	3.39917e-35	1.19766e-36	4.04388e-38	1.30946e-39	4.06933e-41	1.21448e-42	3.48317e-44	9.6063e-46	2.61412e-47	
0.0401583	0.0870967	0.20191	0.409896	0.708165	1.04068	1.32302	1.50623	1.58694	1.54726	1.36173	1.05674	0.66509	0.2118	-0.24067	-0.655476	-0.987135	-1.19639	-1.27667	-1.22132	-1.07208	-0.859804	-0.668692	-0.539068	-0.504147	-0.516202	-0.513783	-0.490725	-0.472665	-0.476392	-0.478018	-0.471053	-0.48302	-0.505101	-0.519355	-0.506738	-0.51475	-0.607344	-0.777613	-0.991072	-1.17114	-1.26998	-1.24355	-1.08779	-0.799696	-0.413574	0.026271	0.49078	0.908936	1.25046	1.49136	1.58754	1.5503	1.40919	1.16426	0.841688	0.519821	0.272502	0.121752	0.0467594	0.0155875	0.00455323	0.00117569	0.00027046	5.5819e-05	1.03998e-05	1.75883e-06	2.71348e-07	3.83573e-08	4.98791e-09	5.98829e-10	6.6592e-11	6.87977e-12	6.62137e-13	5.95161e-14	5.00775e-15	3.9528e-16	2.93282e-17	2.04922e-18	1.35072e-19	8.41235e-21	4.95794e-22	2.76907e-23	1.46756e-24	7.38978e-26	3.53963e-27	1.61458e-28	7.02103e-30	2.9135e-31	1.15483e-32	4.37623e-34	1.58686e-35	5.51043e-37	1.83393e-38	5.85397e-40	1.79349e-41	5.27743e-43	1.49246e-44	4.05893e-46	1.08892e-47	
0.0313833	0.0705517	0.169404	0.356003	0.63667	0.966795	1.26395	1.47	1.57786	1.5751	1.43033	1.16069	0.80245	0.369615	-0.0812003	-0.503646	-0.865964	-1.12025	-1.2616	-1.26929	-1.17073	-0.994336	-0.798877	-0.629103	-0.533788	-0.502523	-0.505924	-0.504532	-0.487906	-0.49023	-0.493879	-0.486499	-0.497923	-0.507991	-0.501165	-0.51475	-0.581135	-0.72548	-0.915037	-1.10773	-1.24004	-1.28107	-1.19078	-0.981678	-0.658452	-0.254994	0.188857	0.636134	1.02549	1.33563	1.5358	1.59122	1.52437	1.35914	1.09448	0.766798	0.457765	0.231907	0.100221	0.0372774	0.0120512	0.00341827	0.000858053	0.000192092	3.8617e-05	7.01408e-06	1.15731e-06	1.74309e-07	2.40702e-08	3.05938e-09	3.5919e-10	3.90803e-11	3.952e-12	3.72458e-13	3.27957e-14	2.70418e-15	2.09244e-16	1.5224e-17	1.04342e-18	6.74814e-20	4.12479e-21	2.38651e-22	1.30881e-23	6.81271e-25	3.37002e-26	1.58608e-27	7.1102e-29	3.03919e-30	1.2399e-31	4.83256e-33	1.80103e-34	6.42374e-36	2.19447e-37	7.18594e-39	2.25719e-40	6.80599e-42	1.97125e-43	5.48783e-45	1.4694e-46	3.88007e-48	
0.023268	0.0545431	0.136422	0.298542	0.556205	0.878633	1.18899	1.41968	1.55633	1.59358	1.49733	1.26919	0.948864	0.548499	0.109009	-0.31698	-0.705436	-1.00493	-1.20126	-1.27865	-1.25178	-1.13169	-0.964714	-0.786464	-0.649155	-0.561213	-0.523822	-0.50051	-0.488024	-0.484478	-0.482182	-0.484656	-0.496415	-0.512344	-0.542498	-0.607344	-0.72548	-0.892228	-1.06827	-1.21288	-1.28004	-1.24604	-1.09644	-0.837833	-0.479088	-0.0649426	0.373371	0.79681	1.15127	1.42085	1.57217	1.58377	1.48559	1.29352	1.00904	0.680626	0.390254	0.1899	0.0789226	0.0282764	0.00881989	0.00241752	0.000587263	0.000127393	2.48446e-05	4.38226e-06	7.02844e-07	1.02988e-07	1.38466e-08	1.71476e-09	1.96285e-10	2.08344e-11	2.05657e-12	1.89294e-13	1.62863e-14	1.31277e-15	9.93439e-17	7.07176e-18	4.74388e-19	3.00397e-20	1.79844e-21	1.01949e-22	5.47966e-24	2.79628e-25	1.35643e-26	6.26199e-28	2.75421e-29	1.15533e-30	4.62667e-32	1.77046e-33	6.47961e-35	2.26997e-36	7.61814e-38	2.45114e-39	7.5665e-41	2.24249e-42	6.38504e-44	1.74771e-45	4.60172e-47	1.19459e-48	
0.016288	0.0400426	0.104896	0.240432	0.469633	0.777179	1.09658	1.35264	1.51907	1.59629	1.55421	1.37696	1.10041	0.74067	0.322093	-0.0989447	-0.500368	-0.837539	-1.0903	-1.24208	-1.28385	-1.23953	-1.12391	-0.976432	-0.828795	-0.709697	-0.633423	-0.587536	-0.55903	-0.543784	-0.54126	-0.55021	-0.57471	-0.6126	-0.672769	-0.777613	-0.915037	-1.06827	-1.19892	-1.27737	-1.26965	-1.16583	-0.948955	-0.645105	-0.264395	0.152733	0.577633	0.966245	1.27694	1.4981	1.59497	1.56143	1.43056	1.20987	0.908004	0.58558	0.320365	0.148823	0.0591437	0.0203032	0.00608017	0.0016031	0.000375241	7.85581e-05	1.48068e-05	2.52734e-06	3.92702e-07	5.58064e-08	7.28364e-09	8.76393e-10	9.75494e-11	1.00759e-11	9.68527e-13	8.68659e-14	7.28689e-15	5.73002e-16	4.2324e-17	2.94215e-18	1.92826e-19	1.19346e-20	6.98672e-22	3.87428e-23	2.03778e-24	1.01796e-25	4.83546e-27	2.18665e-28	9.42372e-30	3.87448e-31	1.52116e-32	5.7083e-34	2.04922e-35	7.04338e-37	2.31969e-38	7.32592e-40	2.22019e-41	6.46118e-43	1.80681e-44	4.85807e-46	1.2567e-47	3.20435e-49	
0.0107068	0.0277556	0.0765427	0.184792	0.380813	0.664895	0.98596	1.26607	1.46332	1.57869	1.59234	1.4742	1.24818	0.938564	0.554697	0.147908	-0.255764	-0.62363	-0.916764	-1.13127	-1.2526	-1.28633	-1.24506	-1.15278	-1.03777	-0.923768	-0.830725	-0.759139	-0.717456	-0.69414	-0.689683	-0.706361	-0.740833	-0.79785	-0.883421	-0.991072	-1.10773	-1.21288	-1.27737	-1.27585	-1.19097	-1.01282	-0.74923	-0.410677	-0.0139165	0.392683	0.790922	1.13436	1.39468	1.56017	1.59834	1.52005	1.35589	1.10655	0.792846	0.485279	0.251633	0.110921	0.0419203	0.0137193	0.00392634	0.000991565	0.00022277	4.48465e-05	8.14175e-06	1.34058e-06	2.01215e-07	2.7656e-08	3.49504e-09	4.07615e-10	4.40189e-11	4.4151e-12	4.12446e-13	3.59773e-14	2.93731e-15	2.24945e-16	1.61915e-17	1.09747e-18	7.01705e-20	4.23917e-21	2.42345e-22	1.31291e-23	6.74948e-25	3.29676e-26	1.53181e-27	6.77813e-29	2.85935e-30	1.1511e-31	4.42653e-33	1.62746e-34	5.72573e-36	1.9292e-37	6.23e-39	1.92969e-40	5.73698e-42	1.6382e-43	4.49595e-45	1.18662e-46	3.01371e-48	7.54276e-50	
0.00656981	0.0180484	0.0526436	0.134573	0.294356	0.546084	0.85816	1.1575	1.38611	1.53731	1.60436	1.55167	1.38303	1.12954	0.794223	0.413473	0.0243551	-0.353738	-0.684359	-0.953417	-1.13666	-1.24878	-1.28114	-1.26237	-1.1987	-1.12299	-1.04727	-0.986384	-0.942742	-0.916864	-0.914663	-0.929483	-0.966338	-1.02259	-1.0897	-1.17114	-1.24004	-1.28004	-1.26965	-1.19097	-1.03613	-0.801352	-0.49268	-0.130498	0.258014	0.643733	1.00454	1.2917	1.49557	1.59861	1.57659	1.45611	1.25882	0.98334	0.666923	0.384473	0.187709	0.0780615	0.0279121	0.00866859	0.00236106	0.000568972	0.000122269	2.35946e-05	4.11401e-06	6.51718e-07	9.42598e-08	1.25018e-08	1.52657e-09	1.7223e-10	1.80121e-11	1.75132e-12	1.58741e-13	1.34469e-14	1.06698e-15	7.94724e-17	5.56746e-18	3.67514e-19	2.28986e-20	1.34881e-21	7.52231e-23	3.97757e-24	1.99673e-25	9.52792e-27	4.32672e-28	1.87189e-29	7.72355e-31	3.04226e-32	1.14506e-33	4.12188e-35	1.42025e-36	4.68802e-38	1.48354e-39	4.50411e-41	1.31287e-42	3.67645e-44	9.89698e-46	2.56275e-47	6.38702e-49	1.56831e-50	
0.00373965	0.010934	0.0338707	0.0921188	0.215071	0.426829	0.716834	1.02582	1.2845	1.46977	1.58432	1.59903	1.49546	1.30261	1.02801	0.688241	0.324056	-0.0506082	-0.390759	-0.693861	-0.936995	-1.11154	-1.22188	-1.27198	-1.27753	-1.25478	-1.21349	-1.17489	-1.14448	-1.12355	-1.12225	-1.13715	-1.15899	-1.19698	-1.24045	-1.26998	-1.28107	-1.24604	-1.16583	-1.01282	-0.801352	-0.516266	-0.191962	0.172991	0.544879	0.89754	1.20281	1.42727	1.57054	1.605	1.52548	1.36706	1.13753	0.842201	0.535723	0.288676	0.131873	0.0514662	0.0173318	0.00508764	0.00131413	0.000301231	6.17418e-05	1.13915e-05	1.90319e-06	2.89447e-07	4.02614e-08	5.14371e-09	6.05877e-10	6.60255e-11	6.67759e-12	6.28567e-13	5.52138e-14	4.53686e-15	3.49496e-16	2.52932e-17	1.72294e-18	1.10666e-19	6.71368e-21	3.85283e-22	2.09462e-23	1.08026e-24	5.29189e-26	2.46532e-27	1.09349e-28	4.62275e-30	1.86456e-31	7.18222e-33	2.64453e-34	9.31588e-36	3.14226e-37	1.01566e-38	3.1482e-40	9.36484e-42	2.6752e-43	7.34365e-45	1.93838e-46	4.9226e-48	1.20346e-49	2.8981e-51	
0.0019624	0.00612754	0.0202262	0.0587633	0.147161	0.31436	0.568795	0.872733	1.15597	1.37434	1.5291	1.60702	1.57465	1.44592	1.2399	0.954637	0.632907	0.286443	-0.0639462	-0.375332	-0.654529	-0.874246	-1.04542	-1.15745	-1.2278	-1.25936	-1.27011	-1.26874	-1.25871	-1.25365	-1.25321	-1.25511	-1.265	-1.26995	-1.26733	-1.24355	-1.19078	-1.09644	-0.948955	-0.74923	-0.49268	-0.191962	0.142487	0.498142	0.828282	1.13327	1.37322	1.53299	1.60849	1.57216	1.44345	1.25114	0.991884	0.688123	0.406719	0.203405	0.0864639	0.0315265	0.00996188	0.00275514	0.000673013	0.000146386	2.85557e-05	5.0276e-06	8.03441e-07	1.17126e-07	1.56462e-08	1.92299e-09	2.18242e-10	2.29472e-11	2.24212e-12	2.04138e-13	1.73629e-14	1.38281e-15	1.03344e-16	7.2619e-18	4.8069e-19	3.00247e-20	1.77252e-21	9.90507e-23	5.24675e-24	2.63796e-25	1.26047e-26	5.73053e-28	2.48164e-29	1.02476e-30	4.039e-32	1.52092e-33	5.47658e-35	1.88734e-36	6.22988e-38	1.97121e-39	5.98314e-41	1.7433e-42	4.8792e-44	1.31262e-45	3.3963e-47	8.45675e-49	2.02758e-50	4.78749e-52	
0.000943817	0.00315478	0.0111226	0.0346255	0.0933719	0.215795	0.423695	0.704242	0.999886	1.24942	1.43819	1.56906	1.61039	1.5488	1.41383	1.20044	0.921908	0.623954	0.302626	-0.0120612	-0.302539	-0.556816	-0.766133	-0.92932	-1.05022	-1.13104	-1.18291	-1.2123	-1.23078	-1.23872	-1.23764	-1.23294	-1.22136	-1.19699	-1.15455	-1.08779	-0.981678	-0.837833	-0.645105	-0.410677	-0.130498	0.172991	0.498142	0.804892	1.09324	1.33941	1.50346	1.59691	1.59865	1.49824	1.33104	1.10694	0.824803	0.529787	0.288473	0.133098	0.0524171	0.0177962	0.00526213	0.00136809	0.000315445	6.49979e-05	1.20498e-05	2.02192e-06	3.08719e-07	4.30963e-08	5.52386e-09	6.52585e-10	7.1307e-11	7.22933e-12	6.82001e-13	6.00261e-14	4.94102e-15	3.81231e-16	2.76282e-17	1.88428e-18	1.21156e-19	7.35652e-21	4.22482e-22	2.29818e-23	1.18576e-24	5.81041e-26	2.70732e-27	1.20086e-28	5.0762e-30	2.047e-31	7.88233e-33	2.90099e-34	1.02135e-35	3.44267e-37	1.11187e-38	3.44333e-40	1.02324e-41	2.91978e-43	8.0053e-45	2.11024e-46	5.35144e-48	1.3063e-49	3.07104e-51	7.10886e-53	
0.000413953	0.00148303	0.00559176	0.0186871	0.0543992	0.136514	0.292476	0.531365	0.819785	1.09378	1.31353	1.483	1.59184	1.60478	1.53323	1.40098	1.19333	0.935815	0.659569	0.371239	0.0926445	-0.168357	-0.397476	-0.592062	-0.747354	-0.869404	-0.95808	-1.01775	-1.05587	-1.07519	-1.07889	-1.06548	-1.03592	-0.985418	-0.908308	-0.799696	-0.658452	-0.479088	-0.264395	-0.0139165	0.258014	0.544879	0.828282	1.09324	1.3278	1.4888	1.58361	1.6091	1.53575	1.38637	1.18823	0.934618	0.644457	0.379057	0.188844	0.080038	0.0291195	0.00918683	0.00253803	0.000619544	0.000134701	2.62714e-05	4.62531e-06	7.3922e-07	1.07782e-07	1.4401e-08	1.77036e-09	2.00966e-10	2.11353e-11	2.06547e-12	1.88081e-13	1.59987e-14	1.27422e-15	9.5226e-17	6.69086e-18	4.4282e-19	2.76528e-20	1.63199e-21	9.11621e-23	4.82664e-24	2.4254e-25	1.15817e-26	5.26171e-28	2.27681e-29	9.39348e-31	3.6988e-32	1.39136e-33	5.00437e-35	1.72251e-36	5.67841e-38	1.79423e-39	5.43797e-41	1.58199e-42	4.42048e-44	1.18717e-45	3.06615e-47	7.62024e-49	1.82339e-50	4.203e-52	9.53728e-54	
0.000164921	0.000633352	0.00255438	0.00916925	0.0288431	0.0787309	0.184671	0.369063	0.626003	0.907914	1.15689	1.35507	1.51089	1.60148	1.60055	1.53093	1.40686	1.22095	0.994379	0.745876	0.492061	0.246364	0.019162	-0.183005	-0.353598	-0.493593	-0.60087	-0.682719	-0.734388	-0.762796	-0.768657	-0.749574	-0.707881	-0.637388	-0.53988	-0.413574	-0.254994	-0.0649426	0.152733	0.392683	0.643733	0.89754	1.13327	1.33941	1.4888	1.57814	1.61117	1.55736	1.42253	1.24134	1.01377	0.739791	0.465222	0.248487	0.112776	0.04381	0.0147077	0.00430901	0.00111186	0.000254772	5.22258e-05	9.64042e-06	1.61179e-06	2.45345e-07	3.41597e-08	4.36849e-09	5.15068e-10	5.61818e-11	5.68688e-12	5.35717e-13	4.70879e-14	3.87115e-15	2.98324e-16	2.15947e-17	1.47111e-18	9.44819e-20	5.73036e-21	3.28712e-22	1.786e-23	9.20386e-25	4.50443e-26	2.09612e-27	9.28522e-29	3.91957e-30	1.57833e-31	6.06858e-33	2.23001e-34	7.83855e-36	2.63774e-37	8.50428e-39	2.62893e-40	7.79769e-42	2.22073e-43	6.07643e-45	1.59845e-46	4.04483e-48	9.8515e-50	2.31069e-51	5.22212e-53	1.16159e-54	
5.95262e-05	0.000244843	0.00105542	0.00406686	0.0138168	0.0410174	0.105413	0.232427	0.436745	0.69925	0.966851	1.19397	1.37729	1.52216	1.60267	1.60263	1.54168	1.43127	1.27545	1.08672	0.87762	0.662686	0.453734	0.260468	0.0888184	-0.0572251	-0.173542	-0.261003	-0.321246	-0.353919	-0.358346	-0.33853	-0.288384	-0.211871	-0.107714	0.026271	0.188857	0.373371	0.577633	0.790922	1.00454	1.20281	1.37322	1.50346	1.58361	1.61117	1.56434	1.44079	1.27144	1.06372	0.809416	0.537601	0.305092	0.14732	0.0608246	0.0216563	0.00671204	0.00182741	0.000440711	9.48584e-05	1.83449e-05	3.20677e-06	5.09398e-07	7.38854e-08	9.82744e-09	1.20335e-09	1.36125e-10	1.42716e-11	1.39082e-12	1.26327e-13	1.07207e-14	8.52004e-16	6.35434e-17	4.45615e-18	2.94377e-19	1.83502e-20	1.08109e-21	6.02856e-23	3.18644e-24	1.59848e-25	7.62007e-27	3.45595e-28	1.49283e-29	6.14816e-31	2.41657e-32	9.0736e-34	3.25742e-35	1.11905e-36	3.68178e-38	1.16099e-39	3.51141e-41	1.01934e-42	2.84203e-44	7.61529e-46	1.96226e-47	4.8651e-49	1.16127e-50	2.66998e-52	5.91625e-54	1.29005e-55	
1.94382e-05	8.54981e-05	0.000393285	0.00162419	0.00594942	0.019174	0.0539087	0.131087	0.27358	0.487947	0.746546	0.998019	1.20865	1.38088	1.51699	1.59659	1.60882	1.5641	1.47394	1.34909	1.19937	1.03443	0.864246	0.69907	0.546709	0.412174	0.298111	0.211622	0.150738	0.117553	0.112581	0.134396	0.184939	0.260585	0.363416	0.49078	0.636134	0.79681	0.966245	1.13436	1.2917	1.42727	1.53299	1.59691	1.6091	1.55736	1.44079	1.28123	1.0876	0.85113	0.589196	0.351535	0.179194	0.0781912	0.0294068	0.00961392	0.00275606	0.000698519	0.000157698	3.19275e-05	5.83223e-06	9.66486e-07	1.46005e-07	2.01961e-08	2.56813e-09	3.01294e-10	3.272e-11	3.29907e-12	3.09687e-13	2.71337e-14	2.22417e-15	1.70939e-16	1.23425e-17	8.38813e-19	5.3751e-20	3.25294e-21	1.86208e-22	1.00965e-23	5.19264e-25	2.53627e-26	1.17791e-27	5.20753e-29	2.1939e-30	8.81675e-32	3.38316e-33	1.24066e-34	4.35189e-36	1.46135e-37	4.70133e-39	1.45012e-40	4.2915e-42	1.21937e-43	3.3286e-45	8.73488e-47	2.20485e-48	5.35642e-50	1.25308e-51	2.82433e-53	6.1363e-55	1.31171e-56	
5.7415e-06	2.6948e-05	0.000132001	0.000582921	0.00229611	0.0080097	0.0245575	0.065656	0.151921	0.30247	0.517429	0.766195	1.00318	1.2024	1.36589	1.4955	1.57973	1.61052	1.5906	1.52906	1.43726	1.32528	1.20177	1.07506	0.953677	0.844645	0.750298	0.675048	0.622256	0.59308	0.587837	0.608214	0.651414	0.717832	0.805196	0.908936	1.02549	1.15127	1.27694	1.39468	1.49557	1.57054	1.60849	1.59865	1.53575	1.42253	1.27144	1.0876	0.864945	0.615876	0.381919	0.203713	0.0933403	0.0369095	0.0126867	0.00382071	0.00101602	0.00024032	5.08987e-05	9.7114e-06	1.67838e-06	2.64043e-07	3.79818e-08	5.01592e-09	6.10376e-10	6.86712e-11	7.16499e-12	6.95258e-13	6.29062e-14	5.31984e-15	4.21429e-16	3.13378e-17	2.19159e-18	1.44403e-19	8.97937e-21	5.2777e-22	2.93638e-23	1.54863e-24	7.75197e-26	3.68757e-27	1.66891e-28	7.19395e-30	2.95658e-31	1.15965e-32	4.34495e-34	1.55649e-35	5.33549e-37	1.75153e-38	5.51073e-40	1.66289e-41	4.81591e-43	1.33951e-44	3.58044e-46	9.20269e-48	2.27579e-49	5.41784e-51	1.24231e-52	2.74512e-54	5.84838e-56	1.22567e-57	
1.53512e-06	7.66986e-06	3.99092e-05	0.000187946	0.000793576	0.00298533	0.00993882	0.029079	0.0742562	0.164509	0.315072	0.522464	0.757831	0.982657	1.17456	1.33213	1.45759	1.54726	1.5966	1.6053	1.57863	1.52496	1.45289	1.37005	1.28391	1.20237	1.13114	1.07275	1.03106	1.00779	1.00368	1.0195	1.05377	1.10601	1.1727	1.25046	1.33563	1.42085	1.4981	1.56017	1.59861	1.605	1.57216	1.49824	1.38637	1.24134	1.06372	0.85113	0.615876	0.392474	0.217045	0.103704	0.0429002	0.0154483	0.00487526	0.00135794	0.000336134	7.44192e-05	1.48243e-05	2.67137e-06	4.37626e-07	6.54679e-08	8.9802e-09	1.13369e-09	1.32169e-10	1.42743e-11	1.43223e-12	1.33861e-13	1.16827e-14	9.54251e-16	7.31018e-17	5.26248e-18	3.5665e-19	2.27943e-20	1.37606e-21	7.85831e-23	4.25119e-24	2.18153e-25	1.06322e-26	4.9273e-28	2.17373e-29	9.13845e-31	3.66474e-32	1.40324e-33	5.13489e-35	1.79726e-36	6.02185e-38	1.93296e-39	5.94859e-41	1.75634e-42	4.97853e-44	1.35572e-45	3.54883e-47	8.93512e-49	2.16502e-50	5.0513e-52	1.1354e-53	2.45989e-55	5.13939e-57	1.05607e-58	
3.72101e-07	1.97388e-06	1.08821e-05	5.44923e-05	0.0002458	0.000993167	0.00357348	0.0113794	0.0318748	0.0780991	0.166699	0.309635	0.502614	0.721564	0.935095	1.12234	1.27763	1.40206	1.4963	1.55974	1.59286	1.59888	1.58315	1.55158	1.50976	1.46364	1.41965	1.38202	1.35401	1.33802	1.33536	1.34597	1.36942	1.40362	1.44549	1.49136	1.5358	1.57217	1.59497	1.59834	1.57659	1.52548	1.44345	1.33104	1.18823	1.01377	0.809416	0.589196	0.381919	0.217045	0.107391	0.0462353	0.0173777	0.00573203	0.00166937	0.000431943	9.98956e-05	2.07674e-05	3.90141e-06	6.65546e-07	1.03559e-07	1.47578e-08	1.93335e-09	2.3364e-10	2.61281e-11	2.71179e-12	2.61915e-13	2.35995e-14	1.98832e-15	1.5698e-16	1.16371e-17	8.11515e-19	5.33284e-20	3.30781e-21	1.93958e-22	1.07668e-23	5.66588e-25	2.83012e-26	1.34345e-27	6.06758e-29	2.61008e-30	1.07049e-31	4.19011e-33	1.56668e-34	5.6005e-36	1.91571e-37	6.27525e-39	1.96998e-40	5.9311e-42	1.71376e-43	4.75544e-45	1.26804e-46	3.25112e-48	8.01947e-50	1.90418e-51	4.35461e-53	9.59594e-55	2.03861e-56	4.17728e-58	8.41706e-60	
8.19341e-08	4.60255e-07	2.6814e-06	1.42352e-05	6.83602e-05	0.000295472	0.00114349	0.00394099	0.0120305	0.0323662	0.0764327	0.158113	0.286916	0.459654	0.658372	0.858634	1.04119	1.19688	1.32397	1.42357	1.49731	1.54733	1.57681	1.58972	1.59009	1.58165	1.56853	1.55479	1.54332	1.53635	1.53519	1.53989	1.54982	1.56294	1.57669	1.58754	1.59122	1.58377	1.56143	1.52005	1.45611	1.36706	1.25114	1.10694	0.934618	0.739791	0.537601	0.351535	0.203713	0.103704	0.0462353	0.0180716	0.0062142	0.00188899	0.000510336	0.000123206	2.67219e-05	5.233e-06	9.29676e-07	1.50492e-07	2.22872e-08	3.031e-09	3.7984e-10	4.40032e-11	4.72625e-12	4.71936e-13	4.39217e-14	3.8188e-15	3.10866e-16	2.37413e-17	1.7043e-18	1.15205e-19	7.3452e-21	4.42409e-22	2.52099e-23	1.36096e-24	6.96976e-26	3.39016e-27	1.56805e-28	6.90427e-30	2.89699e-31	1.15951e-32	4.43115e-34	1.61829e-35	5.65281e-37	1.89014e-38	6.05452e-40	1.85927e-41	5.47753e-43	1.54918e-44	4.2089e-46	1.09914e-47	2.76065e-49	6.67245e-51	1.55277e-52	3.481e-54	7.52121e-56	1.56698e-57	3.14943e-59	6.22345e-61	
1.64284e-08	9.74733e-08	5.98559e-07	3.35921e-06	1.71166e-05	7.88318e-05	0.000326638	0.00121179	0.00400597	0.011748	0.0304488	0.0695866	0.140234	0.250085	0.397802	0.571503	0.753448	0.9272	1.08204	1.21319	1.31981	1.40316	1.46566	1.51052	1.5412	1.56087	1.57229	1.57818	1.58076	1.58165	1.58177	1.58128	1.57954	1.57519	1.5663	1.5503	1.52437	1.48559	1.43056	1.35589	1.25882	1.13753	0.991884	0.824803	0.644457	0.465222	0.305092	0.179194	0.0933403	0.0429002	0.0173777	0.0062142	0.00196835	0.000554648	0.000139697	3.16015e-05	6.451e-06	1.19372e-06	2.01088e-07	3.09602e-08	4.37285e-09	5.68547e-10	6.82646e-11	7.59173e-12	7.84147e-13	7.54184e-14	6.7704e-15	5.68557e-16	4.47564e-17	3.30903e-18	2.30195e-19	1.50932e-20	9.34222e-22	5.46706e-23	3.02906e-24	1.59108e-25	7.93325e-27	3.75927e-28	1.69488e-29	7.27813e-31	2.9798e-32	1.16428e-33	4.34539e-35	1.55052e-36	5.29375e-38	1.73073e-39	5.42252e-41	1.62926e-42	4.6978e-44	1.30076e-45	3.46076e-47	8.85272e-49	2.17852e-50	5.16014e-52	1.17709e-53	2.58713e-55	5.48151e-57	1.1201e-58	2.20842e-60	4.28017e-62	
3.00742e-09	1.88003e-08	1.2139e-07	7.18207e-07	3.87073e-06	1.89256e-05	8.35978e-05	0.000332169	0.00118219	0.00375346	0.010595	0.0265267	0.0588733	0.116053	0.204249	0.323772	0.467798	0.624607	0.781633	0.928745	1.05951	1.17087	1.26226	1.33484	1.3908	1.43275	1.4631	1.48399	1.49721	1.50402	1.50513	1.50067	1.49014	1.47252	1.44621	1.40919	1.35914	1.29352	1.20987	1.10655	0.98334	0.842201	0.688123	0.529787	0.379057	0.248487	0.14732	0.0781912	0.0369095	0.0154483	0.00573203	0.00188899	0.000554648	0.000145666	3.43624e-05	7.31251e-06	1.40976e-06	2.47225e-07	3.95899e-08	5.8104e-09	7.84222e-10	9.7649e-11	1.12508e-11	1.20279e-12	1.19622e-13	1.10942e-14	9.61648e-16	7.80713e-17	5.94807e-18	4.26062e-19	2.87431e-20	1.82922e-21	1.09986e-22	6.25707e-24	3.37257e-25	1.7245e-26	8.37547e-28	3.86809e-29	1.70059e-30	7.12467e-32	2.84723e-33	1.08636e-34	3.96105e-36	1.38132e-37	4.61078e-39	1.4743e-40	4.51906e-42	1.32881e-43	3.75077e-45	1.01694e-46	2.65008e-48	6.6414e-50	1.60155e-51	3.71824e-53	8.31514e-55	1.79206e-56	3.72383e-58	7.46411e-60	1.4438e-61	2.74483e-63	
5.04016e-10	3.31194e-09	2.24333e-08	1.39566e-07	7.93244e-07	4.10354e-06	1.92474e-05	8.15364e-05	0.000310753	0.00106164	0.00324087	0.00881998	0.021379	0.0462026	0.0893376	0.155545	0.246076	0.357663	0.483371	0.614661	0.743459	0.863433	0.97039	1.06214	1.13812	1.1989	1.24566	1.2797	1.30226	1.31425	1.31624	1.3083	1.29007	1.26078	1.21928	1.16426	1.09448	1.00904	0.908004	0.792846	0.666923	0.535723	0.406719	0.288473	0.188844	0.112776	0.0608246	0.0294068	0.0126867	0.00487526	0.00166937	0.000510336	0.000139697	3.43624e-05	7.62428e-06	1.53188e-06	2.79791e-07	4.66273e-08	7.11515e-09	9.97532e-10	1.28897e-10	1.53964e-11	1.70478e-12	1.75435e-13	1.682e-14	1.50586e-15	1.2616e-16	9.9108e-18	7.31406e-19	5.07971e-20	3.32561e-21	2.05558e-22	1.20134e-23	6.64773e-25	3.48758e-26	1.73683e-27	8.22026e-29	3.7016e-30	1.58756e-31	6.49147e-33	2.53303e-34	9.441e-36	3.36395e-37	1.14681e-38	3.74356e-40	1.17099e-41	3.51244e-43	1.01099e-44	2.79413e-46	7.41966e-48	1.89415e-49	4.65144e-51	1.09936e-52	2.50206e-54	5.4863e-56	1.15956e-57	2.36343e-59	4.64745e-61	8.82061e-63	1.64507e-64	
7.75433e-11	5.34438e-10	3.78941e-09	2.47309e-08	1.47832e-07	8.06611e-07	4.00308e-06	1.80053e-05	7.31377e-05	0.000267394	0.000877298	0.00257719	0.0067709	0.0159155	0.0335513	0.0637327	0.109857	0.173377	0.253076	0.34527	0.444736	0.545849	0.643485	0.733553	0.813165	0.880584	0.935	0.976206	1.00432	1.01956	1.0221	1.01196	0.989033	0.953095	0.903965	0.841688	0.766798	0.680626	0.58558	0.485279	0.384473	0.288676	0.203405	0.133098	0.080038	0.04381	0.0216563	0.00961392	0.00382071	0.00135794	0.000431943	0.000123206	3.16015e-05	7.31251e-06	1.53188e-06	2.91565e-07	5.05974e-08	8.0333e-09	1.17074e-09	1.57102e-10	1.9469e-11	2.23436e-12	2.38093e-13	2.36152e-14	2.18519e-15	1.89053e-16	1.53233e-17	1.16581e-18	8.34053e-20	5.62057e-21	3.5734e-22	2.14659e-23	1.22012e-24	6.57079e-26	3.357e-27	1.629e-28	7.51663e-30	3.30161e-31	1.38189e-32	5.51683e-34	2.10269e-35	7.65802e-37	2.66732e-38	8.89198e-40	2.83935e-41	8.69069e-43	2.55156e-44	7.19054e-46	1.94625e-47	5.06268e-49	1.26637e-50	3.04777e-52	7.06113e-54	1.57566e-55	3.3881e-57	7.02363e-59	1.40435e-60	2.70946e-62	5.04625e-64	9.23377e-66	
1.09819e-11	7.9225e-11	5.8686e-10	4.00893e-09	2.51406e-08	1.44274e-07	7.55156e-07	3.59313e-06	1.54903e-05	6.03166e-05	0.000211534	0.000666689	0.00188579	0.00478699	0.0109224	0.0224794	0.0419611	0.0715586	0.112446	0.164315	0.225348	0.292576	0.36243	0.431282	0.495842	0.553397	0.601897	0.639911	0.666516	0.681174	0.683628	0.673834	0.651961	0.618421	0.57397	0.519821	0.457765	0.390254	0.320365	0.251633	0.187709	0.131873	0.0864639	0.0524171	0.0291195	0.0147077	0.00671204	0.00275606	0.00101602	0.000336134	9.98956e-05	2.67219e-05	6.451e-06	1.40976e-06	2.79791e-07	5.05974e-08	8.36471e-09	1.2682e-09	1.76877e-10	2.276e-11	2.70953e-12	2.99211e-13	3.07253e-14	2.94078e-15	2.62923e-16	2.20034e-17	1.72699e-18	1.27357e-19	8.83975e-21	5.78421e-22	3.57356e-23	2.08757e-24	1.15467e-25	6.05504e-27	3.01402e-28	1.42579e-29	6.4168e-31	2.75039e-32	1.12386e-33	4.38216e-35	1.63196e-36	5.80963e-38	1.97862e-39	6.4519e-41	2.01581e-42	6.0389e-44	1.73582e-45	4.79043e-47	1.2701e-48	3.23704e-50	7.93518e-52	1.87197e-53	4.2521e-55	9.30433e-57	1.96225e-58	3.99032e-60	7.82782e-62	1.48196e-63	2.70876e-65	4.86355e-67	
1.43551e-12	1.08193e-11	8.35742e-11	5.96362e-10	3.91463e-09	2.3567e-08	1.29722e-07	6.50807e-07	2.9667e-06	1.22514e-05	4.57103e-05	0.000153746	0.000465496	0.00126816	0.0031116	0.00689392	0.0138511	0.025387	0.0427541	0.0666888	0.0971455	0.133222	0.173279	0.21519	0.25662	0.295284	0.329137	0.356493	0.376075	0.387017	0.388856	0.381515	0.365302	0.340918	0.309476	0.272502	0.231907	0.1899	0.148823	0.110921	0.0780615	0.0514662	0.0315265	0.0177962	0.00918683	0.00430901	0.00182741	0.000698519	0.00024032	7.44192e-05	2.07674e-05	5.233e-06	1.19372e-06	2.47225e-07	4.66273e-08	8.0333e-09	1.2682e-09	1.84002e-10	2.46065e-11	3.04137e-12	3.48352e-13	3.70661e-14	3.67254e-15	3.39585e-16	2.93652e-17	2.37945e-18	1.81003e-19	1.29487e-20	8.72604e-22	5.548e-23	3.33294e-24	1.89451e-25	1.02028e-26	5.21242e-28	2.52915e-29	1.16685e-30	5.12415e-32	2.14408e-33	8.55642e-35	3.25968e-36	1.18651e-37	4.12992e-39	1.37574e-40	4.38916e-42	1.34213e-43	3.93622e-45	1.10795e-46	2.995e-48	7.77984e-50	1.94309e-51	4.66883e-53	1.07981e-54	2.40507e-56	5.16142e-58	1.06775e-59	2.13025e-61	4.10049e-63	7.61844e-65	1.36677e-66	2.40823e-68	
1.73639e-13	1.36486e-12	1.09755e-11	8.16583e-11	5.59902e-10	3.52794e-09	2.03684e-08	1.0743e-07	5.16118e-07	2.2521e-06	8.90241e-06	3.18089e-05	0.00010257	0.000298277	0.000782581	0.00185585	0.00399118	0.0078216	0.0140524	0.0233066	0.0359476	0.051942	0.0708047	0.0916372	0.113236	0.134237	0.153266	0.169067	0.180606	0.187135	0.188236	0.18384	0.174226	0.160014	0.14213	0.121752	0.100221	0.0789226	0.0591437	0.0419203	0.0279121	0.0173318	0.00996188	0.00526213	0.00253803	0.00111186	0.000440711	0.000157698	5.08987e-05	1.48243e-05	3.90141e-06	9.29676e-07	2.01088e-07	3.95899e-08	7.11515e-09	1.17074e-09	1.76877e-10	2.46065e-11	3.1607e-12	3.75842e-13	4.14763e-14	4.25789e-15	4.07534e-16	3.64441e-17	3.0511e-18	2.39593e-19	1.76789e-20	1.22782e-21	8.03907e-23	4.96964e-24	2.90478e-25	1.60752e-26	8.43362e-28	4.19964e-29	1.98725e-30	8.94561e-32	3.83475e-33	1.56699e-34	6.10946e-36	2.27478e-37	8.09554e-39	2.75599e-40	8.98198e-42	2.80448e-43	8.39509e-45	2.41094e-46	6.6469e-48	1.76032e-49	4.48084e-51	1.09692e-52	2.58386e-54	5.85965e-56	1.27997e-57	2.69439e-59	5.46835e-61	1.07047e-62	2.02211e-64	3.68738e-66	6.49362e-68	1.12293e-69	
1.94835e-14	1.59462e-13	1.33286e-12	1.03218e-11	7.37864e-11	4.85585e-10	2.93365e-09	1.62245e-08	8.19081e-08	3.76425e-07	1.57078e-06	5.93847e-06	2.03057e-05	6.27375e-05	0.000175149	0.000442363	0.00101329	0.00211327	0.00403303	0.00708528	0.0115334	0.0175115	0.0249621	0.0336088	0.0429729	0.0524248	0.0612591	0.0687777	0.0743679	0.077567	0.0781085	0.075947	0.0712629	0.0644449	0.0560528	0.0467594	0.0372774	0.0282764	0.0203032	0.0137193	0.00866859	0.00508764	0.00275514	0.00136809	0.000619544	0.000254772	9.48584e-05	3.19275e-05	9.7114e-06	2.67137e-06	6.65546e-07	1.50492e-07	3.09602e-08	5.8104e-09	9.97532e-10	1.57102e-10	2.276e-11	3.04137e-12	3.75842e-13	4.30589e-14	4.58434e-15	4.54601e-16	4.20782e-17	3.64284e-18	2.95539e-19	2.251e-20	1.61238e-21	1.08793e-22	6.92543e-24	4.16522e-25	2.37015e-26	1.2777e-27	6.53341e-29	3.17264e-30	1.46473e-31	6.43597e-33	2.6942e-34	1.07554e-35	4.09824e-37	1.49186e-38	5.19251e-40	1.72939e-41	5.51576e-43	1.68589e-44	4.94157e-46	1.38996e-47	3.75419e-49	9.7425e-51	2.43062e-52	5.8331e-54	1.34725e-55	2.99629e-57	6.41979e-59	1.32576e-60	2.64002e-62	5.07154e-64	9.40245e-66	1.683e-67	2.90961e-69	4.93862e-71	
2.0328e-15	1.72976e-14	1.50064e-13	1.20771e-12	8.98557e-12	6.16432e-11	3.88882e-10	2.24986e-09	1.19045e-08	5.74544e-08	2.52288e-07	1.00568e-06	3.6327e-06	1.18766e-05	3.51317e-05	9.40889e-05	0.000228565	0.000505176	0.00102012	0.00189168	0.00323978	0.00515539	0.0076679	0.0107207	0.0141629	0.0177595	0.0212188	0.0242303	0.0265068	0.0278231	0.0280466	0.0271545	0.0252371	0.0224857	0.0191671	0.0155875	0.0120512	0.00881989	0.00608017	0.00392634	0.00236106	0.00131413	0.000673013	0.000315445	0.000134701	5.22258e-05	1.83449e-05	5.83223e-06	1.67838e-06	4.37626e-07	1.03559e-07	2.22872e-08	4.37285e-09	7.84222e-10	1.28897e-10	1.9469e-11	2.70953e-12	3.48352e-13	4.14763e-14	4.58434e-15	4.71457e-16	4.52107e-17	4.05108e-18	3.39846e-19	2.67412e-20	1.97712e-21	1.37581e-22	9.02496e-24	5.58909e-25	3.27236e-26	1.8138e-27	9.52966e-29	4.75173e-30	2.25118e-31	1.01445e-32	4.35267e-34	1.78001e-35	6.94443e-37	2.58694e-38	9.20969e-40	3.13592e-41	1.02208e-42	3.191e-44	9.54993e-46	2.74157e-47	7.55451e-49	1.99936e-50	5.08524e-52	1.2437e-53	2.92643e-55	6.62841e-57	1.44592e-58	3.03916e-60	6.15794e-62	1.20332e-63	2.2687e-65	4.12856e-67	7.25463e-69	1.23138e-70	2.05167e-72	
1.97653e-16	1.7462e-15	1.57026e-14	1.31146e-13	1.01394e-12	7.2385e-12	4.75926e-11	2.87432e-10	1.59031e-09	8.03973e-09	3.70453e-08	1.55228e-07	5.9038e-07	2.03525e-06	6.35541e-06	1.79806e-05	4.61475e-05	0.000107695	0.000229312	0.000447424	0.000803964	0.00133753	0.00207148	0.00300234	0.00409229	0.00526858	0.00643067	0.00746395	0.00825718	0.00872031	0.00879917	0.00848442	0.00781308	0.00686242	0.00573731	0.00455323	0.00341827	0.00241752	0.0016031	0.000991565	0.000568972	0.000301231	0.000146386	6.49979e-05	2.62714e-05	9.64042e-06	3.20677e-06	9.66486e-07	2.64043e-07	6.54679e-08	1.47578e-08	3.031e-09	5.68547e-10	9.7649e-11	1.53964e-11	2.23436e-12	2.99211e-13	3.70661e-14	4.25789e-15	4.54601e-16	4.52107e-17	4.197e-18	3.64408e-19	2.96491e-20	2.26458e-21	1.62651e-22	1.10033e-23	7.02171e-25	4.23303e-26	2.41405e-27	1.30404e-28	6.6808e-30	3.24987e-31	1.50276e-32	6.61249e-34	2.77159e-35	1.10764e-36	4.22454e-38	1.53902e-39	5.35994e-41	1.78596e-42	5.69783e-44	1.74177e-45	5.10523e-47	1.43573e-48	3.87651e-50	1.0055e-51	2.50696e-53	6.01152e-55	1.38714e-56	3.08164e-58	6.59446e-60	1.35993e-61	2.70392e-63	5.18556e-65	9.5963e-67	1.71431e-68	2.95748e-70	4.92901e-72	8.06235e-74	
1.79478e-17	1.64418e-16	1.5307e-15	1.32492e-14	1.06291e-13	7.88391e-13	5.39309e-12	3.39364e-11	1.95928e-10	1.03518e-09	4.99276e-09	2.19321e-08	8.75732e-08	3.17351e-07	1.04276e-06	3.10618e-06	8.39455e-06	2.06182e-05	4.61503e-05	9.44788e-05	0.000177664	0.000308336	0.000496305	0.000744527	0.00104571	0.00138084	0.00172041	0.00202845	0.00226839	0.00240977	0.00243391	0.00233758	0.00213358	0.00184831	0.00151667	0.00117569	0.000858053	0.000587263	0.000375241	0.00022277	0.000122269	6.17418e-05	2.85557e-05	1.20498e-05	4.62531e-06	1.61179e-06	5.09398e-07	1.46005e-07	3.79818e-08	8.9802e-09	1.93335e-09	3.7984e-10	6.82646e-11	1.12508e-11	1.70478e-12	2.38093e-13	3.07253e-14	3.67254e-15	4.07534e-16	4.20782e-17	4.05108e-18	3.64408e-19	3.06863e-20	2.42348e-21	1.79815e-22	1.25552e-23	8.26248e-25	5.13255e-26	3.01373e-27	1.67496e-28	8.82238e-30	4.40933e-31	2.09346e-32	9.45221e-34	4.06286e-35	1.66414e-36	6.50151e-38	2.42491e-39	8.64188e-41	2.94513e-42	9.6056e-44	3.00048e-45	8.98284e-47	2.57922e-48	7.10717e-50	1.88066e-51	4.78178e-53	1.16891e-54	2.74866e-56	6.22071e-58	1.35567e-59	2.84626e-61	5.7597e-63	1.12389e-64	2.11558e-66	3.84323e-68	6.74049e-70	1.14177e-71	1.8686e-73	3.00082e-75	
1.5251e-18	1.447e-17	1.39309e-16	1.24817e-15	1.03765e-14	7.98508e-14	5.67408e-13	3.7137e-12	2.2331e-11	1.23053e-10	6.19857e-10	2.84769e-09	1.19069e-08	4.52343e-08	1.55953e-07	4.87704e-07	1.38384e-06	3.56703e-06	8.37022e-06	1.79336e-05	3.52122e-05	6.36231e-05	0.000106255	0.000164747	0.000238162	0.000322264	0.000409568	0.000490287	0.000554047	0.000591944	0.000598433	0.000572546	0.000518104	0.000442878	0.00035691	0.00027046	0.000192092	0.000127393	7.85581e-05	4.48465e-05	2.35946e-05	1.13915e-05	5.0276e-06	2.02192e-06	7.3922e-07	2.45345e-07	7.38854e-08	2.01961e-08	5.01592e-09	1.13369e-09	2.3364e-10	4.40032e-11	7.59173e-12	1.20279e-12	1.75435e-13	2.36152e-14	2.94078e-15	3.39585e-16	3.64441e-17	3.64284e-18	3.39846e-19	2.96491e-20	2.42348e-21	1.85926e-22	1.34107e-23	9.10886e-25	5.83505e-26	3.53037e-27	2.02017e-28	1.09475e-29	5.62518e-31	2.74389e-32	1.27202e-33	5.61018e-35	2.35645e-36	9.43539e-38	3.60478e-39	1.31522e-40	4.58651e-42	1.52995e-43	4.88559e-45	1.49457e-46	4.38309e-48	1.2331e-49	3.33001e-51	8.63754e-53	2.1532e-54	5.16147e-56	1.19039e-57	2.64274e-59	5.65046e-61	1.16408e-62	2.3118e-64	4.42764e-66	8.18145e-68	1.45915e-69	2.51271e-71	4.1795e-73	6.71732e-75	1.0592e-76	
1.21503e-19	1.19267e-18	1.18617e-17	1.09886e-16	9.45507e-16	7.53879e-15	5.55666e-14	3.77686e-13	2.36137e-12	1.35462e-11	7.11255e-11	3.41004e-10	1.48966e-09	5.91853e-09	2.13566e-08	6.99352e-08	2.07809e-07	5.60724e-07	1.37606e-06	3.07866e-06	6.29887e-06	1.18278e-05	2.04634e-05	3.27516e-05	4.86815e-05	6.74465e-05	8.7383e-05	0.000106158	0.000121188	0.000130197	0.000131744	0.000125576	0.000112689	9.50854e-05	7.52975e-05	5.5819e-05	3.8617e-05	2.48446e-05	1.48068e-05	8.14175e-06	4.11401e-06	1.90319e-06	8.03441e-07	3.08719e-07	1.07782e-07	3.41597e-08	9.82744e-09	2.56813e-09	6.10376e-10	1.32169e-10	2.61281e-11	4.72625e-12	7.84147e-13	1.19622e-13	1.682e-14	2.18519e-15	2.62923e-16	2.93652e-17	3.0511e-18	2.95539e-19	2.67412e-20	2.26458e-21	1.79815e-22	1.34107e-23	9.40966e-25	6.22125e-26	3.88156e-27	2.28862e-28	1.27691e-29	6.75024e-31	3.38515e-32	1.61226e-33	7.30075e-35	3.14649e-36	1.29195e-37	5.05862e-39	1.89052e-40	6.74939e-42	2.30377e-43	7.52398e-45	2.35295e-46	7.05093e-48	2.02603e-49	5.58592e-51	1.47865e-52	3.76028e-54	9.1919e-56	2.16103e-57	4.88897e-59	1.06486e-60	2.23407e-62	4.5168e-64	8.8042e-66	1.65523e-67	3.0027e-69	5.25804e-71	8.89113e-73	1.45234e-74	2.29249e-76	3.54957e-78	
9.0921e-21	9.22387e-20	9.46754e-19	9.05921e-18	8.05876e-17	6.64946e-16	5.07719e-15	3.57872e-14	2.32286e-13	1.38493e-12	7.56597e-12	3.77833e-11	1.72095e-10	7.13535e-10	2.6888e-09	9.19877e-09	2.85587e-08	8.04843e-08	2.06119e-07	4.80574e-07	1.02269e-06	1.99251e-06	3.56631e-06	5.88515e-06	8.98592e-06	1.27379e-05	1.68145e-05	2.07223e-05	2.38918e-05	2.58072e-05	2.61369e-05	2.48225e-05	2.20941e-05	1.84086e-05	1.43313e-05	1.03998e-05	7.01408e-06	4.38226e-06	2.52734e-06	1.34058e-06	6.51718e-07	2.89447e-07	1.17126e-07	4.30963e-08	1.4401e-08	4.36849e-09	1.20335e-09	3.01294e-10	6.86712e-11	1.42743e-11	2.71179e-12	4.71936e-13	7.54184e-14	1.10942e-14	1.50586e-15	1.89053e-16	2.20034e-17	2.37945e-18	2.39593e-19	2.251e-20	1.97712e-21	1.62651e-22	1.25552e-23	9.10886e-25	6.22125e-26	4.00615e-27	2.43581e-28	1.40032e-29	7.62152e-31	3.93217e-32	1.92536e-33	8.95714e-35	3.96342e-36	1.66978e-37	6.70436e-39	2.56784e-40	9.39018e-42	3.28128e-43	1.09654e-44	3.50712e-46	1.07435e-47	3.15433e-49	8.88244e-51	2.40048e-52	6.22979e-54	1.55351e-55	3.72444e-57	8.58919e-59	1.90639e-60	4.07432e-62	8.38858e-64	1.6646e-65	3.185e-67	5.87853e-69	1.04704e-70	1.80035e-72	2.98961e-74	4.79609e-76	7.43576e-78	1.13061e-79	
