6.40129e-22	6.7054e-21	7.0967e-20	7.00724e-19	6.43773e-18	5.49094e-17	4.33796e-16	3.16674e-15	2.1309e-14	1.31844e-13	7.48215e-13	3.8852e-12	1.84173e-11	7.95356e-11	3.12365e-10	1.11418e-09	3.60674e-09	1.0595e-08	2.82607e-08	6.85422e-08	1.51463e-07	3.05736e-07	5.65412e-07	9.61028e-07	1.50609e-06	2.18295e-06	2.93451e-06	3.66751e-06	4.26962e-06	4.63639e-06	4.69972e-06	4.44747e-06	3.92714e-06	3.2319e-06	2.47459e-06	1.75883e-06	1.15731e-06	7.02844e-07	3.92702e-07	2.01215e-07	9.42598e-08	4.02614e-08	1.56462e-08	5.52386e-09	1.77036e-09	5.15068e-10	1.36125e-10	3.272e-11	7.16499e-12	1.43223e-12	2.61915e-13	4.39217e-14	6.7704e-15	9.61648e-16	1.2616e-16	1.53233e-17	1.72699e-18	1.81003e-19	1.76789e-20	1.61238e-21	1.37581e-22	1.10033e-23	8.26248e-25	5.83505e-26	3.88156e-27	2.43581e-28	1.44402e-29	8.09809e-31	4.30156e-32	2.16687e-33	1.03636e-34	4.7112e-36	2.03778e-37	8.39501e-39	3.29714e-40	1.23566e-41	4.42268e-43	1.51306e-44	4.95165e-46	1.55131e-47	4.65604e-49	1.33968e-50	3.69775e-52	9.79723e-54	2.49321e-55	6.09754e-57	1.43395e-58	3.24432e-60	7.06556e-62	1.48189e-63	2.99454e-65	5.83295e-67	1.09566e-68	1.98549e-70	3.47248e-72	5.86348e-74	9.56248e-76	1.50674e-77	2.29458e-79	3.42641e-81	
4.24715e-23	4.58966e-22	5.00448e-21	5.09449e-20	4.82923e-19	4.25345e-18	3.47297e-17	2.62261e-16	1.82719e-15	1.17159e-14	6.89661e-14	3.71788e-13	1.8312e-12	8.22261e-12	3.35961e-11	1.24712e-10	4.20165e-10	1.28419e-09	3.56151e-09	8.9708e-09	2.0554e-08	4.29286e-08	8.19351e-08	1.43306e-07	2.30334e-07	3.41157e-07	4.66835e-07	5.91492e-07	6.95166e-07	7.58815e-07	7.69835e-07	7.2597e-07	6.36034e-07	5.17142e-07	3.8958e-07	2.71348e-07	1.74309e-07	1.02988e-07	5.58064e-08	2.7656e-08	1.25018e-08	5.14371e-09	1.92299e-09	6.52585e-10	2.00966e-10	5.61818e-11	1.42716e-11	3.29907e-12	6.95258e-13	1.33861e-13	2.35995e-14	3.8188e-15	5.68557e-16	7.80713e-17	9.9108e-18	1.16581e-18	1.27357e-19	1.29487e-20	1.22782e-21	1.08793e-22	9.02496e-24	7.02171e-25	5.13255e-26	3.53037e-27	2.28862e-28	1.40032e-29	8.09809e-31	4.43218e-32	2.29867e-33	1.13104e-34	5.28584e-36	2.34886e-37	9.93471e-39	4.00343e-40	1.5385e-41	5.64332e-43	1.9775e-44	6.62515e-46	2.12378e-47	6.51896e-49	1.9174e-50	5.40758e-52	1.46331e-53	3.80168e-55	9.4882e-57	2.27618e-58	5.25144e-60	1.16581e-61	2.49157e-63	5.12884e-65	1.01734e-66	1.94539e-68	3.58777e-70	6.38399e-72	1.09643e-73	1.81824e-75	2.91243e-77	4.50761e-79	6.74317e-81	9.88953e-83	
2.6596e-24	2.96258e-23	3.3255e-22	3.48732e-21	3.40781e-20	3.09653e-19	2.61043e-18	2.03692e-17	1.46762e-16	9.74003e-16	5.93924e-15	3.31933e-14	1.69617e-13	7.90681e-13	3.3555e-12	1.29416e-11	4.53032e-11	1.43831e-10	4.1409e-10	1.08161e-09	2.56605e-09	5.53861e-09	1.08988e-08	1.95983e-08	3.22844e-08	4.88382e-08	6.80011e-08	8.73241e-08	1.03591e-07	1.13655e-07	1.15402e-07	1.08452e-07	9.42884e-08	7.57587e-08	5.61704e-08	3.83573e-08	2.40702e-08	1.38466e-08	7.28364e-09	3.49504e-09	1.52657e-09	6.05877e-10	2.18242e-10	7.1307e-11	2.11353e-11	5.68688e-12	1.39082e-12	3.09687e-13	6.29062e-14	1.16827e-14	1.98832e-15	3.10866e-16	4.47564e-17	5.94807e-18	7.31406e-19	8.34053e-20	8.83975e-21	8.72604e-22	8.03907e-23	6.92543e-24	5.58909e-25	4.23303e-26	3.01373e-27	2.02017e-28	1.27691e-29	7.62152e-31	4.30156e-32	2.29867e-33	1.16447e-34	5.59872e-36	2.55767e-37	1.11137e-38	4.59796e-40	1.81296e-41	6.81905e-43	2.44881e-44	8.40317e-46	2.75763e-47	8.66095e-49	2.60524e-50	7.51078e-52	2.07667e-53	5.51024e-55	1.40398e-56	3.43709e-58	8.08917e-60	1.83119e-61	3.98932e-63	8.36792e-65	1.6908e-66	3.29245e-68	6.1814e-70	1.11937e-71	1.95594e-73	3.2991e-75	5.37343e-77	8.45429e-79	1.28534e-80	1.88892e-82	2.72096e-84	
1.57417e-25	1.8061e-24	2.08557e-23	2.25122e-22	2.26596e-21	2.12229e-20	1.84548e-19	1.48649e-18	1.10643e-17	7.59146e-17	4.78937e-16	2.77137e-15	1.46724e-14	7.09051e-14	3.12085e-13	1.24871e-12	4.53505e-12	1.49341e-11	4.45694e-11	1.20561e-10	2.95796e-10	6.59076e-10	1.33584e-09	2.46773e-09	4.16365e-09	6.42987e-09	9.10649e-09	1.18493e-08	1.41861e-08	1.56428e-08	1.58964e-08	1.48885e-08	1.28464e-08	1.02021e-08	7.44703e-09	4.98791e-09	3.05938e-09	1.71476e-09	8.76393e-10	4.07615e-10	1.7223e-10	6.60255e-11	2.29472e-11	7.22933e-12	2.06547e-12	5.35717e-13	1.26327e-13	2.71337e-14	5.31984e-15	9.54251e-16	1.5698e-16	2.37413e-17	3.30903e-18	4.26062e-19	5.07971e-20	5.62057e-21	5.78421e-22	5.548e-23	4.96964e-24	4.16522e-25	3.27236e-26	2.41405e-27	1.67496e-28	1.09475e-29	6.75024e-31	3.93217e-32	2.16687e-33	1.13104e-34	5.59872e-36	2.63129e-37	1.17542e-38	4.99589e-40	2.02239e-41	7.80471e-43	2.87398e-44	1.01069e-45	3.39717e-47	1.09225e-48	3.36173e-50	9.91164e-52	2.80137e-53	7.59488e-55	1.97638e-56	4.93946e-58	1.18631e-59	2.73945e-61	6.08563e-63	1.3012e-64	2.67909e-66	5.31421e-68	1.01599e-69	1.87294e-71	3.3306e-73	5.71545e-75	9.46834e-77	1.51477e-78	2.3411e-80	3.49651e-82	5.04813e-84	7.14265e-86	
8.81849e-27	1.04139e-25	1.23623e-24	1.37258e-23	1.42196e-22	1.37164e-21	1.22923e-20	1.02111e-19	7.84382e-19	5.55807e-18	3.62387e-17	2.16857e-16	1.18804e-15	5.94412e-15	2.70984e-14	1.12331e-13	4.22675e-13	1.44175e-12	4.45449e-12	1.24631e-11	3.15874e-11	7.25813e-11	1.51393e-10	2.87102e-10	4.95864e-10	7.81367e-10	1.12526e-09	1.48329e-09	1.79191e-09	1.98574e-09	2.01958e-09	1.88521e-09	1.61453e-09	1.26756e-09	9.11179e-10	5.98829e-10	3.5919e-10	1.96285e-10	9.75494e-11	4.40189e-11	1.80121e-11	6.67759e-12	2.24212e-12	6.82001e-13	1.88081e-13	4.70879e-14	1.07207e-14	2.22417e-15	4.21429e-16	7.31018e-17	1.16371e-17	1.7043e-18	2.30195e-19	2.87431e-20	3.32561e-21	3.5734e-22	3.57356e-23	3.33294e-24	2.90478e-25	2.37015e-26	1.8138e-27	1.30404e-28	8.82238e-30	5.62518e-31	3.38515e-32	1.92536e-33	1.03636e-34	5.28584e-36	2.55767e-37	1.17542e-38	5.13599e-40	2.13593e-41	8.46267e-43	3.19734e-44	1.15297e-45	3.97155e-47	1.30789e-48	4.12083e-50	1.24314e-51	3.59326e-53	9.95818e-55	2.64773e-56	6.75834e-58	1.65704e-59	3.90482e-61	8.84867e-63	1.92925e-64	4.04902e-66	8.18402e-68	1.59382e-69	2.99195e-71	5.41623e-73	9.45887e-75	1.59422e-76	2.5941e-78	4.07665e-80	6.1894e-82	9.08156e-84	1.28818e-85	1.79038e-87	
4.68176e-28	5.68678e-27	6.93552e-26	7.91542e-25	8.43397e-24	8.37241e-23	7.72649e-22	6.61358e-21	5.23821e-20	3.82959e-19	2.57781e-18	1.59355e-17	9.02361e-17	4.66878e-16	2.20186e-15	9.44447e-15	3.67728e-14	1.29766e-13	4.14574e-13	1.1984e-12	3.13427e-12	7.42014e-12	1.5915e-11	3.0962e-11	5.47105e-11	8.79324e-11	1.28727e-10	1.71861e-10	2.09476e-10	2.33274e-10	2.37441e-10	2.20912e-10	1.87806e-10	1.45787e-10	1.0323e-10	6.6592e-11	3.90803e-11	2.08344e-11	1.00759e-11	4.4151e-12	1.75132e-12	6.28567e-13	2.04138e-13	6.00261e-14	1.59987e-14	3.87115e-15	8.52004e-16	1.70939e-16	3.13378e-17	5.26248e-18	8.11515e-19	1.15205e-19	1.50932e-20	1.82922e-21	2.05558e-22	2.14659e-23	2.08757e-24	1.89451e-25	1.60752e-26	1.2777e-27	9.52966e-29	6.6808e-30	4.40933e-31	2.74389e-32	1.61226e-33	8.95714e-35	4.7112e-36	2.34886e-37	1.11137e-38	4.99589e-40	2.13593e-41	8.694e-43	3.37231e-44	1.24769e-45	4.40701e-47	1.48729e-48	4.79969e-50	1.48226e-51	4.38372e-53	1.24244e-54	3.37681e-56	8.80673e-58	2.20528e-59	5.30523e-61	1.22682e-62	2.7285e-64	5.83922e-66	1.20306e-67	2.38738e-69	4.56516e-71	8.41544e-73	1.4961e-74	2.56615e-76	4.24819e-78	6.79021e-80	1.04826e-81	1.56354e-83	2.25392e-85	3.14118e-87	4.28863e-89	
2.35846e-29	2.94477e-28	3.68752e-27	4.32329e-26	4.73468e-25	4.83359e-24	4.58999e-23	4.04513e-22	3.30067e-21	2.48746e-20	1.727e-19	1.10176e-18	6.44176e-18	3.4429e-17	1.67786e-16	7.43841e-16	2.99348e-15	1.09162e-14	3.60222e-14	1.0747e-13	2.89773e-13	7.06195e-13	1.55634e-12	3.10421e-12	5.60907e-12	9.19155e-12	1.36744e-11	1.84872e-11	2.27322e-11	2.54376e-11	2.59126e-11	2.40303e-11	2.0281e-11	1.55688e-11	1.08616e-11	6.87977e-12	3.952e-12	2.05657e-12	9.68527e-13	4.12446e-13	1.58741e-13	5.52138e-14	1.73629e-14	4.94102e-15	1.27422e-15	2.98324e-16	6.35434e-17	1.23425e-17	2.19159e-18	3.5665e-19	5.33284e-20	7.3452e-21	9.34222e-22	1.09986e-22	1.20134e-23	1.22012e-24	1.15467e-25	1.02028e-26	8.43362e-28	6.53341e-29	4.75173e-30	3.24987e-31	2.09346e-32	1.27202e-33	7.30075e-35	3.96342e-36	2.03778e-37	9.93471e-39	4.59796e-40	2.02239e-41	8.46267e-43	3.37231e-44	1.28096e-45	4.64219e-47	1.60645e-48	5.31281e-50	1.68049e-51	5.08776e-53	1.4754e-54	4.1009e-56	1.09326e-57	2.79713e-59	6.87237e-61	1.62239e-62	3.6821e-64	8.03815e-66	1.68871e-67	3.41589e-69	6.6558e-71	1.24979e-72	2.26255e-74	3.95057e-76	6.65564e-78	1.08231e-79	1.69941e-81	2.57737e-83	3.77687e-85	5.3493e-87	7.32494e-89	9.82431e-91	
1.12865e-30	1.44774e-29	1.8604e-28	2.23931e-27	2.51907e-26	2.64297e-25	2.58072e-24	2.33993e-23	1.96543e-22	1.52557e-21	1.0915e-20	7.17958e-20	4.33015e-19	2.38828e-18	1.20148e-17	5.4995e-17	2.28513e-16	8.60233e-16	2.92911e-15	9.01069e-15	2.50252e-14	6.27319e-14	1.41957e-13	2.90117e-13	5.35806e-13	8.94888e-13	1.35261e-12	1.85147e-12	2.29642e-12	2.58203e-12	2.63233e-12	2.43325e-12	2.03891e-12	1.54804e-12	1.06432e-12	6.62137e-13	3.72458e-13	1.89294e-13	8.68659e-14	3.59773e-14	1.34469e-14	4.53686e-15	1.38281e-15	3.81231e-16	9.5226e-17	2.15947e-17	4.45615e-18	8.38813e-19	1.44403e-19	2.27943e-20	3.30781e-21	4.42409e-22	5.46706e-23	6.25707e-24	6.64773e-25	6.57079e-26	6.05504e-27	5.21242e-28	4.19964e-29	3.17264e-30	2.25118e-31	1.50276e-32	9.45221e-34	5.61018e-35	3.14649e-36	1.66978e-37	8.39501e-39	4.00343e-40	1.81296e-41	7.80471e-43	3.19734e-44	1.24769e-45	4.64219e-47	1.64824e-48	5.58942e-50	1.81183e-51	5.61836e-53	1.66787e-54	4.74332e-56	1.2932e-57	3.38211e-59	8.49025e-61	2.04701e-62	4.74275e-64	1.05654e-65	2.2642e-67	4.67013e-69	9.27547e-71	1.77473e-72	3.27271e-74	5.81894e-76	9.97959e-78	1.65151e-79	2.6382e-81	4.06953e-83	6.0637e-85	8.73024e-87	1.21491e-88	1.63462e-90	2.15378e-92	
5.13664e-32	6.76524e-31	8.91666e-30	1.10129e-28	1.27181e-27	1.37051e-26	1.37515e-25	1.28191e-24	1.10758e-23	8.84784e-23	6.51828e-22	4.4169e-21	2.7455e-20	1.56123e-19	8.10004e-19	3.82433e-18	1.63913e-17	6.36377e-17	2.23383e-16	7.07936e-16	2.02352e-15	5.21365e-15	1.21064e-14	2.53377e-14	4.78087e-14	8.13557e-14	1.24903e-13	1.7307e-13	2.16509e-13	2.4459e-13	2.4955e-13	2.29943e-13	1.91315e-13	1.43685e-13	9.73727e-14	5.95161e-14	3.27957e-14	1.62863e-14	7.28689e-15	2.93731e-15	1.06698e-15	3.49496e-16	1.03344e-16	2.76282e-17	6.69086e-18	1.47111e-18	2.94377e-19	5.3751e-20	8.97937e-21	1.37606e-21	1.93958e-22	2.52099e-23	3.02906e-24	3.37257e-25	3.48758e-26	3.357e-27	3.01402e-28	2.52915e-29	1.98725e-30	1.46473e-31	1.01445e-32	6.61249e-34	4.06286e-35	2.35645e-36	1.29195e-37	6.70436e-39	3.29714e-40	1.5385e-41	6.81905e-43	2.87398e-44	1.15297e-45	4.40701e-47	1.60645e-48	5.58942e-50	1.85784e-51	5.90391e-53	1.79511e-54	5.22614e-56	1.45785e-57	3.89916e-59	1.00055e-60	2.46476e-62	5.83222e-64	1.32635e-65	2.90056e-67	6.10271e-69	1.23593e-70	2.41046e-72	4.52933e-74	8.20318e-76	1.4326e-77	2.4134e-79	3.92339e-81	6.15711e-83	9.33094e-85	1.366e-86	1.93237e-88	2.64224e-90	3.49322e-92	4.52174e-94	
2.2256e-33	3.00813e-32	4.06451e-31	5.14846e-30	6.10036e-29	6.7479e-28	6.95337e-27	6.65982e-26	5.91493e-25	4.85944e-24	3.68347e-23	2.56927e-22	1.64458e-21	9.63371e-21	5.15018e-20	2.50592e-19	1.1069e-18	4.42811e-18	1.60103e-17	5.22284e-17	1.53526e-16	4.06295e-16	9.67519e-16	2.07265e-15	3.99388e-15	6.92243e-15	1.07926e-14	1.5136e-14	1.90959e-14	2.16737e-14	2.21303e-14	2.03274e-14	1.67943e-14	1.24785e-14	8.33696e-15	5.00775e-15	2.70418e-15	1.31277e-15	5.73002e-16	2.24945e-16	7.94724e-17	2.52932e-17	7.2619e-18	1.88428e-18	4.4282e-19	9.44819e-20	1.83502e-20	3.25294e-21	5.2777e-22	7.85831e-23	1.07668e-23	1.36096e-24	1.59108e-25	1.7245e-26	1.73683e-27	1.629e-28	1.42579e-29	1.16685e-30	8.94561e-32	6.43597e-33	4.35267e-34	2.77159e-35	1.66414e-36	9.43539e-38	5.05862e-39	2.56784e-40	1.23566e-41	5.64332e-43	2.44881e-44	1.01069e-45	3.97155e-47	1.48729e-48	5.31281e-50	1.81183e-51	5.90391e-53	1.83963e-54	5.48555e-56	1.56646e-57	4.28673e-59	1.12494e-60	2.83268e-62	6.84847e-64	1.59062e-65	3.55105e-67	7.62415e-69	1.57503e-70	3.13226e-72	5.99928e-74	1.10714e-75	1.96951e-77	3.37857e-79	5.59114e-81	8.92936e-83	1.37672e-84	2.04987e-86	2.94849e-88	4.09828e-90	5.50634e-92	7.15327e-94	9.09682e-96	
9.18962e-35	1.27403e-33	1.76394e-32	2.2904e-31	2.78308e-30	3.15834e-29	3.34036e-28	3.28519e-27	2.99737e-26	2.53081e-25	1.97243e-24	1.41515e-23	9.32091e-23	5.62012e-22	3.09336e-21	1.54986e-20	7.04949e-20	2.9035e-19	1.08043e-18	3.62527e-18	1.09514e-17	2.97492e-17	7.26094e-17	1.59135e-16	3.13039e-16	5.52482e-16	8.74524e-16	1.24116e-15	1.57904e-15	1.8005e-15	1.83985e-15	1.6847e-15	1.38225e-15	1.01619e-15	6.69456e-16	3.9528e-16	2.09244e-16	9.93439e-17	4.2324e-17	1.61915e-17	5.56746e-18	1.72294e-18	4.8069e-19	1.21156e-19	2.76528e-20	5.73036e-21	1.08109e-21	1.86208e-22	2.93638e-23	4.25119e-24	5.66588e-25	6.96976e-26	7.93325e-27	8.37547e-28	8.22026e-29	7.51663e-30	6.4168e-31	5.12415e-32	3.83475e-33	2.6942e-34	1.78001e-35	1.10764e-36	6.50151e-38	3.60478e-39	1.89052e-40	9.39018e-42	4.42268e-43	1.9775e-44	8.40317e-46	3.39717e-47	1.30789e-48	4.79969e-50	1.68049e-51	5.61836e-53	1.79511e-54	5.48555e-56	1.60442e-57	4.49463e-59	1.20682e-60	3.10775e-62	7.68024e-64	1.82257e-65	4.15548e-67	9.10798e-69	1.92004e-70	3.89497e-72	7.60691e-74	1.43094e-75	2.59375e-77	4.53226e-79	7.63752e-81	1.24167e-82	1.9482e-84	2.95114e-86	4.31734e-88	6.10173e-90	8.33358e-92	1.10022e-93	1.40449e-95	1.75475e-97	
3.61945e-36	5.14467e-35	7.29573e-34	9.70633e-33	1.20892e-31	1.40679e-30	1.5263e-29	1.54049e-28	1.44302e-27	1.25143e-26	1.00216e-25	7.3907e-25	5.00545e-24	3.10428e-23	1.75782e-22	9.06198e-22	4.24107e-21	1.79706e-20	6.8772e-20	2.37181e-19	7.35828e-19	2.05053e-18	5.1269e-18	1.14906e-17	2.30664e-17	4.14414e-17	6.65869e-17	9.56217e-17	1.22663e-16	1.40507e-16	1.43687e-16	1.31165e-16	1.06882e-16	7.7756e-17	5.05187e-17	2.93282e-17	1.5224e-17	7.07176e-18	2.94215e-18	1.09747e-18	3.67514e-19	1.10666e-19	3.00247e-20	7.35652e-21	1.63199e-21	3.28712e-22	6.02856e-23	1.00965e-23	1.54863e-24	2.18153e-25	2.83012e-26	3.39016e-27	3.75927e-28	3.86809e-29	3.7016e-30	3.30161e-31	2.75039e-32	2.14408e-33	1.56699e-34	1.07554e-35	6.94443e-37	4.22454e-38	2.42491e-39	1.31522e-40	6.74939e-42	3.28128e-43	1.51306e-44	6.62515e-46	2.75763e-47	1.09225e-48	4.12083e-50	1.48226e-51	5.08776e-53	1.66787e-54	5.22614e-56	1.56646e-57	4.49463e-59	1.23541e-60	3.25508e-62	8.22668e-64	1.99556e-65	4.64876e-67	1.0406e-68	2.23944e-70	4.6358e-72	9.23531e-74	1.77143e-75	3.27294e-77	5.82746e-79	1.00029e-80	1.65595e-82	2.6449e-84	4.07724e-86	6.0683e-88	8.72279e-90	1.21134e-91	1.62567e-93	2.10899e-95	2.64554e-97	3.24734e-99	
1.36105e-37	1.9826e-36	2.87856e-35	3.92225e-34	5.00504e-33	5.96942e-32	6.64048e-31	6.87456e-30	6.6077e-29	5.88223e-28	4.83717e-27	3.66451e-26	2.55028e-25	1.62569e-24	9.46402e-24	5.01649e-23	2.41395e-22	1.05155e-21	4.13573e-21	1.46507e-20	4.66502e-20	1.33286e-19	3.41214e-19	7.81709e-19	1.60081e-18	2.92697e-18	4.77297e-18	6.93437e-18	8.96845e-18	1.03197e-17	1.05612e-17	9.61153e-18	7.77907e-18	5.60077e-18	3.58928e-18	2.04922e-18	1.04342e-18	4.74388e-19	1.92826e-19	7.01705e-20	2.28986e-20	6.71368e-21	1.77252e-21	4.22482e-22	9.11621e-23	1.786e-23	3.18644e-24	5.19264e-25	7.75197e-26	1.06322e-26	1.34345e-27	1.56805e-28	1.69488e-29	1.70059e-30	1.58756e-31	1.38189e-32	1.12386e-33	8.55642e-35	6.10946e-36	4.09824e-37	2.58694e-38	1.53902e-39	8.64188e-41	4.58651e-42	2.30377e-43	1.09654e-44	4.95165e-46	2.12378e-47	8.66095e-49	3.36173e-50	1.24314e-51	4.38372e-53	1.4754e-54	4.74332e-56	1.45785e-57	4.28673e-59	1.20682e-60	3.25508e-62	8.41727e-64	2.08808e-65	4.97221e-67	1.13719e-68	2.49938e-70	5.2818e-72	1.07374e-73	2.10085e-75	3.95794e-77	7.18315e-79	1.25636e-80	2.11858e-82	3.44568e-84	5.40709e-86	8.18965e-88	1.19764e-89	1.69156e-91	2.30826e-93	3.04399e-95	3.88049e-97	4.78333e-99	5.76853e-101	
4.8907e-39	7.29791e-38	1.08443e-36	1.51272e-35	1.97686e-34	2.41545e-33	2.75371e-32	2.92262e-31	2.881e-30	2.63121e-29	2.22063e-28	1.7271e-27	1.23433e-26	8.08238e-26	4.83411e-25	2.63286e-24	1.3018e-23	5.82601e-23	2.35335e-22	8.5578e-22	2.79513e-21	8.18357e-21	2.14406e-20	5.01897e-20	1.04816e-19	1.94994e-19	3.22648e-19	4.7418e-19	6.18257e-19	7.14603e-19	7.3187e-19	6.64055e-19	5.33851e-19	3.80432e-19	2.40517e-19	1.35072e-19	6.74814e-20	3.00397e-20	1.19346e-20	4.23917e-21	1.34881e-21	3.85283e-22	9.90507e-23	2.29818e-23	4.82664e-24	9.20386e-25	1.59848e-25	2.53627e-26	3.68757e-27	4.9273e-28	6.06758e-29	6.90427e-30	7.27813e-31	7.12467e-32	6.49147e-33	5.51683e-34	4.38216e-35	3.25968e-36	2.27478e-37	1.49186e-38	9.20969e-40	5.35994e-41	2.94513e-42	1.52995e-43	7.52398e-45	3.50712e-46	1.55131e-47	6.51896e-49	2.60524e-50	9.91164e-52	3.59326e-53	1.24244e-54	4.1009e-56	1.2932e-57	3.89916e-59	1.12494e-60	3.10775e-62	8.22668e-64	2.08808e-65	5.08491e-67	1.18876e-68	2.66951e-70	5.76138e-72	1.19566e-73	2.38723e-75	4.58766e-77	8.48978e-79	1.51356e-80	2.60066e-82	4.30844e-84	6.88455e-86	1.06147e-87	1.57968e-89	2.26989e-91	3.15028e-93	4.22415e-95	5.4739e-97	6.85715e-99	8.30604e-101	9.84123e-103	
1.68068e-40	2.56811e-39	3.90409e-38	5.57329e-37	7.45593e-36	9.32905e-35	1.08947e-33	1.18488e-32	1.19729e-31	1.12127e-30	9.70668e-30	7.7461e-29	5.68189e-28	3.8194e-27	2.34556e-26	1.31182e-25	6.6605e-25	3.0605e-24	1.26892e-23	4.73401e-23	1.58518e-22	4.75351e-22	1.274e-21	3.04609e-21	6.4855e-21	1.22729e-20	2.06025e-20	3.0625e-20	4.02514e-20	4.67304e-20	4.78949e-20	4.33276e-20	3.46013e-20	2.44079e-20	1.52255e-20	8.41235e-21	4.12479e-21	1.79844e-21	6.98672e-22	2.42345e-22	7.52231e-23	2.09462e-23	5.24675e-24	1.18576e-24	2.4254e-25	4.50443e-26	7.62007e-27	1.17791e-27	1.66891e-28	2.17373e-29	2.61008e-30	2.89699e-31	2.9798e-32	2.84723e-33	2.53303e-34	2.10269e-35	1.63196e-36	1.18651e-37	8.09554e-39	5.19251e-40	3.13592e-41	1.78596e-42	9.6056e-44	4.88559e-45	2.35295e-46	1.07435e-47	4.65604e-49	1.9174e-50	7.51078e-52	2.80137e-53	9.95818e-55	3.37681e-56	1.09326e-57	3.38211e-59	1.00055e-60	2.83268e-62	7.68024e-64	1.99556e-65	4.97221e-67	1.18876e-68	2.72873e-70	6.01715e-72	1.27532e-73	2.59937e-75	5.09747e-77	9.62235e-79	1.74922e-80	3.06359e-82	5.17154e-84	8.41748e-86	1.32154e-87	2.00204e-89	2.92756e-91	4.13355e-93	5.63717e-95	7.4276e-97	9.45823e-99	1.16429e-100	1.38586e-102	1.61322e-104	
5.52793e-42	8.64631e-41	1.34429e-39	1.96319e-38	2.68757e-37	3.44221e-36	4.11616e-35	4.58529e-34	4.74727e-33	4.55663e-32	4.04413e-31	3.30966e-30	2.4903e-29	1.71754e-28	1.08239e-27	6.21264e-27	3.23721e-26	1.52638e-25	6.49214e-25	2.48349e-24	8.5212e-24	2.61593e-23	7.16905e-23	1.75016e-22	3.79786e-22	7.30904e-22	1.24458e-21	1.87099e-21	2.47867e-21	2.89028e-21	2.96447e-21	2.67389e-21	2.12136e-21	1.48141e-21	9.11898e-22	4.95794e-22	2.38651e-22	1.01949e-22	3.87428e-23	1.31291e-23	3.97757e-24	1.08026e-24	2.63796e-25	5.81041e-26	1.15817e-26	2.09612e-27	3.45595e-28	5.20753e-29	7.19395e-30	9.13845e-31	1.07049e-31	1.15951e-32	1.16428e-33	1.08636e-34	9.441e-36	7.65802e-37	5.80963e-38	4.12992e-39	2.75599e-40	1.72939e-41	1.02208e-42	5.69783e-44	3.00048e-45	1.49457e-46	7.05093e-48	3.15433e-49	1.33968e-50	5.40758e-52	2.07667e-53	7.59488e-55	2.64773e-56	8.80673e-58	2.79713e-59	8.49025e-61	2.46476e-62	6.84847e-64	1.82257e-65	4.64876e-67	1.13719e-68	2.66951e-70	6.01715e-72	1.30302e-73	2.71236e-75	5.42997e-77	1.04596e-78	1.93954e-80	3.46372e-82	5.95984e-84	9.88436e-86	1.58072e-87	2.43843e-89	3.62972e-91	5.21542e-93	7.23599e-95	9.69692e-97	1.25552e-98	1.57105e-100	1.90041e-102	2.22282e-104	2.54212e-106	
1.7415e-43	2.7873e-42	4.43061e-41	6.61702e-40	9.26643e-39	1.21442e-37	1.48638e-36	1.69527e-35	1.79755e-34	1.76756e-33	1.60757e-32	1.34853e-31	1.04032e-30	7.35779e-30	4.75572e-29	2.79986e-28	1.49643e-27	7.23629e-27	3.15569e-26	1.23717e-25	4.34755e-25	1.36575e-24	3.82573e-24	9.53294e-24	2.10781e-23	4.12455e-23	7.12303e-23	1.08281e-22	1.44581e-22	1.69321e-22	1.73793e-22	1.56303e-22	1.23199e-22	8.51795e-23	5.17478e-23	2.76907e-23	1.30881e-23	5.47966e-24	2.03778e-24	6.74948e-25	1.99673e-25	5.29189e-26	1.26047e-26	2.70732e-27	5.26171e-28	9.28522e-29	1.49283e-29	2.1939e-30	2.95658e-31	3.66474e-32	4.19011e-33	4.43115e-34	4.34539e-35	3.96105e-36	3.36395e-37	2.66732e-38	1.97862e-39	1.37574e-40	8.98198e-42	5.51576e-43	3.191e-44	1.74177e-45	8.98284e-47	4.38309e-48	2.02603e-49	8.88244e-51	3.69775e-52	1.46331e-53	5.51024e-55	1.97638e-56	6.75834e-58	2.20528e-59	6.87237e-61	2.04701e-62	5.83222e-64	1.59062e-65	4.15548e-67	1.0406e-68	2.49938e-70	5.76138e-72	1.27532e-73	2.71236e-75	5.54553e-77	1.09049e-78	2.06346e-80	3.75891e-82	6.59496e-84	1.11488e-85	1.8167e-87	2.85461e-89	4.32688e-91	6.32878e-93	8.93565e-95	1.21824e-96	1.60424e-98	2.0411e-100	2.50977e-102	2.98327e-104	3.42886e-106	3.85257e-108	
5.25876e-45	8.60981e-44	1.3988e-42	2.13573e-41	3.05846e-40	4.09999e-39	5.13439e-38	5.99329e-37	6.50571e-36	6.5508e-35	6.10259e-34	5.24487e-33	4.14638e-32	3.00583e-31	1.99162e-30	1.20208e-29	6.58647e-29	3.26483e-28	1.45906e-27	5.85946e-27	2.10793e-26	6.77327e-26	1.93861e-25	4.92904e-25	1.11019e-24	2.20841e-24	3.86748e-24	5.94444e-24	7.99912e-24	9.40817e-24	9.66355e-24	8.66604e-24	6.78675e-24	4.64617e-24	2.78607e-24	1.46756e-24	6.81271e-25	2.79628e-25	1.01796e-25	3.29676e-26	9.52792e-27	2.46532e-27	5.73053e-28	1.20086e-28	2.27681e-29	3.91957e-30	6.14816e-31	8.81675e-32	1.15965e-32	1.40324e-33	1.56668e-34	1.61829e-35	1.55052e-36	1.38132e-37	1.14681e-38	8.89198e-40	6.4519e-41	4.38916e-42	2.80448e-43	1.68589e-44	9.54993e-46	5.10523e-47	2.57922e-48	1.2331e-49	5.58592e-51	2.40048e-52	9.79723e-54	3.80168e-55	1.40398e-56	4.93946e-58	1.65704e-59	5.30523e-61	1.62239e-62	4.74275e-64	1.32635e-65	3.55105e-67	9.10798e-69	2.23944e-70	5.2818e-72	1.19566e-73	2.59937e-75	5.42997e-77	1.09049e-78	2.10649e-80	3.91575e-82	7.00785e-84	1.20798e-85	2.0064e-87	3.21241e-89	4.9598e-91	7.3871e-93	1.06172e-94	1.47303e-96	1.97342e-98	2.55364e-100	3.19269e-102	3.8577e-104	4.50593e-106	5.08901e-108	5.61742e-110	
1.52313e-46	2.55013e-45	4.23333e-44	6.6059e-43	9.67068e-42	1.32561e-40	1.69791e-39	2.02768e-38	2.25242e-37	2.32157e-36	2.21433e-35	1.94898e-34	1.57825e-33	1.17215e-32	7.95777e-32	4.92171e-31	2.76329e-30	1.40337e-29	6.42415e-29	2.64151e-28	9.72403e-28	3.19475e-27	9.33953e-27	2.42228e-26	5.55622e-26	1.12335e-25	1.99464e-25	3.09955e-25	4.20311e-25	4.96448e-25	5.10284e-25	4.56312e-25	3.55085e-25	2.40718e-25	1.42494e-25	7.38978e-26	3.37002e-26	1.35643e-26	4.83546e-27	1.53181e-27	4.32672e-28	1.09349e-28	2.48164e-29	5.0762e-30	9.39348e-31	1.57833e-31	2.41657e-32	3.38316e-33	4.34495e-34	5.13489e-35	5.6005e-36	5.65281e-37	5.29375e-38	4.61078e-39	3.74356e-40	2.83935e-41	2.01581e-42	1.34213e-43	8.39509e-45	4.94157e-46	2.74157e-47	1.43573e-48	7.10717e-50	3.33001e-51	1.47865e-52	6.22979e-54	2.49321e-55	9.4882e-57	3.43709e-58	1.18631e-59	3.90482e-61	1.22682e-62	3.6821e-64	1.05654e-65	2.90056e-67	7.62415e-69	1.92004e-70	4.6358e-72	1.07374e-73	2.38723e-75	5.09747e-77	1.04596e-78	2.06346e-80	3.91575e-82	7.15112e-84	1.25739e-85	2.12954e-87	3.47536e-89	5.46744e-91	8.29466e-93	1.21394e-94	1.71447e-96	2.3374e-98	3.07711e-100	3.91279e-102	4.80711e-104	5.70759e-106	6.55089e-108	7.26994e-110	7.88365e-112	
4.23415e-48	7.2474e-47	1.22897e-45	1.95942e-44	2.9315e-43	4.10763e-42	5.37947e-41	6.5702e-40	7.46607e-39	7.87396e-38	7.68642e-37	6.92554e-36	5.74213e-35	4.36718e-34	3.03659e-33	1.92359e-32	1.10615e-31	5.75313e-31	2.6964e-30	1.13472e-29	4.2727e-29	1.43476e-28	4.28269e-28	1.13271e-27	2.64542e-27	5.4351e-27	9.78352e-27	1.53687e-26	2.09999e-26	2.49081e-26	2.56202e-26	2.28462e-26	1.76661e-26	1.18603e-26	6.93145e-27	3.53963e-27	1.58608e-27	6.26199e-28	2.18665e-28	6.77813e-29	1.87189e-29	4.62275e-30	1.02476e-30	2.047e-31	3.6988e-32	6.06858e-33	9.0736e-34	1.24066e-34	1.55649e-35	1.79726e-36	1.91571e-37	1.89014e-38	1.73073e-39	1.4743e-40	1.17099e-41	8.69069e-43	6.0389e-44	3.93622e-45	2.41094e-46	1.38996e-47	7.55451e-49	3.87651e-50	1.88066e-51	8.63754e-53	3.76028e-54	1.55351e-55	6.09754e-57	2.27618e-58	8.08917e-60	2.73945e-61	8.84867e-63	2.7285e-64	8.03815e-66	2.2642e-67	6.10271e-69	1.57503e-70	3.89497e-72	9.23531e-74	2.10085e-75	4.58766e-77	9.62235e-79	1.93954e-80	3.75891e-82	7.00785e-84	1.25739e-85	2.17223e-87	3.61475e-89	5.79647e-91	8.96042e-93	1.33577e-94	1.921e-96	2.66599e-98	3.57162e-100	4.62038e-102	5.77327e-104	6.96975e-106	8.13159e-108	9.17075e-110	1.00002e-111	1.06533e-113	
1.13043e-49	1.97757e-48	3.42467e-47	5.57727e-46	8.52508e-45	1.22071e-43	1.63408e-42	2.04046e-41	2.37113e-40	2.55782e-39	2.55452e-38	2.35525e-37	1.99864e-36	1.55599e-35	1.1076e-34	7.18331e-34	4.22898e-33	2.25155e-32	1.07999e-31	4.64958e-31	1.79012e-30	6.14171e-30	1.87129e-29	5.04576e-29	1.19957e-28	2.50403e-28	4.5689e-28	7.25469e-28	9.98801e-28	1.1896e-27	1.22446e-27	1.08886e-27	8.36722e-28	5.56355e-28	3.21044e-28	1.61458e-28	7.1102e-29	2.75421e-29	9.42372e-30	2.85935e-30	7.72355e-31	1.86456e-31	4.039e-32	7.88233e-33	1.39136e-33	2.23001e-34	3.25742e-35	4.35189e-36	5.33549e-37	6.02185e-38	6.27525e-39	6.05452e-40	5.42252e-41	4.51906e-42	3.51244e-43	2.55156e-44	1.73582e-45	1.10795e-46	6.6469e-48	3.75419e-49	1.99936e-50	1.0055e-51	4.78178e-53	2.1532e-54	9.1919e-56	3.72444e-57	1.43395e-58	5.25144e-60	1.83119e-61	6.08563e-63	1.92925e-64	5.83922e-66	1.68871e-67	4.67013e-69	1.23593e-70	3.13226e-72	7.60691e-74	1.77143e-75	3.95794e-77	8.48978e-79	1.74922e-80	3.46372e-82	6.59496e-84	1.20798e-85	2.12954e-87	3.61475e-89	5.91047e-91	9.31296e-93	1.41463e-94	2.07225e-96	2.92844e-98	3.99366e-100	5.2575e-102	6.68332e-104	8.20602e-106	9.73458e-108	1.11598e-109	1.23668e-111	1.32501e-113	1.38665e-115	
2.90023e-51	5.18412e-50	9.1661e-49	1.52438e-47	2.37995e-46	3.48156e-45	4.76233e-44	6.07789e-43	7.2203e-42	7.9641e-41	8.13454e-40	7.67184e-39	6.66056e-38	5.30591e-37	3.86507e-36	2.56531e-35	1.54555e-34	8.41999e-34	4.13173e-33	1.81909e-32	7.15845e-32	2.50849e-31	7.79915e-31	2.1434e-30	5.18601e-30	1.0997e-29	2.03367e-29	3.26372e-29	4.52711e-29	5.41405e-29	5.57651e-29	4.94537e-29	3.77677e-29	2.48737e-29	1.41736e-29	7.02103e-30	3.03919e-30	1.15533e-30	3.87448e-31	1.1511e-31	3.04226e-32	7.18222e-33	1.52092e-33	2.90099e-34	5.00437e-35	7.83855e-36	1.11905e-36	1.46135e-37	1.75153e-38	1.93296e-39	1.96998e-40	1.85927e-41	1.62926e-42	1.32881e-43	1.01099e-44	7.19054e-46	4.79043e-47	2.995e-48	1.76032e-49	9.7425e-51	5.08524e-52	2.50696e-53	1.16891e-54	5.16147e-56	2.16103e-57	8.58919e-59	3.24432e-60	1.16581e-61	3.98932e-63	1.3012e-64	4.04902e-66	1.20306e-67	3.41589e-69	9.27547e-71	2.41046e-72	5.99928e-74	1.43094e-75	3.27294e-77	7.18315e-79	1.51356e-80	3.06359e-82	5.95984e-84	1.11488e-85	2.0064e-87	3.47536e-89	5.79647e-91	9.31296e-93	1.44193e-94	2.15225e-96	3.09808e-98	4.30219e-100	5.76535e-102	7.45821e-104	9.31629e-106	1.12402e-107	1.3102e-109	1.47588e-111	1.60698e-113	1.69167e-115	1.73905e-117	
7.15448e-53	1.30638e-51	2.35777e-50	4.00324e-49	6.38224e-48	9.53572e-47	1.33249e-45	1.73759e-44	2.10956e-43	2.3785e-42	2.48377e-41	2.39535e-40	2.12687e-39	1.73303e-38	1.29141e-37	8.76845e-37	5.4042e-36	3.01147e-35	1.51119e-34	6.8016e-34	2.73479e-33	9.78511e-33	3.10356e-32	8.6912e-32	2.13969e-31	4.60844e-31	8.63655e-31	1.40075e-30	1.95744e-30	2.35044e-30	2.4226e-30	2.14261e-30	1.62631e-30	1.06097e-30	5.97055e-31	2.9135e-31	1.2399e-31	4.62667e-32	1.52116e-32	4.42653e-33	1.14506e-33	2.64453e-34	5.47658e-35	1.02135e-35	1.72251e-36	2.63774e-37	3.68178e-38	4.70133e-39	5.51073e-40	5.94859e-41	5.9311e-42	5.47753e-43	4.6978e-44	3.75077e-45	2.79413e-46	1.94625e-47	1.2701e-48	7.77984e-50	4.48084e-51	2.43062e-52	1.2437e-53	6.01152e-55	2.74866e-56	1.19039e-57	4.88897e-59	1.90639e-60	7.06556e-62	2.49157e-63	8.36792e-65	2.67909e-66	8.18402e-68	2.38738e-69	6.6558e-71	1.77473e-72	4.52933e-74	1.10714e-75	2.59375e-77	5.82746e-79	1.25636e-80	2.60066e-82	5.17154e-84	9.88436e-86	1.8167e-87	3.21241e-89	5.46744e-91	8.96042e-93	1.41463e-94	2.15225e-96	3.15677e-98	4.46523e-100	6.09317e-102	8.02378e-104	1.01996e-105	1.25193e-107	1.4842e-109	1.69992e-111	1.88148e-113	2.01281e-115	2.08178e-117	2.10216e-119	
1.69793e-54	3.16635e-53	5.83198e-52	1.01072e-50	1.64503e-49	2.50968e-48	3.58159e-47	4.77084e-46	5.91773e-45	6.81811e-44	7.27694e-43	7.17391e-42	6.51242e-41	5.42596e-40	4.13465e-39	2.87091e-38	1.80941e-37	1.03097e-36	5.2888e-36	2.43259e-35	9.99052e-35	3.64878e-34	1.18027e-33	3.36716e-33	8.43322e-33	1.84455e-32	3.50276e-32	5.74096e-32	8.08165e-32	9.74315e-32	1.0049e-31	8.86389e-32	6.68726e-32	4.32175e-32	2.40204e-32	1.15483e-32	4.83256e-33	1.77046e-33	5.7083e-34	1.62746e-34	4.12188e-35	9.31588e-36	1.88734e-36	3.44267e-37	5.67841e-38	8.50428e-39	1.16099e-39	1.45012e-40	1.66289e-41	1.75634e-42	1.71376e-43	1.54918e-44	1.30076e-45	1.01694e-46	7.41966e-48	5.06268e-49	3.23704e-50	1.94309e-51	1.09692e-52	5.8331e-54	2.92643e-55	1.38714e-56	6.22071e-58	2.64274e-59	1.06486e-60	4.07432e-62	1.48189e-63	5.12884e-65	1.6908e-66	5.31421e-68	1.59382e-69	4.56516e-71	1.24979e-72	3.27271e-74	8.20318e-76	1.96951e-77	4.53226e-79	1.00029e-80	2.11858e-82	4.30844e-84	8.41748e-86	1.58072e-87	2.85461e-89	4.9598e-91	8.29466e-93	1.33577e-94	2.07225e-96	3.09808e-98	4.46523e-100	6.20651e-102	8.32236e-104	1.07691e-105	1.34515e-107	1.62237e-109	1.88987e-111	2.1268e-113	2.31281e-115	2.43091e-117	2.47007e-119	2.44993e-121	
3.87869e-56	7.38543e-55	1.38794e-53	2.45466e-52	4.07774e-51	6.35076e-50	9.25387e-49	1.25881e-47	1.59485e-46	1.87716e-45	2.04708e-44	2.06233e-43	1.91347e-42	1.62961e-41	1.26942e-40	9.01077e-40	5.80553e-39	3.38114e-38	1.77255e-37	8.32893e-37	3.49287e-36	1.30177e-35	4.29336e-35	1.24751e-34	3.17798e-34	7.05799e-34	1.35796e-33	2.24895e-33	3.18901e-33	3.85989e-33	3.98367e-33	3.50462e-33	2.62818e-33	1.6827e-33	9.23792e-34	4.37623e-34	1.80103e-34	6.47961e-35	2.04922e-35	5.72573e-36	1.42025e-36	3.14226e-37	6.22988e-38	1.11187e-38	1.79423e-39	2.62893e-40	3.51141e-41	4.2915e-42	4.81591e-43	4.97853e-44	4.75544e-45	4.2089e-46	3.46076e-47	2.65008e-48	1.89415e-49	1.26637e-50	7.93518e-52	4.66883e-53	2.58386e-54	1.34725e-55	6.62841e-57	3.08164e-58	1.35567e-59	5.65046e-61	2.23407e-62	8.38858e-64	2.99454e-65	1.01734e-66	3.29245e-68	1.01599e-69	2.99195e-71	8.41544e-73	2.26255e-74	5.81894e-76	1.4326e-77	3.37857e-79	7.63752e-81	1.65595e-82	3.44568e-84	6.88455e-86	1.32154e-87	2.43843e-89	4.32688e-91	7.3871e-93	1.21394e-94	1.921e-96	2.92844e-98	4.30219e-100	6.09317e-102	8.32236e-104	1.09658e-105	1.39432e-107	1.71134e-109	2.02808e-111	2.32127e-113	2.56663e-115	2.74222e-117	2.83165e-119	2.82661e-121	2.75361e-123	
8.53281e-58	1.65861e-56	3.17973e-55	5.7376e-54	9.72633e-53	1.54603e-51	2.29961e-50	3.19377e-49	4.13188e-48	4.96693e-47	5.53284e-46	5.69458e-45	5.39849e-44	4.69814e-43	3.74001e-42	2.71309e-41	1.78634e-40	1.06307e-39	5.69353e-39	2.73224e-38	1.16966e-37	4.4472e-37	1.4951e-36	4.42373e-36	1.14603e-35	2.58404e-35	5.03673e-35	8.42804e-35	1.20375e-34	1.4627e-34	1.51059e-34	1.32548e-34	9.88104e-35	6.26792e-35	3.39917e-35	1.58686e-35	6.42374e-36	2.26997e-36	7.04338e-37	1.9292e-37	4.68802e-38	1.01566e-38	1.97121e-39	3.44333e-40	5.43797e-41	7.79769e-42	1.01934e-42	1.21937e-43	1.33951e-44	1.35572e-45	1.26804e-46	1.09914e-47	8.85272e-49	6.6414e-50	4.65144e-51	3.04777e-52	1.87197e-53	1.07981e-54	5.85965e-56	2.99629e-57	1.44592e-58	6.59446e-60	2.84626e-61	1.16408e-62	4.5168e-64	1.6646e-65	5.83295e-67	1.94539e-68	6.1814e-70	1.87294e-71	5.41623e-73	1.4961e-74	3.95057e-76	9.97959e-78	2.4134e-79	5.59114e-81	1.24167e-82	2.6449e-84	5.40709e-86	1.06147e-87	2.00204e-89	3.62972e-91	6.32878e-93	1.06172e-94	1.71447e-96	2.66599e-98	3.99366e-100	5.76535e-102	8.02378e-104	1.07691e-105	1.39432e-107	1.74206e-109	2.10091e-111	2.44633e-113	2.75104e-115	2.98856e-117	3.13695e-119	3.18223e-121	3.12049e-123	2.98555e-125	
1.80864e-59	3.58822e-58	7.01611e-57	1.29143e-55	2.23353e-54	3.62271e-53	5.49932e-52	7.79594e-51	1.02965e-49	1.2638e-48	1.43764e-47	1.51125e-46	1.46342e-45	1.30104e-44	1.05811e-43	7.842e-43	5.27494e-42	3.20668e-41	1.75401e-40	8.59387e-40	3.75451e-39	1.45594e-38	4.98824e-38	1.50262e-37	3.95807e-37	9.05948e-37	1.78877e-36	3.02403e-36	4.35014e-36	5.30643e-36	5.48368e-36	4.79936e-36	3.55674e-36	2.23547e-36	1.19766e-36	5.51043e-37	2.19447e-37	7.61814e-38	2.31969e-38	6.23e-39	1.48354e-39	3.1482e-40	5.98314e-41	1.02324e-41	1.58199e-42	2.22073e-43	2.84203e-44	3.3286e-45	3.58044e-46	3.54883e-47	3.25112e-48	2.76065e-49	2.17852e-50	1.60155e-51	1.09936e-52	7.06113e-54	4.2521e-55	2.40507e-56	1.27997e-57	6.41979e-59	3.03916e-60	1.35993e-61	5.7597e-63	2.3118e-64	8.8042e-66	3.185e-67	1.09566e-68	3.58777e-70	1.11937e-71	3.3306e-73	9.45887e-75	2.56615e-76	6.65564e-78	1.65151e-79	3.92339e-81	8.92936e-83	1.9482e-84	4.07724e-86	8.18965e-88	1.57968e-89	2.92756e-91	5.21542e-93	8.93565e-95	1.47303e-96	2.3374e-98	3.57162e-100	5.2575e-102	7.45821e-104	1.01996e-105	1.34515e-107	1.71134e-109	2.10091e-111	2.48949e-113	2.84813e-115	3.1468e-117	3.35846e-119	3.46316e-121	3.45112e-123	3.32421e-125	3.12343e-127	
3.69543e-61	7.48144e-60	1.49176e-58	2.80046e-57	4.94048e-56	8.17509e-55	1.26624e-53	1.83185e-52	2.4694e-51	3.09401e-50	3.59332e-49	3.85692e-48	3.81401e-47	3.46297e-46	2.87648e-45	2.1774e-44	1.49586e-43	9.28638e-43	5.18626e-42	2.59365e-41	1.15608e-40	4.57123e-40	1.59573e-39	4.89281e-39	1.31024e-38	3.04392e-38	6.0876e-38	1.03968e-37	1.50626e-37	1.84442e-37	1.90724e-37	1.665e-37	1.22673e-37	7.63987e-38	4.04388e-38	1.83393e-38	7.18594e-39	2.45114e-39	7.32592e-40	1.92969e-40	4.50411e-41	9.36484e-42	1.7433e-42	2.91978e-43	4.42048e-44	6.07643e-45	7.61529e-46	8.73488e-47	9.20269e-48	8.93512e-49	8.01947e-50	6.67245e-51	5.16014e-52	3.71824e-53	2.50206e-54	1.57566e-55	9.30433e-57	5.16142e-58	2.69439e-59	1.32576e-60	6.15794e-62	2.70392e-63	1.12389e-64	4.42764e-66	1.65523e-67	5.87853e-69	1.98549e-70	6.38399e-72	1.95594e-73	5.71545e-75	1.59422e-76	4.24819e-78	1.08231e-79	2.6382e-81	6.15711e-83	1.37672e-84	2.95114e-86	6.0683e-88	1.19764e-89	2.26989e-91	4.13355e-93	7.23599e-95	1.21824e-96	1.97342e-98	3.07711e-100	4.62038e-102	6.68332e-104	9.31629e-106	1.25193e-107	1.62237e-109	2.02808e-111	2.44633e-113	2.84813e-115	3.20137e-117	3.47498e-119	3.64343e-121	3.69068e-123	3.61269e-125	3.41798e-127	3.15372e-129	
7.28154e-63	1.50404e-61	3.05773e-60	5.85342e-59	1.05315e-57	1.77751e-56	2.80865e-55	4.14567e-54	5.7027e-53	7.29212e-52	8.64427e-51	9.47161e-50	9.56232e-49	8.86467e-48	7.51851e-47	5.81124e-46	4.07631e-45	2.58357e-44	1.4728e-43	7.51598e-43	3.41715e-42	1.37741e-41	4.89802e-41	1.5284e-40	4.16026e-40	9.80873e-40	1.98678e-39	3.42767e-39	5.00098e-39	6.14691e-39	6.36025e-39	5.53856e-39	4.05712e-39	2.50381e-39	1.30946e-39	5.85397e-40	2.25719e-40	7.5665e-41	2.22019e-41	5.73698e-42	1.31287e-42	2.6752e-43	4.8792e-44	8.0053e-45	1.18717e-45	1.59845e-46	1.96226e-47	2.20485e-48	2.27579e-49	2.16502e-50	1.90418e-51	1.55277e-52	1.17709e-53	8.31514e-55	5.4863e-56	3.3881e-57	1.96225e-58	1.06775e-59	5.46835e-61	2.64002e-62	1.20332e-63	5.18556e-65	2.11558e-66	8.18145e-68	3.0027e-69	1.04704e-70	3.47248e-72	1.09643e-73	3.2991e-75	9.46834e-77	2.5941e-78	6.79021e-80	1.69941e-81	4.06953e-83	9.33094e-85	2.04987e-86	4.31734e-88	8.72279e-90	1.69156e-91	3.15028e-93	5.63717e-95	9.69692e-97	1.60424e-98	2.55364e-100	3.91279e-102	5.77327e-104	8.20602e-106	1.12402e-107	1.4842e-109	1.88987e-111	2.32127e-113	2.75104e-115	3.1468e-117	3.47498e-119	3.70556e-121	3.81659e-123	3.7976e-125	3.65127e-127	3.39284e-129	3.07396e-131	
1.38424e-64	2.91671e-63	6.0449e-62	1.1798e-60	2.16448e-59	3.72562e-58	6.00432e-57	9.0406e-56	1.26875e-54	1.65539e-53	2.00252e-52	2.23936e-51	2.30758e-50	2.18364e-49	1.89059e-48	1.49171e-47	1.0681e-46	6.9096e-46	4.01956e-45	2.09266e-44	9.70231e-44	3.98595e-43	1.44355e-42	4.58341e-42	1.26794e-41	3.03356e-41	6.22268e-41	1.08441e-40	1.59325e-40	1.96566e-40	2.03513e-40	1.76784e-40	1.28759e-40	7.87458e-41	4.06933e-41	1.79349e-41	6.80599e-42	2.24249e-42	6.46118e-43	1.6382e-43	3.67645e-44	7.34365e-45	1.31262e-45	2.11024e-46	3.06615e-47	4.04483e-48	4.8651e-49	5.35642e-50	5.41784e-51	5.0513e-52	4.35461e-53	3.481e-54	2.58713e-55	1.79206e-56	1.15956e-57	7.02363e-59	3.99032e-60	2.13025e-61	1.07047e-62	5.07154e-64	2.2687e-65	9.5963e-67	3.84323e-68	1.45915e-69	5.25804e-71	1.80035e-72	5.86348e-74	1.81824e-75	5.37343e-77	1.51477e-78	4.07665e-80	1.04826e-81	2.57737e-83	6.0637e-85	1.366e-86	2.94849e-88	6.10173e-90	1.21134e-91	2.30826e-93	4.22415e-95	7.4276e-97	1.25552e-98	2.0411e-100	3.19269e-102	4.80711e-104	6.96975e-106	9.73458e-108	1.3102e-109	1.69992e-111	2.1268e-113	2.56663e-115	2.98856e-117	3.35846e-119	3.64343e-121	3.81659e-123	3.8613e-125	3.77379e-127	3.56364e-129	3.25208e-131	2.89296e-133	
2.53986e-66	5.4584e-65	1.15307e-63	2.29413e-62	4.29098e-61	7.53095e-60	1.2377e-58	1.90066e-57	2.72079e-56	3.62142e-55	4.46957e-54	5.09997e-53	5.36283e-52	5.17897e-51	4.57615e-50	3.68495e-49	2.69269e-48	1.77748e-47	1.05494e-46	5.60174e-46	2.64789e-45	1.10846e-44	4.08771e-44	1.32039e-43	3.71176e-43	9.01046e-43	1.87166e-42	3.29446e-42	4.87397e-42	6.03547e-42	6.2526e-42	5.41817e-42	3.92392e-42	2.37828e-42	1.21448e-42	5.27743e-43	1.97125e-43	6.38504e-44	1.80681e-44	4.49595e-45	9.89698e-46	1.93838e-46	3.3963e-47	5.35144e-48	7.62024e-49	9.8515e-50	1.16127e-50	1.25308e-51	1.24231e-52	1.1354e-53	9.59594e-55	7.52121e-56	5.48151e-57	3.72383e-58	2.36343e-59	1.40435e-60	7.82782e-62	4.10049e-63	2.02211e-64	9.40245e-66	4.12856e-67	1.71431e-68	6.74049e-70	2.51271e-71	8.89113e-73	2.98961e-74	9.56248e-76	2.91243e-77	8.45429e-79	2.3411e-80	6.1894e-82	1.56354e-83	3.77687e-85	8.73024e-87	1.93237e-88	4.09828e-90	8.33358e-92	1.62567e-93	3.04399e-95	5.4739e-97	9.45823e-99	1.57105e-100	2.50977e-102	3.8577e-104	5.70759e-106	8.13159e-108	1.11598e-109	1.47588e-111	1.88148e-113	2.31281e-115	2.74222e-117	3.13695e-119	3.46316e-121	3.69068e-123	3.7976e-125	3.77379e-127	3.62245e-129	3.35944e-131	3.01057e-133	2.6293e-135	
4.4997e-68	9.86168e-67	2.12312e-65	4.30543e-64	8.20886e-63	1.46877e-61	2.46121e-60	3.85405e-59	5.62645e-58	7.63829e-57	9.61626e-56	1.11937e-54	1.20088e-53	1.18325e-52	1.06679e-51	8.76501e-51	6.53478e-50	4.40075e-49	2.66408e-48	1.44251e-47	6.95029e-47	2.96416e-46	1.11286e-45	3.65645e-45	1.04434e-44	2.57205e-44	5.40978e-44	9.61733e-44	1.43265e-43	1.78055e-43	1.84571e-43	1.59556e-43	1.14904e-43	6.90223e-44	3.48317e-44	1.49246e-44	5.48783e-45	1.74771e-45	4.85807e-46	1.18662e-46	2.56275e-47	4.9226e-48	8.45675e-49	1.3063e-49	1.82339e-50	2.31069e-51	2.66998e-52	2.82433e-53	2.74512e-54	2.45989e-55	2.03861e-56	1.56698e-57	1.1201e-58	7.46411e-60	4.64745e-61	2.70946e-62	1.48196e-63	7.61844e-65	3.68738e-66	1.683e-67	7.25463e-69	2.95748e-70	1.14177e-71	4.1795e-73	1.45234e-74	4.79609e-76	1.50674e-77	4.50761e-79	1.28534e-80	3.49651e-82	9.08156e-84	2.25392e-85	5.3493e-87	1.21491e-88	2.64224e-90	5.50634e-92	1.10022e-93	2.10899e-95	3.88049e-97	6.85715e-99	1.16429e-100	1.90041e-102	2.98327e-104	4.50593e-106	6.55089e-108	9.17075e-110	1.23668e-111	1.60698e-113	2.01281e-115	2.43091e-117	2.83165e-119	3.18223e-121	3.45112e-123	3.61269e-125	3.65127e-127	3.56364e-129	3.35944e-131	3.05946e-133	2.69218e-135	2.30817e-137	
7.70017e-70	1.72075e-68	3.77502e-67	7.80157e-66	1.51605e-64	2.76501e-63	4.72336e-62	7.54094e-61	1.12253e-59	1.55402e-58	1.99529e-57	2.36893e-56	2.59233e-55	2.60558e-54	2.39638e-53	2.00854e-52	1.52752e-51	1.04921e-50	6.4772e-50	3.57556e-49	1.75568e-48	7.62671e-48	2.91459e-47	9.7393e-47	2.82595e-46	7.06035e-46	1.50355e-45	2.69952e-45	4.04889e-45	5.05031e-45	5.23824e-45	4.51754e-45	3.23523e-45	1.92615e-45	9.6063e-46	4.05893e-46	1.4694e-46	4.60172e-47	1.2567e-47	3.01371e-48	6.38702e-49	1.20346e-49	2.02758e-50	3.07104e-51	4.203e-52	5.22212e-53	5.91625e-54	6.1363e-55	5.84838e-56	5.13939e-57	4.17728e-58	3.14943e-59	2.20842e-60	1.4438e-61	8.82061e-63	5.04625e-64	2.70876e-65	1.36677e-66	6.49362e-68	2.90961e-69	1.23138e-70	4.92901e-72	1.8686e-73	6.71732e-75	2.29249e-76	7.43576e-78	2.29458e-79	6.74317e-81	1.88892e-82	5.04813e-84	1.28818e-85	3.14118e-87	7.32494e-89	1.63462e-90	3.49322e-92	7.15327e-94	1.40449e-95	2.64554e-97	4.78333e-99	8.30604e-101	1.38586e-102	2.22282e-104	3.42886e-106	5.08901e-108	7.26994e-110	1.00002e-111	1.32501e-113	1.69167e-115	2.08178e-117	2.47007e-119	2.82661e-121	3.12049e-123	3.32421e-125	3.41798e-127	3.39284e-129	3.25208e-131	3.01057e-133	2.69218e-135	2.32596e-137	1.95748e-139	
