-0.107754	-0.117278	-0.115429	-0.109803	-0.0959538	-0.0836929	-0.0846099	-0.0838947	-0.087066	-0.0865074	-0.0822367	-0.0792766	-0.0702386	-0.0661685	-0.0605327	-0.0570037	-0.0532642	-0.0518836	-0.0491927	-0.0472712	-0.0460664	-0.0430428	-0.0417241	-0.0393023	-0.0368392	-0.0357212	-0.0328933	-0.0326297	-0.0306603	-0.0307892	-0.0303536	-0.030685	-0.0319633	-0.0323277	-0.0351839	-0.0354805	-0.0392405	-0.0397947	-0.043218	-0.0444724	-0.0469962	-0.0482863	-0.0513136	-0.0517305	-0.0563978	-0.0583311	-0.0636099	-0.0691094	-0.0756226	-0.0809556	-0.0843675	-0.0884048	-0.0843337	-0.0843536	-0.0836207	-0.0894136	-0.105158	-0.113446	-0.118238	-0.112528	-0.105159	-0.121648	-0.146673	-0.162868	-0.166786	-0.150586	-0.127444	-0.113634	-0.102931	-0.0892744	-0.0624688	0.000802569	0.103199	0.220025	0.332535	0.434049	0.518006	0.585689	0.645664	0.691064	0.699771	0.666232	0.610311	0.546949	0.470264	0.374445	0.265597	0.149904	0.0384736	-0.0428801	-0.0817565	-0.0977501	-0.109323	-0.120923	-0.140641	-0.162395	-0.166541	-0.154398	-0.132379	-0.109106	
-0.117278	-0.115602	-0.105452	-0.093977	-0.0830577	-0.0879788	-0.0914548	-0.0888341	-0.0868786	-0.0779349	-0.0750014	-0.0685731	-0.0658494	-0.0666841	-0.0645625	-0.0656392	-0.0645466	-0.0651108	-0.0615425	-0.0622922	-0.0576973	-0.0568027	-0.0535767	-0.0514153	-0.0490525	-0.0476375	-0.0451062	-0.0452694	-0.0428302	-0.0439472	-0.042596	-0.0437591	-0.0441646	-0.0450884	-0.0470138	-0.0482541	-0.0506815	-0.0529469	-0.0551142	-0.0578783	-0.0601989	-0.061778	-0.0642371	-0.0646623	-0.0650502	-0.0661311	-0.0646228	-0.0667037	-0.0669173	-0.0731647	-0.0757069	-0.0836954	-0.08879	-0.0898374	-0.0910461	-0.0834847	-0.0882523	-0.100939	-0.111533	-0.119167	-0.111535	-0.107592	-0.123247	-0.14495	-0.160071	-0.152002	-0.117698	-0.0753988	-0.0286522	0.0266754	0.0866622	0.156855	0.23869	0.30895	0.349567	0.370607	0.387234	0.402588	0.416074	0.42616	0.427996	0.420454	0.408264	0.393828	0.377258	0.358951	0.328903	0.270156	0.188694	0.112312	0.0503176	-0.00686751	-0.0577822	-0.101062	-0.14033	-0.160738	-0.152673	-0.131655	-0.112108	-0.107936	
-0.115429	-0.105452	-0.0937545	-0.0854183	-0.0887768	-0.0945077	-0.0865956	-0.0811626	-0.0748374	-0.0717055	-0.0716927	-0.0687904	-0.0732316	-0.0704393	-0.070596	-0.0685997	-0.06702	-0.0630682	-0.0613614	-0.0587367	-0.055435	-0.0552035	-0.0521567	-0.051792	-0.0509559	-0.0493638	-0.0502323	-0.0482702	-0.0495145	-0.0480991	-0.0489965	-0.0485256	-0.0487831	-0.0495838	-0.0489515	-0.0513005	-0.050004	-0.0534438	-0.0527247	-0.0561263	-0.0570408	-0.0604129	-0.0617821	-0.0663737	-0.0665043	-0.0710799	-0.0701685	-0.0723615	-0.0704814	-0.0702359	-0.0722295	-0.0724289	-0.0795701	-0.0832606	-0.0923542	-0.092884	-0.0850416	-0.089614	-0.100087	-0.112515	-0.115725	-0.108547	-0.110084	-0.123081	-0.140536	-0.14357	-0.10967	-0.0455272	0.0357773	0.132115	0.229493	0.31206	0.373162	0.396431	0.369682	0.314566	0.264244	0.226295	0.192331	0.16581	0.160546	0.180158	0.212562	0.247893	0.292399	0.349023	0.391815	0.388122	0.338941	0.264666	0.172727	0.0728476	-0.0153719	-0.0864333	-0.134753	-0.145224	-0.129578	-0.114152	-0.108051	-0.112835	
-0.109803	-0.093977	-0.0854183	-0.0882499	-0.0937401	-0.0867085	-0.0766542	-0.0746951	-0.073033	-0.0745215	-0.0722581	-0.0736093	-0.0717435	-0.0670655	-0.0666972	-0.0621549	-0.0610247	-0.0578479	-0.0592626	-0.0555601	-0.0583841	-0.0559874	-0.0573941	-0.0565708	-0.0572085	-0.0560909	-0.0575572	-0.055367	-0.0576283	-0.0552978	-0.0571566	-0.0559994	-0.0564244	-0.0569655	-0.0559391	-0.0574613	-0.0560683	-0.0571995	-0.0565744	-0.0569749	-0.0569248	-0.057949	-0.0579049	-0.0603082	-0.0614155	-0.0641975	-0.0675765	-0.06892	-0.0740941	-0.0719476	-0.0740253	-0.0732226	-0.0742606	-0.0754618	-0.0810369	-0.0930781	-0.0913955	-0.0853563	-0.0891249	-0.103493	-0.114756	-0.110371	-0.104851	-0.107499	-0.116436	-0.121737	-0.0933286	-0.0174716	0.0928885	0.225916	0.358707	0.455943	0.497852	0.476115	0.38975	0.267261	0.15229	0.0593965	-0.0212227	-0.081295	-0.0928837	-0.0488505	0.0259808	0.112515	0.218386	0.342864	0.448785	0.496752	0.479605	0.404014	0.281124	0.143427	0.0232977	-0.0677093	-0.116098	-0.12019	-0.110193	-0.105694	-0.107388	-0.114013	
-0.0959538	-0.0830577	-0.0887768	-0.0937401	-0.0878534	-0.075471	-0.0721063	-0.075789	-0.0755213	-0.0733595	-0.0714071	-0.0697331	-0.0638238	-0.0633651	-0.0611333	-0.0600657	-0.0600955	-0.0607281	-0.0602443	-0.0602663	-0.0608359	-0.0588515	-0.0598151	-0.0579957	-0.057718	-0.0573895	-0.0560684	-0.0566761	-0.05534	-0.0561549	-0.0553411	-0.0561066	-0.0560073	-0.0564608	-0.0573861	-0.0570833	-0.0591474	-0.0580425	-0.0605071	-0.0592283	-0.0609835	-0.0599436	-0.0608808	-0.0598807	-0.0610939	-0.0599089	-0.0634601	-0.0626394	-0.0674104	-0.0715162	-0.0721848	-0.0746521	-0.0760194	-0.0742614	-0.0720171	-0.0823281	-0.0932746	-0.0916884	-0.0838568	-0.0885908	-0.107658	-0.11361	-0.104525	-0.0968831	-0.093749	-0.0914589	-0.0643005	0.0164667	0.147053	0.308521	0.469787	0.580431	0.605739	0.543398	0.406781	0.228074	0.0530241	-0.0956101	-0.220598	-0.308471	-0.325016	-0.261645	-0.148498	-0.010043	0.155452	0.338046	0.496296	0.590572	0.601858	0.523047	0.374918	0.208927	0.0644775	-0.0388924	-0.0861043	-0.0932996	-0.0952602	-0.10113	-0.110132	-0.112746	
-0.0836929	-0.0879788	-0.0945077	-0.0867085	-0.075471	-0.0697153	-0.0774902	-0.0797271	-0.0717972	-0.0689011	-0.0662335	-0.0627808	-0.0613885	-0.0628301	-0.0619507	-0.0626343	-0.0625592	-0.0614911	-0.0598751	-0.0595675	-0.0568225	-0.0567307	-0.0549431	-0.0543994	-0.0534796	-0.0533412	-0.0521782	-0.0530053	-0.051415	-0.0527377	-0.0513795	-0.0524039	-0.0519631	-0.0522654	-0.0529975	-0.0527369	-0.0544445	-0.0541555	-0.0563852	-0.0566131	-0.0586311	-0.0597477	-0.060714	-0.0619397	-0.0626625	-0.0616874	-0.0629302	-0.0625554	-0.0609553	-0.065262	-0.0682669	-0.0698644	-0.0765734	-0.080496	-0.0723046	-0.0711296	-0.0821862	-0.093001	-0.0916792	-0.0830635	-0.0919621	-0.107855	-0.10666	-0.0927765	-0.0748645	-0.0572568	-0.023808	0.060479	0.203179	0.382307	0.56094	0.680131	0.691826	0.595434	0.418284	0.194866	-0.0335053	-0.236353	-0.402104	-0.511235	-0.531215	-0.454143	-0.307789	-0.118776	0.101958	0.332209	0.53227	0.665156	0.6992	0.618852	0.456249	0.272729	0.111613	0.00155884	-0.0476768	-0.0673541	-0.0859749	-0.101823	-0.109543	-0.0996566	
-0.0846099	-0.0914548	-0.0865956	-0.0766542	-0.0721063	-0.0774902	-0.0830764	-0.0691859	-0.0625471	-0.0653258	-0.0639554	-0.0640741	-0.0643944	-0.0659132	-0.0617164	-0.0615113	-0.0585179	-0.0562584	-0.0553736	-0.0538677	-0.0531569	-0.053218	-0.0523842	-0.052824	-0.0524603	-0.0525689	-0.0525519	-0.0526388	-0.0524259	-0.0528872	-0.0522705	-0.0530226	-0.0522874	-0.052834	-0.0525247	-0.0523673	-0.0527804	-0.0522195	-0.0527001	-0.0533398	-0.0528409	-0.0555352	-0.0556164	-0.0574606	-0.0611696	-0.0609217	-0.0635894	-0.0660584	-0.0638497	-0.0633009	-0.0655718	-0.0634631	-0.0641783	-0.0788236	-0.0818007	-0.0730373	-0.0735967	-0.0828363	-0.0911923	-0.0872323	-0.085366	-0.0961115	-0.101201	-0.0898588	-0.0615813	-0.0237637	0.02479	0.114945	0.264094	0.450428	0.633268	0.752761	0.753069	0.630688	0.422487	0.164806	-0.108499	-0.360909	-0.56259	-0.687098	-0.709191	-0.623239	-0.449144	-0.213764	0.0553165	0.323277	0.555338	0.717551	0.768873	0.692064	0.527095	0.336401	0.167197	0.0537819	-0.00581867	-0.0471445	-0.0808552	-0.0984121	-0.100158	-0.0888356	
-0.0838947	-0.0888341	-0.0811626	-0.0746951	-0.075789	-0.0797271	-0.0691859	-0.0581286	-0.067984	-0.0701093	-0.0662491	-0.0635001	-0.0638573	-0.0590005	-0.0543342	-0.0573668	-0.0525676	-0.055345	-0.054132	-0.0552853	-0.0543085	-0.0560063	-0.0537035	-0.0560336	-0.05327	-0.0554085	-0.0531002	-0.0546541	-0.0531657	-0.0540034	-0.0536285	-0.0534447	-0.0545704	-0.0531194	-0.0555583	-0.0535557	-0.0556486	-0.055041	-0.0545843	-0.0561174	-0.0541804	-0.054369	-0.0557894	-0.052306	-0.056109	-0.0566259	-0.0558196	-0.0626074	-0.0641469	-0.0642584	-0.0688864	-0.070885	-0.0605379	-0.0625982	-0.0772566	-0.0782744	-0.0737538	-0.0778382	-0.0871726	-0.0863888	-0.0816818	-0.0877617	-0.0924637	-0.0825523	-0.0496088	0.00680012	0.0771237	0.177758	0.329976	0.514932	0.689685	0.799369	0.7886	0.648471	0.418219	0.135156	-0.173835	-0.468134	-0.699806	-0.835177	-0.858444	-0.76697	-0.570618	-0.295846	0.0127713	0.309508	0.564689	0.746821	0.811396	0.744784	0.589034	0.401752	0.232094	0.112821	0.0332871	-0.0301159	-0.0721282	-0.0904946	-0.0913502	-0.0822325	
-0.087066	-0.0868786	-0.0748374	-0.073033	-0.0755213	-0.0717972	-0.0625471	-0.067984	-0.0745497	-0.0635203	-0.0579146	-0.0592647	-0.0588238	-0.0525362	-0.0593667	-0.0581453	-0.0559688	-0.0591575	-0.0560101	-0.0555018	-0.0551098	-0.0533221	-0.0523443	-0.0524218	-0.0500999	-0.0512662	-0.0493342	-0.0497399	-0.0496313	-0.0483452	-0.0503273	-0.0476544	-0.0507738	-0.0483272	-0.0505139	-0.0506592	-0.0501263	-0.0535024	-0.0517255	-0.0546199	-0.0562277	-0.0545031	-0.0589626	-0.0572743	-0.0555613	-0.0602105	-0.0546649	-0.0554588	-0.0605482	-0.0578142	-0.0594921	-0.0718573	-0.0721042	-0.0632703	-0.0673511	-0.0754119	-0.0743428	-0.0720758	-0.0827959	-0.0887417	-0.0798537	-0.078444	-0.0816523	-0.0716989	-0.0360038	0.0350132	0.129728	0.245827	0.399523	0.576282	0.733184	0.823402	0.799866	0.648904	0.404743	0.103739	-0.231517	-0.557808	-0.812674	-0.955789	-0.979705	-0.88461	-0.671356	-0.366288	-0.0280474	0.289603	0.560093	0.753806	0.829469	0.780169	0.644059	0.469194	0.302686	0.172904	0.0702248	-0.0113905	-0.0606058	-0.0807464	-0.0799665	-0.0769297	
-0.0865074	-0.0779349	-0.0717055	-0.0745215	-0.0733595	-0.0689011	-0.0653258	-0.0701093	-0.0635203	-0.0539909	-0.0603643	-0.062698	-0.0576207	-0.0587947	-0.0625035	-0.0529675	-0.0559353	-0.0537123	-0.0501188	-0.0508861	-0.0506797	-0.0471319	-0.0514677	-0.0464438	-0.0505958	-0.0474384	-0.0497049	-0.0481886	-0.0494684	-0.0485387	-0.0492663	-0.0491483	-0.0484464	-0.0502189	-0.0473075	-0.0508255	-0.0473201	-0.0496342	-0.0495665	-0.047716	-0.0520556	-0.0497554	-0.0518618	-0.056584	-0.0533184	-0.0588772	-0.0612073	-0.0566159	-0.0606463	-0.0634713	-0.0543143	-0.0589688	-0.0686353	-0.067069	-0.0671422	-0.0711356	-0.075595	-0.0719828	-0.0742361	-0.0854245	-0.0815694	-0.0729797	-0.0696045	-0.0563826	-0.018075	0.0626503	0.179902	0.315141	0.470652	0.634282	0.766236	0.829282	0.79008	0.632993	0.381763	0.0691215	-0.283307	-0.630599	-0.901373	-1.05012	-1.07448	-0.976631	-0.75166	-0.4265	-0.0688283	0.262756	0.541875	0.740811	0.827402	0.801927	0.693156	0.536617	0.37478	0.232073	0.106473	0.00921664	-0.0455889	-0.0667461	-0.0705731	-0.0781372	
-0.0822367	-0.0750014	-0.0716927	-0.0722581	-0.0714071	-0.0662335	-0.0639554	-0.0662491	-0.0579146	-0.0603643	-0.0653492	-0.0585184	-0.0553307	-0.0574469	-0.0531478	-0.048905	-0.0553247	-0.0490787	-0.0514669	-0.0529848	-0.0502484	-0.0519805	-0.0527693	-0.0493059	-0.0540196	-0.0486988	-0.0527865	-0.0498002	-0.0506879	-0.05129	-0.048989	-0.0525728	-0.0482321	-0.0532316	-0.0489276	-0.0526556	-0.0511665	-0.0511002	-0.0530928	-0.0508121	-0.0515483	-0.0532496	-0.0480935	-0.0541379	-0.0505766	-0.0514087	-0.0563819	-0.0570625	-0.055099	-0.0642343	-0.0632987	-0.0572291	-0.0641689	-0.0641167	-0.0654746	-0.0690775	-0.0721025	-0.0723043	-0.0718448	-0.0809405	-0.0804123	-0.0682812	-0.0583897	-0.0394636	0.00436703	0.0927015	0.227727	0.381996	0.540121	0.688043	0.790868	0.821605	0.763446	0.602529	0.349457	0.0306375	-0.330544	-0.687883	-0.967223	-1.11998	-1.14477	-1.04454	-0.812834	-0.477854	-0.110541	0.228674	0.511007	0.711293	0.810096	0.813108	0.736222	0.601784	0.445472	0.28866	0.142192	0.0332983	-0.0262421	-0.0523981	-0.0639468	-0.0764515	
-0.0792766	-0.0685731	-0.0687904	-0.0736093	-0.0697331	-0.0627808	-0.0640741	-0.0635001	-0.0592647	-0.062698	-0.0585184	-0.053637	-0.0540328	-0.0560682	-0.0513026	-0.0546603	-0.0555461	-0.050129	-0.0552914	-0.0508359	-0.0501935	-0.0516324	-0.0477436	-0.0489519	-0.04827	-0.0458772	-0.0484542	-0.0450212	-0.0472226	-0.0460278	-0.0456159	-0.0473602	-0.0450026	-0.0478518	-0.0460939	-0.0475477	-0.048196	-0.0482405	-0.0492391	-0.0518344	-0.0487521	-0.055726	-0.0506484	-0.0541637	-0.0552847	-0.0515498	-0.0538177	-0.0554998	-0.0537438	-0.0551069	-0.0626707	-0.0592761	-0.0626521	-0.0640883	-0.0624322	-0.0673637	-0.0724427	-0.0717195	-0.0668191	-0.074897	-0.0802926	-0.0658765	-0.0465072	-0.0199788	0.0300732	0.125052	0.273845	0.444836	0.60523	0.736066	0.808255	0.804514	0.724558	0.559942	0.308493	-0.0117219	-0.374119	-0.731499	-1.01243	-1.16763	-1.19286	-1.09063	-0.856914	-0.521598	-0.153521	0.187629	0.469128	0.669193	0.782078	0.816098	0.773133	0.66262	0.51172	0.341459	0.178854	0.0617387	-0.00390741	-0.0374146	-0.0579871	-0.0765788	
-0.0702386	-0.0658494	-0.0732316	-0.0717435	-0.0638238	-0.0613885	-0.0643944	-0.0638573	-0.0588238	-0.0576207	-0.0553307	-0.0540328	-0.0568792	-0.0556554	-0.0519087	-0.055621	-0.0497744	-0.0502359	-0.0501744	-0.0469262	-0.0477833	-0.0481042	-0.0446747	-0.0494063	-0.0441844	-0.0487302	-0.0456419	-0.0473385	-0.0470938	-0.0463801	-0.0479715	-0.0457127	-0.0487145	-0.044983	-0.0492931	-0.0447965	-0.0486974	-0.0462597	-0.0467641	-0.0485231	-0.0466488	-0.0486855	-0.0511179	-0.0484763	-0.0549826	-0.0531576	-0.0545497	-0.0557336	-0.0559662	-0.05414	-0.057392	-0.0574395	-0.0617789	-0.0652967	-0.0616632	-0.0623025	-0.0683761	-0.0742022	-0.0684161	-0.0675428	-0.0741567	-0.0637093	-0.0379075	0.000196248	0.0601069	0.160646	0.317969	0.502093	0.664241	0.777441	0.819067	0.781153	0.677713	0.508094	0.260043	-0.057461	-0.41455	-0.763497	-1.03977	-1.19565	-1.22127	-1.1177	-0.88636	-0.558827	-0.197603	0.140431	0.41834	0.6184	0.747236	0.812817	0.803528	0.716897	0.571495	0.390963	0.217664	0.0940504	0.020206	-0.0240024	-0.0546111	-0.0732803	
-0.0661685	-0.0666841	-0.0704393	-0.0670655	-0.0633651	-0.0628301	-0.0659132	-0.0590005	-0.0525362	-0.0587947	-0.0574469	-0.0560682	-0.0556554	-0.0517551	-0.0511725	-0.0504882	-0.0483187	-0.0493728	-0.0490499	-0.0480895	-0.0498221	-0.048424	-0.0486114	-0.0495609	-0.0469417	-0.0497009	-0.0464159	-0.0485392	-0.0470747	-0.046931	-0.0482107	-0.0457863	-0.0491232	-0.0457425	-0.0492857	-0.0469861	-0.0487698	-0.0486015	-0.048665	-0.048835	-0.0496171	-0.0477867	-0.04993	-0.0480337	-0.0495775	-0.0500749	-0.052186	-0.0541291	-0.0558883	-0.0562871	-0.0596265	-0.0545427	-0.0551954	-0.0645584	-0.0642181	-0.0629087	-0.0649109	-0.0700439	-0.0681211	-0.0652749	-0.0688712	-0.0580492	-0.0284184	0.0188362	0.0912662	0.199879	0.361628	0.55307	0.7154	0.811502	0.824	0.753866	0.626492	0.449924	0.205698	-0.10572	-0.452094	-0.785938	-1.05227	-1.20679	-1.23264	-1.12879	-0.903772	-0.590479	-0.242285	0.0883155	0.361024	0.562458	0.708631	0.804538	0.826965	0.763302	0.624279	0.437722	0.258293	0.128596	0.0444386	-0.0111475	-0.0486608	-0.0671689	
-0.0605327	-0.0645625	-0.070596	-0.0666972	-0.0611333	-0.0619507	-0.0617164	-0.0543342	-0.0593667	-0.0625035	-0.0531478	-0.0513026	-0.0519087	-0.0511725	-0.049282	-0.0524376	-0.0498892	-0.0507026	-0.0502853	-0.0484524	-0.0487847	-0.0469006	-0.0465726	-0.0459537	-0.0449096	-0.0452891	-0.0441512	-0.0447519	-0.0440658	-0.0443608	-0.0443258	-0.0441799	-0.0447715	-0.0442472	-0.0454141	-0.0446723	-0.0462369	-0.0458155	-0.0471025	-0.0478849	-0.048419	-0.0495655	-0.0512678	-0.0491852	-0.0532036	-0.0497498	-0.0499353	-0.0516547	-0.0523002	-0.0508369	-0.0592562	-0.0619173	-0.054761	-0.0589882	-0.0619443	-0.0616015	-0.0636979	-0.0701707	-0.0682175	-0.0603643	-0.0624515	-0.0530672	-0.0184471	0.0382741	0.122521	0.240391	0.405023	0.598556	0.758182	0.837744	0.823525	0.724331	0.573713	0.388201	0.147292	-0.155428	-0.486837	-0.800747	-1.05293	-1.20389	-1.2297	-1.12696	-0.911668	-0.617353	-0.286875	0.0328074	0.299626	0.504303	0.668415	0.792192	0.843471	0.801347	0.669812	0.481724	0.300254	0.164756	0.0689753	0.00152298	-0.0427334	-0.0612545	
-0.0570037	-0.0656392	-0.0685997	-0.0621549	-0.0600657	-0.0626343	-0.0615113	-0.0573668	-0.0581453	-0.0529675	-0.048905	-0.0546603	-0.055621	-0.0504882	-0.0524376	-0.0522412	-0.0463337	-0.049385	-0.0459977	-0.045206	-0.0462366	-0.0447175	-0.0449099	-0.0461803	-0.0437934	-0.0468738	-0.0439226	-0.0462474	-0.0449518	-0.0449538	-0.0462141	-0.0437238	-0.0471058	-0.0432186	-0.0469876	-0.0439563	-0.0456818	-0.0454105	-0.044721	-0.0454438	-0.0466526	-0.0436996	-0.050021	-0.0458782	-0.0499493	-0.0531409	-0.0514174	-0.0528251	-0.0561866	-0.0510284	-0.0501971	-0.0573512	-0.0568697	-0.0605261	-0.0621581	-0.0611263	-0.0606247	-0.0657081	-0.0687728	-0.0596772	-0.0553666	-0.0454832	-0.00856914	0.0571736	0.15402	0.281601	0.447443	0.638701	0.792846	0.856435	0.818166	0.693607	0.521394	0.325367	0.0867479	-0.205438	-0.518787	-0.809627	-1.04458	-1.18976	-1.21515	-1.11511	-0.912333	-0.640123	-0.330608	-0.0244432	0.236439	0.446199	0.628085	0.776578	0.853278	0.830886	0.708398	0.523579	0.343116	0.200881	0.0922524	0.0140867	-0.0344031	-0.0532669	
-0.0532642	-0.0645466	-0.06702	-0.0610247	-0.0600955	-0.0625592	-0.0585179	-0.0525676	-0.0559688	-0.0559353	-0.0553247	-0.0555461	-0.0497744	-0.0483187	-0.0498892	-0.0463337	-0.0463659	-0.0492342	-0.0459218	-0.0479018	-0.0485435	-0.0453696	-0.0488515	-0.0450036	-0.0468187	-0.0455882	-0.0450563	-0.0455593	-0.0446316	-0.0449894	-0.0449613	-0.0447786	-0.0451473	-0.0455223	-0.0450073	-0.046736	-0.0455179	-0.0469245	-0.0477209	-0.0456429	-0.0498977	-0.0455317	-0.0484335	-0.0478278	-0.0460187	-0.0480307	-0.0490659	-0.0490428	-0.0528675	-0.0562265	-0.0547351	-0.0572386	-0.0526265	-0.0559088	-0.0618284	-0.0611157	-0.0603871	-0.0644101	-0.067382	-0.057459	-0.049019	-0.0370535	0.0024886	0.0754805	0.184135	0.322498	0.489057	0.674057	0.819711	0.868042	0.808631	0.662469	0.470873	0.263407	0.0259077	-0.254629	-0.547923	-0.814022	-1.02972	-1.16708	-1.19166	-1.09589	-0.907742	-0.659356	-0.372743	-0.0818213	0.173481	0.389809	0.588608	0.758304	0.856854	0.852555	0.740958	0.563184	0.385164	0.235891	0.115429	0.0276945	-0.0255959	-0.0460904	
-0.0518836	-0.0651108	-0.0630682	-0.0578479	-0.0607281	-0.0614911	-0.0562584	-0.055345	-0.0591575	-0.0537123	-0.0490787	-0.050129	-0.0502359	-0.0493728	-0.0507026	-0.049385	-0.0492342	-0.0491925	-0.045861	-0.047574	-0.0445066	-0.0444137	-0.0446361	-0.04248	-0.0440121	-0.0425509	-0.0427089	-0.0433143	-0.0417295	-0.0437664	-0.0414057	-0.0438405	-0.0415565	-0.043756	-0.0421284	-0.0435741	-0.0432757	-0.0434981	-0.0448517	-0.0443056	-0.0463424	-0.0465598	-0.0477417	-0.0493888	-0.0489535	-0.0512849	-0.0491762	-0.0502081	-0.0501025	-0.0497602	-0.0506798	-0.0583164	-0.0569311	-0.0550727	-0.0595462	-0.0615266	-0.0587114	-0.0598343	-0.0664522	-0.0579686	-0.043514	-0.0275298	0.0148732	0.0942217	0.212742	0.361283	0.528924	0.70545	0.839855	0.873291	0.795564	0.631466	0.423016	0.203851	-0.0335991	-0.301999	-0.574233	-0.815115	-1.01048	-1.13832	-1.16168	-1.07163	-0.899529	-0.675532	-0.412632	-0.137862	0.112417	0.336256	0.550563	0.737986	0.85504	0.867278	0.768019	0.600181	0.425932	0.269695	0.137498	0.0411744	-0.0149283	-0.0378501	
-0.0491927	-0.0615425	-0.0613614	-0.0592626	-0.0602443	-0.0598751	-0.0553736	-0.054132	-0.0560101	-0.0501188	-0.0514669	-0.0552914	-0.0501744	-0.0490499	-0.0502853	-0.0459977	-0.0459218	-0.045861	-0.0440459	-0.0450928	-0.0446307	-0.0441581	-0.0454373	-0.0436321	-0.0455287	-0.0436787	-0.0449864	-0.0440826	-0.0443091	-0.0445379	-0.0438183	-0.0449633	-0.0435148	-0.0453859	-0.0433729	-0.045612	-0.0436083	-0.0452119	-0.0444318	-0.0442546	-0.0452436	-0.0442443	-0.0448606	-0.0466143	-0.0449587	-0.0487795	-0.0498531	-0.049227	-0.0531645	-0.0542381	-0.0489027	-0.0544864	-0.0548918	-0.0544493	-0.0584987	-0.060047	-0.0603381	-0.0594566	-0.0628548	-0.0554751	-0.0385287	-0.0187568	0.027012	0.112786	0.240417	0.397949	0.566209	0.732918	0.85431	0.873298	0.779754	0.600998	0.378306	0.147808	-0.0904204	-0.346711	-0.597738	-0.813855	-0.988625	-1.10568	-1.1275	-1.04429	-0.889011	-0.689055	-0.449749	-0.191334	0.0545248	0.286252	0.51434	0.716251	0.848717	0.876045	0.790449	0.63465	0.464341	0.300987	0.158982	0.0561846	-0.00427991	-0.032037	
-0.0472712	-0.0622922	-0.0587367	-0.0555601	-0.0602663	-0.0595675	-0.0538677	-0.0552853	-0.0555018	-0.0508861	-0.0529848	-0.0508359	-0.0469262	-0.0480895	-0.0484524	-0.045206	-0.0479018	-0.047574	-0.0450928	-0.0478302	-0.0449253	-0.0450663	-0.0454613	-0.0429999	-0.0447087	-0.0425997	-0.0432723	-0.042899	-0.042148	-0.0432309	-0.0416201	-0.0435584	-0.041612	-0.0439413	-0.0422181	-0.0441839	-0.0437239	-0.0441307	-0.0458229	-0.0445129	-0.0468663	-0.0465599	-0.045797	-0.0487556	-0.0455671	-0.0476682	-0.0478613	-0.0480714	-0.0478827	-0.0538053	-0.050705	-0.0537564	-0.0562008	-0.0531608	-0.0577845	-0.0601764	-0.0576901	-0.0563979	-0.0621378	-0.0557087	-0.0336832	-0.00839469	0.0402537	0.130607	0.265809	0.431746	0.600852	0.756998	0.864019	0.869059	0.762013	0.571457	0.337008	0.0960115	-0.143521	-0.388125	-0.618497	-0.810984	-0.965573	-1.07108	-1.09109	-1.01552	-0.877213	-0.700274	-0.483716	-0.241282	0.000731294	0.24022	0.480184	0.693677	0.838901	0.880125	0.80894	0.665966	0.499656	0.330376	0.179945	0.0705204	0.00651291	-0.0243151	
-0.0460664	-0.0576973	-0.055435	-0.0583841	-0.0608359	-0.0568225	-0.0531569	-0.0543085	-0.0551098	-0.0506797	-0.0502484	-0.0501935	-0.0477833	-0.0498221	-0.0487847	-0.0462366	-0.0485435	-0.0445066	-0.0446307	-0.0449253	-0.0421096	-0.0435201	-0.0428465	-0.0412107	-0.0438829	-0.0404417	-0.043451	-0.041322	-0.0421093	-0.0427082	-0.0408321	-0.0437653	-0.0401528	-0.0440957	-0.0403711	-0.0435599	-0.0414668	-0.0427928	-0.0425172	-0.0435075	-0.0424666	-0.0462985	-0.0428997	-0.0483009	-0.0463199	-0.0481099	-0.0491367	-0.04895	-0.0486384	-0.05072	-0.0499902	-0.0532391	-0.0555612	-0.0528876	-0.0552827	-0.0594308	-0.0604021	-0.0555835	-0.0572709	-0.053147	-0.0305335	-0.000214801	0.0532219	0.148799	0.289938	0.462172	0.63192	0.777884	0.870139	0.86172	0.743099	0.543172	0.299255	0.0489106	-0.192172	-0.425797	-0.636607	-0.807083	-0.942432	-1.03612	-1.05416	-0.986637	-0.864925	-0.709493	-0.514298	-0.28702	-0.0483571	0.198365	0.448287	0.670901	0.826643	0.880547	0.82394	0.694137	0.531865	0.357169	0.199593	0.0855015	0.0177232	-0.0193908	
-0.0430428	-0.0568027	-0.0552035	-0.0559874	-0.0588515	-0.0567307	-0.053218	-0.0560063	-0.0533221	-0.0471319	-0.0519805	-0.0516324	-0.0481042	-0.048424	-0.0469006	-0.0447175	-0.0453696	-0.0444137	-0.0441581	-0.0450663	-0.0435201	-0.045185	-0.0435165	-0.0443725	-0.0438788	-0.0433466	-0.0439287	-0.0428876	-0.0434957	-0.0430282	-0.0430218	-0.0433489	-0.042998	-0.0435419	-0.0435017	-0.043704	-0.0440773	-0.0441601	-0.0441917	-0.0447829	-0.0439568	-0.0450204	-0.0438319	-0.0453069	-0.0445791	-0.0462629	-0.0478638	-0.0485468	-0.0492978	-0.0534663	-0.0481293	-0.0501555	-0.0561853	-0.0534986	-0.0555849	-0.0577416	-0.0579478	-0.0549417	-0.056411	-0.051797	-0.0261692	0.0090146	0.065703	0.165339	0.311994	0.489692	0.659623	0.795678	0.873392	0.852324	0.723817	0.516482	0.265098	0.00672735	-0.235917	-0.459466	-0.652202	-0.802603	-0.92005	-1.00209	-1.01811	-0.958678	-0.85274	-0.716981	-0.541386	-0.328121	-0.0923942	0.160771	0.418831	0.648503	0.812871	0.878351	0.836117	0.719015	0.560331	0.381429	0.218624	0.099865	0.0275733	-0.0135236	
-0.0417241	-0.0535767	-0.0521567	-0.0573941	-0.0598151	-0.0549431	-0.0523842	-0.0537035	-0.0523443	-0.0514677	-0.0527693	-0.0477436	-0.0446747	-0.0486114	-0.0465726	-0.0449099	-0.0488515	-0.0446361	-0.0454373	-0.0454613	-0.0428465	-0.0435165	-0.0428162	-0.0408475	-0.0429559	-0.0396771	-0.0422275	-0.0399477	-0.0410873	-0.040814	-0.0400779	-0.04173	-0.0394938	-0.0423873	-0.0396893	-0.0425042	-0.0409945	-0.0423578	-0.0427801	-0.0435623	-0.0433345	-0.0470399	-0.0432301	-0.0487038	-0.0459041	-0.0458058	-0.0473527	-0.0472199	-0.0450388	-0.0512874	-0.0526842	-0.0508696	-0.0543882	-0.052096	-0.0538841	-0.0580849	-0.0592084	-0.0539137	-0.0527583	-0.0493368	-0.0235628	0.0163242	0.0779353	0.181645	0.332081	0.513625	0.683675	0.810774	0.874633	0.841772	0.704845	0.491717	0.234569	-0.0304713	-0.274527	-0.489023	-0.665444	-0.797895	-0.899065	-0.970038	-0.984053	-0.932442	-0.841106	-0.72298	-0.564981	-0.364367	-0.131231	0.127442	0.391978	0.627043	0.798516	0.87445	0.845757	0.740464	0.585371	0.403372	0.236058	0.113333	0.0374585	-0.00872551	
-0.0393023	-0.0514153	-0.051792	-0.0565708	-0.0579957	-0.0543994	-0.052824	-0.0560336	-0.0524218	-0.0464438	-0.0493059	-0.0489519	-0.0494063	-0.0495609	-0.0459537	-0.0461803	-0.0450036	-0.04248	-0.0436321	-0.0429999	-0.0412107	-0.0443725	-0.0408475	-0.0437861	-0.0422332	-0.0424968	-0.0432007	-0.042067	-0.0430278	-0.0424718	-0.0424449	-0.042871	-0.0423581	-0.0426816	-0.0429199	-0.0422323	-0.0431654	-0.0426451	-0.0420057	-0.0440872	-0.0407211	-0.0444755	-0.042354	-0.0438067	-0.0457835	-0.0464839	-0.0479169	-0.0498601	-0.0489278	-0.0495068	-0.0474679	-0.0489478	-0.0559139	-0.0537941	-0.0534657	-0.056306	-0.0582161	-0.0535334	-0.0511751	-0.0475653	-0.0202121	0.0238027	0.0888662	0.196062	0.350142	0.534601	0.704205	0.823212	0.874447	0.830917	0.686835	0.469184	0.207683	-0.0627227	-0.307949	-0.514482	-0.67651	-0.793236	-0.879949	-0.940736	-0.952859	-0.908527	-0.830353	-0.727709	-0.585165	-0.395709	-0.164866	0.0983407	0.36791	0.607047	0.784326	0.869528	0.853321	0.758792	0.606889	0.422462	0.251982	0.126169	0.046228	-0.00453157	
-0.0368392	-0.0490525	-0.0509559	-0.0572085	-0.057718	-0.0534796	-0.0524603	-0.05327	-0.0500999	-0.0505958	-0.0540196	-0.04827	-0.0441844	-0.0469417	-0.0449096	-0.0437934	-0.0468187	-0.0440121	-0.0455287	-0.0447087	-0.0438829	-0.0438788	-0.0429559	-0.0422332	-0.0424673	-0.0408093	-0.0420701	-0.0400931	-0.0416267	-0.0400856	-0.0411809	-0.0405989	-0.0408511	-0.04144	-0.0408488	-0.0423574	-0.0415369	-0.0431125	-0.0429506	-0.0441009	-0.0439479	-0.0460203	-0.0437237	-0.0467035	-0.0446386	-0.0438671	-0.0459982	-0.0460295	-0.0452263	-0.0523577	-0.0529465	-0.0487841	-0.0530632	-0.0522705	-0.0531968	-0.0559172	-0.0581122	-0.0539428	-0.0491206	-0.0445867	-0.0175962	0.0295218	0.0988537	0.209363	0.365893	0.552286	0.721375	0.833358	0.873365	0.820404	0.670332	0.449181	0.184459	-0.0901287	-0.336251	-0.535941	-0.685586	-0.788845	-0.863041	-0.914765	-0.925167	-0.887371	-0.820728	-0.731367	-0.602075	-0.422218	-0.193388	0.0734174	0.34679	0.588955	0.77097	0.864282	0.859143	0.773914	0.624935	0.439207	0.266378	0.137323	0.0536462	-0.000552714	
-0.0357212	-0.0476375	-0.0493638	-0.0560909	-0.0573895	-0.0533412	-0.0525689	-0.0554085	-0.0512662	-0.0474384	-0.0486988	-0.0458772	-0.0487302	-0.0497009	-0.0452891	-0.0468738	-0.0455882	-0.0425509	-0.0436787	-0.0425997	-0.0404417	-0.0433466	-0.0396771	-0.0424968	-0.0408093	-0.0413105	-0.0416922	-0.0409813	-0.0416128	-0.0413607	-0.0411499	-0.0416798	-0.0411094	-0.0413901	-0.0417147	-0.0408027	-0.042117	-0.041198	-0.0411387	-0.0431694	-0.0399745	-0.044532	-0.0422871	-0.0441226	-0.0467474	-0.0465589	-0.047337	-0.049849	-0.0468556	-0.0470786	-0.0488111	-0.0483079	-0.0549831	-0.0536298	-0.0524211	-0.0557653	-0.0575319	-0.0521942	-0.0477215	-0.0438003	-0.0152203	0.0353639	0.107525	0.220549	0.379283	0.567009	0.735343	0.841383	0.871826	0.810803	0.655796	0.431966	0.164924	-0.112819	-0.359579	-0.553553	-0.692853	-0.784898	-0.848583	-0.892536	-0.901439	-0.869282	-0.812413	-0.734131	-0.61588	-0.444037	-0.216944	0.0526136	0.328783	0.573178	0.758996	0.859141	0.863463	0.786216	0.639912	0.45317	0.278366	0.147161	0.0608141	0.00286029	
-0.0328933	-0.0451062	-0.0502323	-0.0575572	-0.0560684	-0.0521782	-0.0525519	-0.0531002	-0.0493342	-0.0497049	-0.0527865	-0.0484542	-0.0456419	-0.0464159	-0.0441512	-0.0439226	-0.0450563	-0.0427089	-0.0449864	-0.0432723	-0.043451	-0.0439287	-0.0422275	-0.0432007	-0.0420701	-0.0416922	-0.0422915	-0.0405806	-0.0422888	-0.0402782	-0.0420723	-0.0405931	-0.0418595	-0.0412977	-0.041751	-0.0422807	-0.0418327	-0.0433312	-0.0422898	-0.0441771	-0.0429437	-0.0447809	-0.0432989	-0.0445186	-0.0441785	-0.0432593	-0.0456383	-0.0463005	-0.0466355	-0.0511905	-0.0518888	-0.0481237	-0.0523319	-0.0527114	-0.0523979	-0.054119	-0.05774	-0.0541636	-0.0462505	-0.0404806	-0.0130496	0.0390117	0.114461	0.230098	0.390339	0.578752	0.74629	0.847515	0.870164	0.802552	0.643609	0.417765	0.149101	-0.130931	-0.378111	-0.567492	-0.698479	-0.781534	-0.836742	-0.874334	-0.881993	-0.854474	-0.805544	-0.736154	-0.626756	-0.461349	-0.235699	0.0358823	0.314039	0.560027	0.748813	0.854547	0.866651	0.795798	0.651605	0.464491	0.288736	0.15541	0.0656676	0.00523267	
-0.0326297	-0.0452694	-0.0482702	-0.055367	-0.0566761	-0.0530053	-0.0526388	-0.0546541	-0.0497399	-0.0481886	-0.0498002	-0.0450212	-0.0473385	-0.0485392	-0.0447519	-0.0462474	-0.0455593	-0.0433143	-0.0440826	-0.042899	-0.041322	-0.0428876	-0.0399477	-0.042067	-0.0400931	-0.0409813	-0.0405806	-0.0403639	-0.040704	-0.0402941	-0.0405928	-0.0403697	-0.0407238	-0.0402401	-0.0412902	-0.0401324	-0.0417647	-0.0409302	-0.0413887	-0.0429619	-0.0410163	-0.0445047	-0.0431217	-0.0444387	-0.0464838	-0.0459652	-0.0463303	-0.0486051	-0.0455719	-0.0474369	-0.0501869	-0.0474459	-0.0537541	-0.0534229	-0.0523099	-0.0552832	-0.0565144	-0.0515756	-0.0458264	-0.0408363	-0.0115228	0.0430823	0.120234	0.237231	0.398621	0.587604	0.754496	0.852008	0.868644	0.795963	0.634057	0.406769	0.137021	-0.144594	-0.392032	-0.577929	-0.702612	-0.77886	-0.827632	-0.860342	-0.867036	-0.843088	-0.800219	-0.737564	-0.634869	-0.474336	-0.249812	0.0231787	0.302679	0.549768	0.740779	0.850782	0.868807	0.802864	0.66054	0.473252	0.296327	0.161458	0.0704348	0.00802391	
-0.0306603	-0.0428302	-0.0495145	-0.0576283	-0.05534	-0.051415	-0.0524259	-0.0531657	-0.0496313	-0.0494684	-0.0506879	-0.0472226	-0.0470938	-0.0470747	-0.0440658	-0.0449518	-0.0446316	-0.0417295	-0.0443091	-0.042148	-0.0421093	-0.0434957	-0.0410873	-0.0430278	-0.0416267	-0.0416128	-0.0422888	-0.040704	-0.0423591	-0.0406114	-0.0420689	-0.0409475	-0.0418249	-0.0413693	-0.0417364	-0.0418641	-0.0416242	-0.0426117	-0.0413747	-0.0435706	-0.0413718	-0.0441037	-0.0424925	-0.0435298	-0.0447935	-0.0436438	-0.0459944	-0.0473624	-0.0470432	-0.048651	-0.0509795	-0.0484637	-0.0522916	-0.0529821	-0.0516737	-0.0533563	-0.0576303	-0.0538655	-0.0445786	-0.0381404	-0.0102007	0.0446654	0.123729	0.242461	0.404653	0.593683	0.759941	0.854936	0.867492	0.791315	0.62736	0.399111	0.128705	-0.153912	-0.401503	-0.585014	-0.70537	-0.776959	-0.821325	-0.850675	-0.856699	-0.835213	-0.796507	-0.738463	-0.640358	-0.483164	-0.259422	0.0144721	0.294807	0.542592	0.735101	0.848057	0.870221	0.807665	0.66649	0.479088	0.301919	0.166195	0.0729463	0.0087482	
-0.0307892	-0.0439472	-0.0480991	-0.0552978	-0.0561549	-0.0527377	-0.0528872	-0.0540034	-0.0483452	-0.0485387	-0.05129	-0.0460278	-0.0463801	-0.046931	-0.0443608	-0.0449538	-0.0449894	-0.0437664	-0.0445379	-0.0432309	-0.0427082	-0.0430282	-0.040814	-0.0424718	-0.0400856	-0.0413607	-0.0402782	-0.0402941	-0.0406114	-0.0397129	-0.0408292	-0.0395557	-0.0411244	-0.0396752	-0.0415848	-0.0402539	-0.0419252	-0.0416335	-0.041948	-0.0434481	-0.0423379	-0.0443971	-0.0439027	-0.0443117	-0.0454216	-0.0450533	-0.0454086	-0.0471323	-0.0456953	-0.0491802	-0.0510191	-0.046679	-0.052607	-0.0533153	-0.0524819	-0.0546941	-0.0560839	-0.0517727	-0.0448973	-0.0390626	-0.00974294	0.0465512	0.12624	0.24516	0.4076	0.596922	0.762997	0.856547	0.866799	0.788718	0.623659	0.394903	0.124175	-0.158966	-0.406647	-0.588857	-0.706836	-0.775884	-0.817868	-0.845397	-0.851054	-0.830902	-0.794453	-0.73892	-0.643327	-0.487953	-0.264631	0.00973984	0.29049	0.538626	0.731967	0.846554	0.870925	0.81016	0.669771	0.482519	0.30485	0.168226	0.0747619	0.0103897	
-0.0303536	-0.042596	-0.0489965	-0.0571566	-0.0553411	-0.0513795	-0.0522705	-0.0536285	-0.0503273	-0.0492663	-0.048989	-0.0456159	-0.0479715	-0.0482107	-0.0443258	-0.0462141	-0.0449613	-0.0414057	-0.0438183	-0.0416201	-0.0408321	-0.0430218	-0.0400779	-0.0424449	-0.0411809	-0.0411499	-0.0420723	-0.0405928	-0.0420689	-0.0408292	-0.0416274	-0.041253	-0.0413405	-0.0413786	-0.0413968	-0.0412508	-0.0414035	-0.0415479	-0.040775	-0.0428186	-0.0401435	-0.0439551	-0.0419251	-0.0434503	-0.0458807	-0.0444407	-0.0465814	-0.0485265	-0.0466298	-0.0464074	-0.0502589	-0.0488967	-0.0528787	-0.0531905	-0.0513574	-0.0535279	-0.0574512	-0.0531523	-0.044335	-0.0379482	-0.00929156	0.0463253	0.126102	0.245677	0.408403	0.597534	0.763405	0.856751	0.866701	0.788314	0.62303	0.394185	0.123439	-0.159796	-0.407533	-0.589521	-0.70706	-0.775667	-0.817282	-0.84454	-0.850137	-0.830181	-0.794083	-0.738975	-0.643832	-0.488774	-0.2655	0.00896892	0.289773	0.537951	0.731434	0.846294	0.871051	0.810641	0.670323	0.482889	0.305299	0.169002	0.0750415	0.00983105	
-0.030685	-0.0437591	-0.0485256	-0.0559994	-0.0561066	-0.0524039	-0.0530226	-0.0534447	-0.0476544	-0.0491483	-0.0525728	-0.0473602	-0.0457127	-0.0457863	-0.0441799	-0.0437238	-0.0447786	-0.0438405	-0.0449633	-0.0435584	-0.0437653	-0.0433489	-0.04173	-0.042871	-0.0405989	-0.0416798	-0.0405931	-0.0403697	-0.0409475	-0.0395557	-0.041253	-0.0393531	-0.0415403	-0.0397485	-0.0418212	-0.0408649	-0.0420218	-0.0425826	-0.0423742	-0.044063	-0.0432806	-0.044517	-0.0442048	-0.0443798	-0.0444058	-0.0442081	-0.0449842	-0.045995	-0.0461532	-0.0509168	-0.0517959	-0.0465981	-0.051843	-0.0531125	-0.0525751	-0.0542692	-0.0564468	-0.0525457	-0.0448473	-0.0388019	-0.0101458	0.0456167	0.12522	0.243907	0.405964	0.595233	0.761544	0.855752	0.867139	0.790048	0.625487	0.396986	0.126503	-0.156417	-0.404174	-0.587014	-0.706047	-0.776317	-0.819574	-0.848105	-0.85395	-0.833054	-0.795403	-0.738636	-0.641883	-0.48564	-0.262038	0.0121583	0.292658	0.540564	0.733534	0.847363	0.870583	0.808853	0.668121	0.480915	0.303452	0.167033	0.0737178	0.00982139	
-0.0319633	-0.0441646	-0.0487831	-0.0564244	-0.0560073	-0.0519631	-0.0522874	-0.0545704	-0.0507738	-0.0484464	-0.0482321	-0.0450026	-0.0487145	-0.0491232	-0.0447715	-0.0471058	-0.0451473	-0.0415565	-0.0435148	-0.041612	-0.0401528	-0.042998	-0.0394938	-0.0423581	-0.0408511	-0.0411094	-0.0418595	-0.0407238	-0.0418249	-0.0411244	-0.0413405	-0.0415403	-0.0411523	-0.0413734	-0.0414799	-0.0407812	-0.0416542	-0.0408952	-0.0406769	-0.0425634	-0.039528	-0.0440664	-0.0417638	-0.0435571	-0.0466159	-0.0453341	-0.0470445	-0.0494987	-0.0465857	-0.0455787	-0.0493678	-0.0487152	-0.0538079	-0.0535811	-0.0515338	-0.0543696	-0.0574161	-0.0523194	-0.0452976	-0.0398257	-0.0105519	0.0438827	0.12151	0.239553	0.401459	0.590436	0.756984	0.853271	0.86814	0.79394	0.630975	0.403253	0.133355	-0.148798	-0.396521	-0.58129	-0.703768	-0.777817	-0.824729	-0.856069	-0.862466	-0.839505	-0.798401	-0.737877	-0.637438	-0.4785	-0.254209	0.0193122	0.299127	0.546438	0.738196	0.849621	0.869476	0.805052	0.66329	0.475841	0.298747	0.163744	0.0717896	0.00823275	
-0.0323277	-0.0450884	-0.0495838	-0.0569655	-0.0564608	-0.0522654	-0.052834	-0.0531194	-0.0483272	-0.0502189	-0.0532316	-0.0478518	-0.044983	-0.0457425	-0.0442472	-0.0432186	-0.0455223	-0.043756	-0.0453859	-0.0439413	-0.0440957	-0.0435419	-0.0423873	-0.0426816	-0.04144	-0.0413901	-0.0412977	-0.0402401	-0.0413693	-0.0396752	-0.0413786	-0.0397485	-0.0413734	-0.0404212	-0.0414484	-0.0416475	-0.041778	-0.0431018	-0.0426282	-0.0442647	-0.043687	-0.0450657	-0.0439918	-0.0451387	-0.0442062	-0.0437065	-0.0452653	-0.0455211	-0.0459271	-0.0517371	-0.0526095	-0.0476588	-0.0519523	-0.0526585	-0.0525859	-0.0542864	-0.0571515	-0.0535859	-0.0460794	-0.0401969	-0.0125015	0.040386	0.117171	0.233513	0.393783	0.582505	0.74999	0.849485	0.869532	0.799771	0.639378	0.41293	0.143984	-0.136882	-0.384471	-0.572251	-0.700153	-0.780128	-0.832716	-0.868379	-0.875625	-0.849494	-0.803043	-0.736642	-0.630408	-0.46725	-0.241928	0.0304495	0.309117	0.55545	0.745301	0.853046	0.86765	0.798802	0.655508	0.468481	0.292171	0.15786	0.0674059	0.00656438	
-0.0351839	-0.0470138	-0.0489515	-0.0559391	-0.0573861	-0.0529975	-0.0525247	-0.0555583	-0.0505139	-0.0473075	-0.0489276	-0.0460939	-0.0492931	-0.0492857	-0.0454141	-0.0469876	-0.0450073	-0.0421284	-0.0433729	-0.0422181	-0.0403711	-0.0435017	-0.0396893	-0.0429199	-0.0408488	-0.0417147	-0.041751	-0.0412902	-0.0417364	-0.0415848	-0.0413968	-0.0418212	-0.0414799	-0.0414484	-0.0420859	-0.0408186	-0.0422855	-0.0412106	-0.0410472	-0.043104	-0.0398008	-0.0443109	-0.0420327	-0.0438046	-0.0463173	-0.0461089	-0.047272	-0.0498242	-0.0474139	-0.0468717	-0.0486727	-0.0478517	-0.0544443	-0.0540532	-0.0522027	-0.0556754	-0.0579034	-0.0517661	-0.0470967	-0.0432757	-0.0140335	0.037304	0.110311	0.224468	0.383993	0.572167	0.740123	0.843928	0.871178	0.807424	0.650518	0.425873	0.158359	-0.120574	-0.367872	-0.559758	-0.695098	-0.783186	-0.843474	-0.884938	-0.893317	-0.862947	-0.809275	-0.734845	-0.620665	-0.451738	-0.225073	0.0455924	0.322548	0.567455	0.754632	0.857337	0.864923	0.790323	0.644981	0.457978	0.282631	0.150801	0.0632672	0.00386079	
-0.0354805	-0.0482541	-0.0513005	-0.0574613	-0.0570833	-0.0527369	-0.0523673	-0.0535557	-0.0506592	-0.0508255	-0.0526556	-0.0475477	-0.0447965	-0.0469861	-0.0446723	-0.0439563	-0.046736	-0.0435741	-0.045612	-0.0441839	-0.0435599	-0.043704	-0.0425042	-0.0422323	-0.0423574	-0.0408027	-0.0422807	-0.0401324	-0.0418641	-0.0402539	-0.0412508	-0.0408649	-0.0407812	-0.0416475	-0.0408186	-0.0423259	-0.0416271	-0.0428728	-0.0428531	-0.043935	-0.0433583	-0.0458372	-0.0433492	-0.0461446	-0.0450812	-0.0439522	-0.0461462	-0.0462207	-0.045423	-0.0512392	-0.0524728	-0.0496362	-0.0534807	-0.0522339	-0.0527052	-0.0549748	-0.0576691	-0.0544411	-0.0489582	-0.0432885	-0.0163606	0.0312697	0.102497	0.214476	0.371442	0.55841	0.727382	0.836761	0.872837	0.816506	0.66412	0.441936	0.176456	-0.0997579	-0.346542	-0.543641	-0.688472	-0.786898	-0.856909	-0.905589	-0.915365	-0.879747	-0.817015	-0.73237	-0.60805	-0.43178	-0.203489	0.0647787	0.339296	0.582203	0.765914	0.862336	0.861108	0.779037	0.631272	0.445311	0.271556	0.141212	0.0561937	0.00101946	
-0.0392405	-0.0506815	-0.050004	-0.0560683	-0.0591474	-0.0544445	-0.0527804	-0.0556486	-0.0501263	-0.0473201	-0.0511665	-0.048196	-0.0486974	-0.0487698	-0.0462369	-0.0456818	-0.0455179	-0.0432757	-0.0436083	-0.0437239	-0.0414668	-0.0440773	-0.0409945	-0.0431654	-0.0415369	-0.042117	-0.0418327	-0.0417647	-0.0416242	-0.0419252	-0.0414035	-0.0420218	-0.0416542	-0.041778	-0.0422855	-0.0416271	-0.0425193	-0.0424083	-0.0418303	-0.0439933	-0.0413644	-0.0448827	-0.0427201	-0.0450801	-0.0451626	-0.0464931	-0.0475188	-0.0490079	-0.0480465	-0.0500087	-0.0492497	-0.0475313	-0.0543049	-0.0539399	-0.0533946	-0.0572171	-0.0588187	-0.0521169	-0.0497808	-0.0473544	-0.0193528	0.0266158	0.0931793	0.201411	0.356544	0.542177	0.711553	0.827415	0.874143	0.82671	0.679876	0.460892	0.198233	-0.0742964	-0.320288	-0.523723	-0.680118	-0.791143	-0.872876	-0.930088	-0.941497	-0.899712	-0.826146	-0.729079	-0.59239	-0.407189	-0.177009	0.0880496	0.359227	0.599421	0.778738	0.867573	0.855966	0.765152	0.614481	0.429453	0.257853	0.130962	0.0497368	-0.00305315	
-0.0397947	-0.0529469	-0.0534438	-0.0571995	-0.0580425	-0.0541555	-0.0522195	-0.055041	-0.0535024	-0.0496342	-0.0511002	-0.0482405	-0.0462597	-0.0486015	-0.0458155	-0.0454105	-0.0469245	-0.0434981	-0.0452119	-0.0441307	-0.0427928	-0.0441601	-0.0423578	-0.0426451	-0.0431125	-0.041198	-0.0433312	-0.0409302	-0.0426117	-0.0416335	-0.0415479	-0.0425826	-0.0408952	-0.0431018	-0.0412106	-0.0428728	-0.0424083	-0.042553	-0.0432246	-0.0437174	-0.042578	-0.0461024	-0.0427731	-0.0462788	-0.0460259	-0.0453088	-0.0471317	-0.0479738	-0.0465829	-0.0505461	-0.0503362	-0.051231	-0.0559283	-0.0525802	-0.0533993	-0.0563787	-0.0580207	-0.0548252	-0.0531375	-0.0478138	-0.0215476	0.018854	0.0822198	0.187859	0.339592	0.522362	0.692275	0.815982	0.874797	0.837459	0.697329	0.482499	0.223666	-0.0440501	-0.288941	-0.499842	-0.669865	-0.795761	-0.891163	-0.958081	-0.971312	-0.92257	-0.836505	-0.724807	-0.573512	-0.377795	-0.145471	0.115458	0.382169	0.618729	0.792645	0.872688	0.849156	0.748072	0.594335	0.411523	0.242722	0.118296	0.0407012	-0.00662788	
