0.434049	0.370607	0.314566	0.267261	0.228074	0.194866	0.164806	0.135156	0.103739	0.0691215	0.0306375	-0.0117219	-0.057461	-0.10572	-0.155428	-0.205438	-0.254629	-0.301999	-0.346711	-0.388125	-0.425797	-0.459466	-0.489023	-0.514482	-0.535941	-0.553553	-0.567492	-0.577929	-0.585014	-0.588857	-0.589521	-0.587014	-0.58129	-0.572251	-0.559758	-0.543641	-0.523723	-0.499842	-0.471878	-0.439791	-0.403648	-0.363661	-0.32021	-0.273858	-0.225355	-0.175617	-0.125693	-0.0767015	-0.029747	0.0141878	0.0543936	0.090604	0.123168	0.153215	0.182693	0.214199	0.250614	0.294447	0.347009	0.407769	0.474267	0.54267	0.608966	0.670669	0.728136	0.784166	0.841318	0.898583	0.950618	0.991144	1.01741	1.03037	1.02967	1.00896	0.957872	0.870267	0.752182	0.623175	0.510407	0.439547	0.427021	0.475736	0.57439	0.700287	0.825782	0.927247	0.992867	1.02451	1.03199	1.02403	1.0032	0.96834	0.92032	0.864352	0.806747	0.750445	0.694002	0.634277	0.569728	0.501783	
0.518006	0.387234	0.264244	0.15229	0.0530241	-0.0335053	-0.108499	-0.173835	-0.231517	-0.283307	-0.330544	-0.374119	-0.41455	-0.452094	-0.486837	-0.518787	-0.547923	-0.574233	-0.597738	-0.618497	-0.636607	-0.652202	-0.665444	-0.67651	-0.685586	-0.692853	-0.698479	-0.702612	-0.70537	-0.706836	-0.70706	-0.706047	-0.703768	-0.700153	-0.695098	-0.688472	-0.680118	-0.669865	-0.657532	-0.642943	-0.625926	-0.60633	-0.584028	-0.558926	-0.530969	-0.500141	-0.466459	-0.429949	-0.390597	-0.348266	-0.302584	-0.252824	-0.197804	-0.135874	-0.0650573	0.0166379	0.110746	0.217769	0.336717	0.464946	0.598348	0.731845	0.860078	0.977993	1.08087	1.16388	1.22203	1.2516	1.25282	1.23105	1.19415	1.14661	1.0854	1.00207	0.890101	0.752182	0.602125	0.460696	0.348934	0.282922	0.271558	0.31631	0.411267	0.54312	0.692383	0.837409	0.960849	1.05535	1.12432	1.17647	1.21769	1.24634	1.25521	1.23733	1.19033	1.11666	1.0211	0.908633	0.783975	0.652008	
0.585689	0.402588	0.226295	0.0593965	-0.0956101	-0.236353	-0.360909	-0.468134	-0.557808	-0.630599	-0.687883	-0.731499	-0.763497	-0.785938	-0.800747	-0.809627	-0.814022	-0.815115	-0.813855	-0.810984	-0.807083	-0.802603	-0.797895	-0.793236	-0.788845	-0.784898	-0.781534	-0.77886	-0.776959	-0.775884	-0.775667	-0.776317	-0.777817	-0.780128	-0.783186	-0.786898	-0.791143	-0.795761	-0.800549	-0.805248	-0.809526	-0.812959	-0.815007	-0.814984	-0.812023	-0.805048	-0.792739	-0.773524	-0.745584	-0.70691	-0.655417	-0.589128	-0.506415	-0.406276	-0.288555	-0.154044	-0.00439948	0.158132	0.33106	0.511845	0.697652	0.884635	1.06692	1.23583	1.37999	1.48724	1.54816	1.55982	1.52714	1.46012	1.36818	1.25572	1.12241	0.968013	0.797609	0.623175	0.460696	0.325274	0.227567	0.173143	0.164012	0.200415	0.281196	0.402458	0.55568	0.727297	0.901126	1.06303	1.20505	1.32573	1.42605	1.50388	1.55154	1.55858	1.51746	1.4279	1.29708	1.13658	0.958425	0.772479	
0.645664	0.416074	0.192331	-0.0212227	-0.220598	-0.402104	-0.56259	-0.699806	-0.812674	-0.901373	-0.967223	-1.01243	-1.03977	-1.05227	-1.05293	-1.04458	-1.02972	-1.01048	-0.988625	-0.965573	-0.942432	-0.92005	-0.899065	-0.879949	-0.863041	-0.848583	-0.836742	-0.827632	-0.821325	-0.817868	-0.817282	-0.819574	-0.824729	-0.832716	-0.843474	-0.856909	-0.872876	-0.891163	-0.911471	-0.933381	-0.956321	-0.979528	-1.002	-1.02246	-1.03929	-1.05052	-1.05379	-1.0464	-1.02541	-0.987752	-0.930502	-0.851179	-0.748067	-0.620509	-0.469088	-0.295615	-0.102929	0.105448	0.325624	0.553427	0.784123	1.01179	1.2286	1.42455	1.58817	1.7084	1.77709	1.79064	1.74987	1.6584	1.52128	1.34525	1.14039	0.921243	0.705491	0.510407	0.348934	0.227567	0.146952	0.104506	0.0975627	0.125578	0.190531	0.295382	0.441166	0.623962	0.833336	1.05336	1.266	1.45512	1.60882	1.71921	1.78075	1.78917	1.74235	1.64199	1.49453	1.31013	1.10036	0.875965	
0.691064	0.42616	0.16581	-0.081295	-0.308471	-0.511235	-0.687098	-0.835177	-0.955789	-1.05012	-1.11998	-1.16763	-1.19565	-1.20679	-1.20389	-1.18976	-1.16708	-1.13832	-1.10568	-1.07108	-1.03612	-1.00209	-0.970038	-0.940736	-0.914765	-0.892536	-0.874334	-0.860342	-0.850675	-0.845397	-0.84454	-0.848105	-0.856069	-0.868379	-0.884938	-0.905589	-0.930088	-0.958081	-0.98906	-1.02234	-1.05699	-1.09184	-1.12543	-1.15597	-1.18138	-1.19929	-1.20708	-1.20196	-1.18107	-1.14161	-1.08089	-0.996538	-0.886563	-0.749522	-0.584728	-0.392541	-0.174752	0.0650022	0.320929	0.585096	0.847926	1.0992	1.32925	1.53	1.69518	1.81965	1.89802	1.92348	1.8884	1.78716	1.62067	1.39984	1.14561	0.884769	0.643137	0.439547	0.282922	0.173143	0.104506	0.069919	0.0643745	0.0869547	0.141171	0.233619	0.371043	0.556302	0.784399	1.04036	1.30059	1.53783	1.72806	1.85606	1.9172	1.91504	1.85692	1.75019	1.60073	1.41358	1.19441	0.950531	
0.699771	0.427996	0.160546	-0.0928837	-0.325016	-0.531215	-0.709191	-0.858444	-0.979705	-1.07448	-1.14477	-1.19286	-1.22127	-1.23264	-1.2297	-1.21515	-1.19166	-1.16168	-1.1275	-1.09109	-1.05416	-1.01811	-0.984053	-0.952859	-0.925167	-0.901439	-0.881993	-0.867036	-0.856699	-0.851054	-0.850137	-0.85395	-0.862466	-0.875625	-0.893317	-0.915365	-0.941497	-0.971312	-1.00425	-1.03954	-1.07619	-1.11292	-1.14817	-1.18006	-1.20645	-1.22493	-1.23291	-1.22766	-1.20644	-1.16655	-1.10541	-1.02064	-0.91012	-0.772149	-0.605658	-0.410599	-0.188468	0.0571061	0.319928	0.591205	0.860202	1.11561	1.34731	1.54777	1.71216	1.83697	1.91749	1.94605	1.91294	1.81044	1.63861	1.4094	1.14607	0.877772	0.631774	0.427021	0.271558	0.164012	0.0975627	0.0643745	0.0590733	0.0806875	0.132968	0.2231	0.358808	0.544185	0.775322	1.03758	1.30645	1.5526	1.74956	1.88047	1.94079	1.93578	1.875	1.76722	1.61824	1.43174	1.21177	0.964708	
0.666232	0.420454	0.180158	-0.0488505	-0.261645	-0.454143	-0.623239	-0.76697	-0.88461	-0.976631	-1.04454	-1.09063	-1.1177	-1.12879	-1.12696	-1.11511	-1.09589	-1.07163	-1.04429	-1.01552	-0.986637	-0.958678	-0.932442	-0.908527	-0.887371	-0.869282	-0.854474	-0.843088	-0.835213	-0.830902	-0.830181	-0.833054	-0.839505	-0.849494	-0.862947	-0.879747	-0.899712	-0.92257	-0.94794	-0.975288	-1.0039	-1.03284	-1.06089	-1.08658	-1.10805	-1.12313	-1.12932	-1.1238	-1.10356	-1.0655	-1.00669	-0.924575	-0.817294	-0.683939	-0.524763	-0.34126	-0.13611	0.0869731	0.323402	0.567747	0.813574	1.05322	1.27777	1.47753	1.64285	1.76519	1.83784	1.85613	1.8173	1.72081	1.56963	1.37219	1.14355	0.90403	0.675357	0.475736	0.31631	0.200415	0.125578	0.0869547	0.0806875	0.106046	0.165805	0.264768	0.406796	0.591224	0.810107	1.04777	1.28335	1.49539	1.66645	1.78548	1.84755	1.85199	1.8007	1.69756	1.54846	1.36129	1.14539	0.910602	
0.610311	0.408264	0.212562	0.0259808	-0.148498	-0.307789	-0.449144	-0.570618	-0.671356	-0.75166	-0.812834	-0.856914	-0.88636	-0.903772	-0.911668	-0.912333	-0.907742	-0.899529	-0.889011	-0.877213	-0.864925	-0.85274	-0.841106	-0.830353	-0.820728	-0.812413	-0.805544	-0.800219	-0.796507	-0.794453	-0.794083	-0.795403	-0.798401	-0.803043	-0.809275	-0.817015	-0.826146	-0.836505	-0.84787	-0.859941	-0.872312	-0.884439	-0.895606	-0.90488	-0.911066	-0.912668	-0.907866	-0.894516	-0.870202	-0.832342	-0.77838	-0.706047	-0.613674	-0.5005	-0.366901	-0.214423	-0.0455711	0.136615	0.329063	0.528952	0.733403	0.938436	1.13755	1.32087	1.47573	1.58932	1.65241	1.66246	1.62389	1.54509	1.43388	1.29504	1.13179	0.949579	0.758886	0.57439	0.411267	0.281196	0.190531	0.141171	0.132968	0.165805	0.240001	0.35479	0.505828	0.683496	0.873606	1.06074	1.23244	1.38143	1.5041	1.59668	1.65246	1.66275	1.621	1.52678	1.38694	1.21335	1.01916	0.815545	
0.546949	0.393828	0.247893	0.112515	-0.010043	-0.118776	-0.213764	-0.295846	-0.366288	-0.4265	-0.477854	-0.521598	-0.558827	-0.590479	-0.617353	-0.640123	-0.659356	-0.675532	-0.689055	-0.700274	-0.709493	-0.716981	-0.72298	-0.727709	-0.731367	-0.734131	-0.736154	-0.737564	-0.738463	-0.73892	-0.738975	-0.738636	-0.737877	-0.736642	-0.734845	-0.73237	-0.729079	-0.724807	-0.719366	-0.712546	-0.704111	-0.693795	-0.681298	-0.666276	-0.648332	-0.627012	-0.601786	-0.572041	-0.537058	-0.495992	-0.447837	-0.391411	-0.325363	-0.248242	-0.158647	-0.0555016	0.0616123	0.192122	0.334235	0.484981	0.64053	0.796479	0.947737	1.08803	1.20952	1.30347	1.36221	1.38229	1.36679	1.32442	1.26467	1.19181	1.1028	0.991261	0.854824	0.700287	0.54312	0.402458	0.295382	0.233619	0.2231	0.264768	0.35479	0.483825	0.636713	0.794529	0.939591	1.06126	1.15857	1.23719	1.30227	1.35254	1.37997	1.37479	1.33135	1.25068	1.13915	1.00542	0.857803	0.703156	
0.470264	0.377258	0.292399	0.218386	0.155452	0.101958	0.0553165	0.0127713	-0.0280474	-0.0688283	-0.110541	-0.153521	-0.197603	-0.242285	-0.286875	-0.330608	-0.372743	-0.412632	-0.449749	-0.483716	-0.514298	-0.541386	-0.564981	-0.585165	-0.602075	-0.61588	-0.626756	-0.634869	-0.640358	-0.643327	-0.643832	-0.641883	-0.637438	-0.630408	-0.620665	-0.60805	-0.59239	-0.573512	-0.551268	-0.525559	-0.496355	-0.463726	-0.427858	-0.389067	-0.347808	-0.304666	-0.260329	-0.215544	-0.171046	-0.12745	-0.0851153	-0.0439726	-0.00335008	0.0381509	0.0826861	0.132968	0.191781	0.26126	0.341985	0.432224	0.527903	0.623669	0.714631	0.797832	0.872535	0.939037	0.996679	1.04268	1.07346	1.08774	1.08799	1.07736	1.05415	1.01001	0.934883	0.825782	0.692383	0.55568	0.441166	0.371043	0.358808	0.406796	0.505828	0.636713	0.774415	0.895155	0.984173	1.03972	1.07006	1.08514	1.08943	1.08113	1.05688	1.01646	0.962979	0.899855	0.828563	0.748906	0.660934	0.566632	
0.374445	0.358951	0.349023	0.342864	0.338046	0.332209	0.323277	0.309508	0.289603	0.262756	0.228674	0.187629	0.140431	0.0883155	0.0328074	-0.0244432	-0.0818213	-0.137862	-0.191334	-0.241282	-0.28702	-0.328121	-0.364367	-0.395709	-0.422218	-0.444037	-0.461349	-0.474336	-0.483164	-0.487953	-0.488774	-0.48564	-0.4785	-0.46725	-0.451738	-0.43178	-0.407189	-0.377795	-0.343492	-0.304277	-0.260299	-0.211908	-0.159696	-0.104526	-0.0475286	0.00991597	0.0662552	0.119868	0.169191	0.212883	0.249949	0.279854	0.30261	0.318769	0.329414	0.336147	0.340982	0.346244	0.354404	0.367564	0.386673	0.411189	0.439737	0.471623	0.508282	0.553531	0.611733	0.683998	0.764867	0.843422	0.909267	0.957751	0.988507	0.99902	0.981371	0.927247	0.837409	0.727297	0.623962	0.556302	0.544185	0.591224	0.683496	0.794529	0.895155	0.964444	0.995997	0.99561	0.972362	0.930932	0.871733	0.797145	0.715667	0.638903	0.574949	0.525059	0.485611	0.452169	0.422257	0.395893	
0.265597	0.328903	0.391815	0.448785	0.496296	0.53227	0.555338	0.564689	0.560093	0.541875	0.511007	0.469128	0.41834	0.361024	0.299626	0.236439	0.173481	0.112417	0.0545248	0.000731294	-0.0483571	-0.0923942	-0.131231	-0.164866	-0.193388	-0.216944	-0.235699	-0.249812	-0.259422	-0.264631	-0.2655	-0.262038	-0.254209	-0.241928	-0.225073	-0.203489	-0.177009	-0.145471	-0.108753	-0.0668059	-0.0197062	0.0322895	0.0886839	0.148674	0.211106	0.274449	0.336799	0.395961	0.449554	0.495183	0.530667	0.554185	0.564466	0.560876	0.543357	0.51244	0.46928	0.41568	0.354571	0.290692	0.230581	0.181527	0.149994	0.14042	0.154972	0.194336	0.259123	0.350103	0.46499	0.593793	0.719411	0.825808	0.906032	0.961066	0.991505	0.992867	0.960849	0.901126	0.833336	0.784399	0.775322	0.810107	0.873606	0.939591	0.984173	0.995997	0.976453	0.93105	0.861162	0.764892	0.645343	0.51557	0.393498	0.292452	0.217304	0.167891	0.143391	0.143325	0.166334	0.209003	
0.149904	0.270156	0.388122	0.496752	0.590572	0.665156	0.717551	0.746821	0.753806	0.740811	0.711293	0.669193	0.6184	0.562458	0.504303	0.446199	0.389809	0.336256	0.286252	0.24022	0.198365	0.160771	0.127442	0.0983407	0.0734174	0.0526136	0.0358823	0.0231787	0.0144721	0.00973984	0.00896892	0.0121583	0.0193122	0.0304495	0.0455924	0.0647787	0.0880496	0.115458	0.147057	0.182893	0.222992	0.267318	0.315737	0.367938	0.423337	0.480983	0.539416	0.596579	0.649788	0.695715	0.730611	0.750586	0.751964	0.731923	0.688941	0.623123	0.536572	0.433189	0.318106	0.197767	0.0805214	-0.0233242	-0.102605	-0.147424	-0.151488	-0.113939	-0.0393273	0.0658412	0.197126	0.350245	0.514149	0.669813	0.799902	0.898999	0.972156	1.02451	1.05535	1.06303	1.05336	1.04036	1.03758	1.04777	1.06074	1.06126	1.03972	0.99561	0.93105	0.843134	0.725467	0.578417	0.415374	0.256231	0.115622	-0.000352993	-0.0879828	-0.14126	-0.154238	-0.125372	-0.0588587	0.0365797	
0.0384736	0.188694	0.338941	0.479605	0.601858	0.6992	0.768873	0.811396	0.829469	0.827402	0.810096	0.782078	0.747236	0.708631	0.668415	0.628085	0.588608	0.550563	0.51434	0.480184	0.448287	0.418831	0.391978	0.36791	0.34679	0.328783	0.314039	0.302679	0.294807	0.29049	0.289773	0.292658	0.299127	0.309117	0.322548	0.339296	0.359227	0.382169	0.407957	0.436401	0.467327	0.500561	0.535921	0.573208	0.612124	0.652193	0.692654	0.73221	0.768958	0.800174	0.822217	0.830823	0.821255	0.788917	0.730398	0.64414	0.531389	0.397126	0.249432	0.09785	-0.0477128	-0.177361	-0.281253	-0.34998	-0.375412	-0.352176	-0.280799	-0.169856	-0.0312319	0.127962	0.304491	0.488976	0.662934	0.810423	0.930058	1.03199	1.12432	1.20505	1.266	1.30059	1.30645	1.28335	1.23244	1.15857	1.07006	0.972362	0.861162	0.725467	0.56082	0.378201	0.196943	0.0304495	-0.116931	-0.240417	-0.329172	-0.37227	-0.365944	-0.313609	-0.222552	-0.101906	
-0.0428801	0.112312	0.264666	0.404014	0.523047	0.618852	0.692064	0.744784	0.780169	0.801927	0.813108	0.816098	0.812817	0.804538	0.792192	0.776578	0.758304	0.737986	0.716251	0.693677	0.670901	0.648503	0.627043	0.607047	0.588955	0.573178	0.560027	0.549768	0.542592	0.538626	0.537951	0.540564	0.546438	0.55545	0.567455	0.582203	0.599421	0.618729	0.639703	0.661846	0.684598	0.707372	0.729543	0.750479	0.7696	0.786278	0.799955	0.80998	0.815453	0.8153	0.807783	0.79058	0.760943	0.715434	0.650693	0.564192	0.454484	0.322759	0.174491	0.0189068	-0.132828	-0.269576	-0.381705	-0.461656	-0.504046	-0.504255	-0.457137	-0.361726	-0.22748	-0.0689824	0.10638	0.298049	0.499122	0.692858	0.866703	1.02403	1.17647	1.32573	1.45512	1.53783	1.5526	1.49539	1.38143	1.23719	1.08514	0.930932	0.764892	0.578417	0.378201	0.181431	-0.000497655	-0.166188	-0.31196	-0.424708	-0.49149	-0.50957	-0.483358	-0.417728	-0.317588	-0.189699	
-0.0817565	0.0503176	0.172727	0.281124	0.374918	0.456249	0.527095	0.589034	0.644059	0.693156	0.736222	0.773133	0.803528	0.826965	0.843471	0.853278	0.856854	0.85504	0.848717	0.838901	0.826643	0.812871	0.798516	0.784326	0.77097	0.758996	0.748813	0.740779	0.735101	0.731967	0.731434	0.733534	0.738196	0.745301	0.754632	0.765914	0.778738	0.792645	0.806994	0.821103	0.834104	0.845067	0.85299	0.856798	0.855523	0.848308	0.834434	0.813702	0.785991	0.751606	0.711114	0.664582	0.612025	0.552919	0.485666	0.408676	0.320235	0.218002	0.101087	-0.0278766	-0.162414	-0.292835	-0.408228	-0.498312	-0.555447	-0.576822	-0.560725	-0.500805	-0.392698	-0.245284	-0.0741425	0.115101	0.325607	0.552978	0.782284	1.0032	1.21769	1.42605	1.60882	1.72806	1.74956	1.66645	1.5041	1.30227	1.08943	0.871733	0.645343	0.415374	0.196943	-0.000497655	-0.179002	-0.337799	-0.463484	-0.542543	-0.575046	-0.568199	-0.525186	-0.447557	-0.341235	-0.215721	
-0.0977501	-0.00686751	0.0728476	0.143427	0.208927	0.272729	0.336401	0.401752	0.469194	0.536617	0.601784	0.66262	0.716897	0.763302	0.801347	0.830886	0.852555	0.867278	0.876045	0.880125	0.880547	0.878351	0.87445	0.869528	0.864282	0.859141	0.854547	0.850782	0.848057	0.846554	0.846294	0.847363	0.849621	0.853046	0.857337	0.862336	0.867573	0.872688	0.877037	0.879969	0.880659	0.878133	0.871357	0.859213	0.84048	0.814305	0.779765	0.736615	0.68534	0.626712	0.562869	0.496177	0.428661	0.362467	0.298128	0.234346	0.169726	0.101754	0.0263441	-0.0597207	-0.157311	-0.263501	-0.371099	-0.470106	-0.547799	-0.593069	-0.60371	-0.580078	-0.513759	-0.396936	-0.237914	-0.0513225	0.16159	0.40792	0.683001	0.96834	1.24634	1.50388	1.71921	1.85606	1.88047	1.78548	1.59668	1.35254	1.08113	0.797145	0.51557	0.256231	0.0304495	-0.166188	-0.337799	-0.473318	-0.559303	-0.598379	-0.601199	-0.57005	-0.504352	-0.412315	-0.306974	-0.199313	
-0.109323	-0.0577822	-0.0153719	0.0232977	0.0644775	0.111613	0.167197	0.232094	0.302686	0.37478	0.445472	0.51172	0.571495	0.624279	0.669812	0.708398	0.740958	0.768019	0.790449	0.80894	0.82394	0.836117	0.845757	0.853321	0.859143	0.863463	0.866651	0.868807	0.870221	0.870925	0.871051	0.870583	0.869476	0.86765	0.864923	0.861108	0.855966	0.849156	0.840436	0.82932	0.815494	0.798436	0.777562	0.752395	0.722086	0.685949	0.643458	0.593616	0.536706	0.472963	0.403466	0.331331	0.259704	0.192266	0.132932	0.08247	0.0389904	-0.000217883	-0.0403012	-0.0873308	-0.145945	-0.21886	-0.304222	-0.396746	-0.488368	-0.563084	-0.604648	-0.610773	-0.582652	-0.508685	-0.378287	-0.199142	0.0176688	0.276227	0.582341	0.92032	1.25521	1.55154	1.78075	1.9172	1.94079	1.84755	1.65246	1.37997	1.05688	0.715667	0.393498	0.115622	-0.116931	-0.31196	-0.463484	-0.559303	-0.603643	-0.610993	-0.584255	-0.521379	-0.434156	-0.340815	-0.25196	-0.173601	
-0.120923	-0.101062	-0.0864333	-0.0677093	-0.0388924	0.00155884	0.0537819	0.112821	0.172904	0.232073	0.28866	0.341459	0.390963	0.437722	0.481724	0.523579	0.563184	0.600181	0.63465	0.665966	0.694137	0.719015	0.740464	0.758792	0.773914	0.786216	0.795798	0.802864	0.807665	0.81016	0.810641	0.808853	0.805052	0.798802	0.790323	0.779037	0.765152	0.748072	0.727969	0.704487	0.677686	0.647655	0.614466	0.578348	0.539823	0.498605	0.455459	0.409918	0.36147	0.310403	0.255484	0.196967	0.136709	0.0767203	0.021382	-0.0239019	-0.0574499	-0.0800744	-0.0955292	-0.112201	-0.138085	-0.179738	-0.240282	-0.315282	-0.400504	-0.490638	-0.56605	-0.605914	-0.608023	-0.571665	-0.480161	-0.321252	-0.10234	0.168735	0.494415	0.864352	1.23733	1.55858	1.78917	1.91504	1.93578	1.85199	1.66275	1.37479	1.01646	0.638903	0.292452	-0.000352993	-0.240417	-0.424708	-0.542543	-0.598379	-0.610993	-0.587059	-0.524112	-0.436605	-0.348297	-0.269037	-0.201918	-0.152666	
-0.140641	-0.14033	-0.134753	-0.116098	-0.0861043	-0.0476768	-0.00581867	0.0332871	0.0702248	0.106473	0.142192	0.178854	0.217664	0.258293	0.300254	0.343116	0.385164	0.425932	0.464341	0.499656	0.531865	0.560331	0.585371	0.606889	0.624935	0.639912	0.651605	0.66054	0.66649	0.669771	0.670323	0.668121	0.66329	0.655508	0.644981	0.631272	0.614481	0.594335	0.570671	0.543583	0.512849	0.478726	0.441648	0.401681	0.360153	0.317593	0.274791	0.23373	0.193854	0.156207	0.120695	0.0851102	0.0484545	0.00995407	-0.0311708	-0.0713379	-0.104974	-0.128697	-0.139473	-0.140883	-0.142847	-0.154743	-0.187733	-0.244911	-0.316699	-0.399786	-0.49057	-0.564858	-0.599321	-0.591286	-0.533777	-0.40432	-0.192911	0.088526	0.426625	0.806747	1.19033	1.51746	1.74235	1.85692	1.875	1.8007	1.621	1.33135	0.962979	0.574949	0.217304	-0.0879828	-0.329172	-0.49149	-0.575046	-0.601199	-0.584255	-0.524112	-0.435878	-0.348406	-0.272491	-0.208165	-0.164964	-0.145827	
-0.162395	-0.160738	-0.145224	-0.12019	-0.0932996	-0.0673541	-0.0471445	-0.0301159	-0.0113905	0.00921664	0.0332983	0.0617387	0.0940504	0.128596	0.164756	0.200881	0.235891	0.269695	0.300987	0.330376	0.357169	0.381429	0.403372	0.422462	0.439207	0.45317	0.464491	0.473252	0.479088	0.482519	0.482889	0.480915	0.475841	0.468481	0.457978	0.445311	0.429453	0.411523	0.390517	0.367281	0.341399	0.31299	0.282366	0.249671	0.214766	0.179534	0.143017	0.107692	0.0746461	0.0439366	0.0178205	-0.00373382	-0.0225682	-0.0401164	-0.0589747	-0.0827634	-0.10935	-0.135515	-0.155969	-0.163146	-0.160507	-0.155562	-0.158369	-0.187495	-0.24512	-0.316717	-0.400383	-0.490204	-0.55616	-0.574892	-0.541021	-0.438508	-0.244793	0.0368002	0.378613	0.750445	1.11666	1.4279	1.64199	1.75019	1.76722	1.69756	1.52678	1.25068	0.899855	0.525059	0.167891	-0.14126	-0.37227	-0.50957	-0.568199	-0.57005	-0.521379	-0.436605	-0.348406	-0.272727	-0.207963	-0.166108	-0.154931	-0.158228	
-0.166541	-0.152673	-0.129578	-0.110193	-0.0952602	-0.0859749	-0.0808552	-0.0721282	-0.0606058	-0.0455889	-0.0262421	-0.00390741	0.020206	0.0444386	0.0689753	0.0922524	0.115429	0.137498	0.158982	0.179945	0.199593	0.218624	0.236058	0.251982	0.266378	0.278366	0.288736	0.296327	0.301919	0.30485	0.305299	0.303452	0.298747	0.292171	0.282631	0.271556	0.257853	0.242722	0.225778	0.207412	0.187988	0.167632	0.146066	0.124567	0.101425	0.0781383	0.0545716	0.029523	0.0059039	-0.0170289	-0.0382054	-0.0556196	-0.0680978	-0.0774254	-0.0838497	-0.0911815	-0.103947	-0.121072	-0.143477	-0.1625	-0.169172	-0.168313	-0.16099	-0.158756	-0.187156	-0.24511	-0.316439	-0.399854	-0.480873	-0.5239	-0.507873	-0.423316	-0.250841	0.0160176	0.346547	0.694002	1.0211	1.29708	1.49453	1.60073	1.61824	1.54846	1.38694	1.13915	0.828563	0.485611	0.143391	-0.154238	-0.365944	-0.483358	-0.525186	-0.504352	-0.434156	-0.348297	-0.272491	-0.207963	-0.165632	-0.158226	-0.166112	-0.169039	
-0.154398	-0.131655	-0.114152	-0.105694	-0.10113	-0.101823	-0.0984121	-0.0904946	-0.0807464	-0.0667461	-0.0523981	-0.0374146	-0.0240024	-0.0111475	0.00152298	0.0140867	0.0276945	0.0411744	0.0561846	0.0705204	0.0855015	0.099865	0.113333	0.126169	0.137323	0.147161	0.15541	0.161458	0.166195	0.168226	0.169002	0.167033	0.163744	0.15786	0.150801	0.141212	0.130962	0.118296	0.105504	0.0910736	0.0765143	0.0618792	0.0471091	0.0328628	0.0199318	0.00593575	-0.00577526	-0.0189296	-0.032526	-0.0462726	-0.0604148	-0.0751845	-0.0875561	-0.0955187	-0.100752	-0.10119	-0.103526	-0.110255	-0.123165	-0.145719	-0.162659	-0.168968	-0.170624	-0.161843	-0.158663	-0.187972	-0.24322	-0.310905	-0.385939	-0.440544	-0.438271	-0.364439	-0.211004	0.0279297	0.327265	0.634277	0.908633	1.13658	1.31013	1.41358	1.43174	1.36129	1.21335	1.00542	0.748906	0.452169	0.143325	-0.125372	-0.313609	-0.417728	-0.447557	-0.412315	-0.340815	-0.269037	-0.208165	-0.166108	-0.158226	-0.168462	-0.169947	-0.165582	
-0.132379	-0.112108	-0.108051	-0.107388	-0.110132	-0.109543	-0.100158	-0.0913502	-0.0799665	-0.0705731	-0.0639468	-0.0579871	-0.0546111	-0.0486608	-0.0427334	-0.0344031	-0.0255959	-0.0149283	-0.00427991	0.00651291	0.0177232	0.0275733	0.0374585	0.046228	0.0536462	0.0608141	0.0656676	0.0704348	0.0729463	0.0747619	0.0750415	0.0737178	0.0717896	0.0674059	0.0632672	0.0561937	0.0497368	0.0407012	0.0318449	0.0216063	0.0110586	-0.000158927	-0.0104404	-0.0220357	-0.0306057	-0.0396368	-0.0468404	-0.0516865	-0.0569129	-0.061973	-0.0680632	-0.0750844	-0.0870111	-0.0971481	-0.106098	-0.110687	-0.108181	-0.107877	-0.109097	-0.122106	-0.147319	-0.162249	-0.168654	-0.169633	-0.158301	-0.15699	-0.184887	-0.230799	-0.285259	-0.332804	-0.335927	-0.269093	-0.131938	0.0705513	0.319275	0.569728	0.783975	0.958425	1.10036	1.19441	1.21177	1.14539	1.01916	0.857803	0.660934	0.422257	0.166334	-0.0588587	-0.222552	-0.317588	-0.341235	-0.306974	-0.25196	-0.201918	-0.164964	-0.154931	-0.166112	-0.169947	-0.164613	-0.155374	
-0.109106	-0.107936	-0.112835	-0.114013	-0.112746	-0.0996566	-0.0888356	-0.0822325	-0.0769297	-0.0781372	-0.0764515	-0.0765788	-0.0732803	-0.0671689	-0.0612545	-0.0532669	-0.0460904	-0.0378501	-0.032037	-0.0243151	-0.0193908	-0.0135236	-0.00872551	-0.00453157	-0.000552714	0.00286029	0.00523267	0.00802391	0.0087482	0.0103897	0.00983105	0.00982139	0.00823275	0.00656438	0.00386079	0.00101946	-0.00305315	-0.00662788	-0.0119269	-0.0165985	-0.0223935	-0.0288931	-0.035237	-0.0426312	-0.0509422	-0.057194	-0.0658136	-0.0707584	-0.0751541	-0.0763228	-0.0783728	-0.0772815	-0.0788838	-0.0865077	-0.094661	-0.108297	-0.114405	-0.11365	-0.110744	-0.105953	-0.121017	-0.147758	-0.162466	-0.16928	-0.164433	-0.149062	-0.147379	-0.164442	-0.188852	-0.211913	-0.207326	-0.144597	-0.0236883	0.137542	0.32159	0.501783	0.652008	0.772479	0.875965	0.950531	0.964708	0.910602	0.815545	0.703156	0.566632	0.395893	0.209003	0.0365797	-0.101906	-0.189699	-0.215721	-0.199313	-0.173601	-0.152666	-0.145827	-0.158228	-0.169039	-0.165582	-0.155374	-0.132631	
