0.408152	0.537569	0.680964	0.832777	0.98693	1.13759	1.2797	1.40935	1.52378	1.62133	1.70126	1.76354	1.80872	1.83779	1.85208	1.85319	1.84292	1.8232	1.79602	1.76338	1.72719	1.68928	1.6513	1.61474	1.58088	1.55082	1.52545	1.50547	1.49142	1.48365	1.48235	1.48755	1.49912	1.51679	1.54007	1.56836	1.60082	1.63644	1.67402	1.71215	1.74923	1.78351	1.81311	1.83606	1.85034	1.85401	1.8452	1.82223	1.78365	1.72831	1.6555	1.56497	1.45716	1.33335	1.19582	1.04804	0.894613	0.741117	0.593616	0.457976	0.339067	0.240054	0.162007	0.103935	0.0632421	0.036433	0.019846	0.0102138	0.00496438	0.00227867	0.000987975	0.000404827	0.000156871	5.75331e-05	1.99891e-05	6.58562e-06	2.05964e-06	6.12434e-07	1.74683e-07	5.34851e-08	3.93722e-08	1.06722e-07	3.74988e-07	1.28468e-06	4.19053e-06	1.29818e-05	3.81502e-05	0.000106248	0.000280152	0.000698798	0.00164771	0.00367061	0.0077229	0.0153453	0.0288033	0.0511046	0.0858032	0.136539	0.206357	0.296965	
0.313215	0.436207	0.582532	0.748184	0.927021	1.1115	1.2936	1.46577	1.62166	1.75658	1.8677	1.95393	2.01569	2.05456	2.07292	2.0736	2.05964	2.0341	1.99989	1.95969	1.91596	1.87084	1.82623	1.78372	1.7447	1.71028	1.68138	1.65871	1.64281	1.63403	1.63256	1.63844	1.65153	1.67155	1.69803	1.73034	1.76765	1.80891	1.85286	1.89798	1.94251	1.98439	2.02131	2.05066	2.06961	2.07516	2.06424	2.03391	1.98155	1.90525	1.80406	1.67843	1.53048	1.36415	1.18516	1.00067	0.818609	0.646825	0.492132	0.359459	0.251333	0.167776	0.106677	0.0644752	0.0369811	0.0201039	0.0103492	0.00504225	0.0023245	0.00101402	0.00041869	0.00016371	6.06549e-05	2.131e-05	7.10545e-06	2.25049e-06	6.77732e-07	1.94331e-07	5.34851e-08	1.57632e-08	1.14515e-08	3.21937e-08	1.17287e-07	4.16493e-07	1.41003e-06	4.54073e-06	1.38949e-05	4.03666e-05	0.000111239	0.00029055	0.000718833	0.00168364	0.00373193	0.00782743	0.0155368	0.029197	0.0519853	0.0877957	0.140853	0.215063	
0.296699	0.418173	0.564604	0.73235	0.915337	1.10577	1.2951	1.47511	1.63874	1.78067	1.89764	1.98831	2.05305	2.09354	2.11236	2.1126	2.09757	2.07055	2.03466	1.99274	1.94733	1.90067	1.85468	1.81098	1.77095	1.7357	1.70615	1.68299	1.66676	1.6578	1.6563	1.6623	1.67567	1.69611	1.72319	1.75626	1.79451	1.83689	1.88215	1.92875	1.97491	2.01851	2.05715	2.08808	2.1083	2.11457	2.10358	2.0721	2.01733	1.93716	1.83065	1.69841	1.54293	1.36871	1.18215	0.991115	0.804136	0.629435	0.473883	0.342155	0.236273	0.155654	0.0976122	0.058162	0.0328786	0.017613	0.0089344	0.00428957	0.00194901	0.000838134	0.000341236	0.000131599	4.81052e-05	1.668e-05	5.49071e-06	1.71743e-06	5.10927e-07	1.44765e-07	3.93722e-08	1.14515e-08	8.26728e-09	2.35107e-08	8.66845e-08	3.11485e-07	1.0674e-06	3.48059e-06	1.07887e-05	3.17603e-05	8.87196e-05	0.000234982	0.000589694	0.00140137	0.00315236	0.00671104	0.0135217	0.0257928	0.046609	0.0798677	0.129954	0.201128	
0.36158	0.488416	0.63384	0.792906	0.959372	1.12648	1.28775	1.43756	1.57153	1.68669	1.78138	1.85514	1.90847	1.94262	1.95936	1.96083	1.94936	1.92738	1.89729	1.86139	1.82187	1.78069	1.73964	1.70028	1.66396	1.63179	1.60469	1.58339	1.56843	1.56016	1.55878	1.56432	1.57666	1.59549	1.62036	1.65061	1.68541	1.72371	1.76426	1.80559	1.84601	1.88361	1.9163	1.94181	1.95777	1.96176	1.9514	1.92444	1.87896	1.81346	1.72713	1.62001	1.49327	1.34933	1.19202	1.02649	0.858948	0.696124	0.544564	0.409819	0.295732	0.204002	0.13415	0.0838903	0.0497878	0.0279985	0.014902	0.00750119	0.00356965	0.00160586	0.000683079	0.000274857	0.000104685	3.77685e-05	1.29186e-05	4.19319e-06	1.29287e-06	3.79221e-07	1.06722e-07	3.21937e-08	2.35107e-08	6.44965e-08	2.29662e-07	7.97458e-07	2.63812e-06	8.29453e-06	2.47587e-05	7.00953e-05	0.000188056	0.000477721	0.0011483	0.00261036	0.00561013	0.0113983	0.0218982	0.039804	0.0685209	0.111869	0.173533	0.256349	
0.495839	0.62754	0.764609	0.900893	1.03107	1.15122	1.25896	1.35322	1.43381	1.50104	1.55539	1.59735	1.62743	1.64615	1.65417	1.65235	1.64176	1.62367	1.59951	1.57082	1.53913	1.50597	1.47275	1.44075	1.41111	1.38478	1.36256	1.34506	1.33275	1.32594	1.3248	1.32936	1.33951	1.355	1.37541	1.4002	1.42864	1.45983	1.49272	1.52608	1.55854	1.58862	1.61478	1.63548	1.64923	1.65469	1.65071	1.63635	1.61087	1.5737	1.52434	1.4623	1.38709	1.2983	1.19587	1.08046	0.953905	0.819497	0.682039	0.547447	0.421941	0.311004	0.218423	0.145708	0.0920892	0.0550319	0.031052	0.0165292	0.00829689	0.00392708	0.00175323	0.000738683	0.000293935	0.000110561	3.93496e-05	1.32657e-05	4.24097e-06	1.28789e-06	3.74988e-07	1.17287e-07	8.66845e-08	2.29662e-07	7.90058e-07	2.65107e-06	8.46408e-06	2.56413e-05	7.36154e-05	0.000200075	0.000514242	0.00124878	0.00286283	0.00619186	0.0126295	0.0242906	0.0440644	0.0754447	0.122061	0.186933	0.271623	0.375564	
0.671412	0.795687	0.90901	1.00654	1.08618	1.14827	1.19481	1.22848	1.25195	1.26733	1.27608	1.27907	1.27679	1.26953	1.2576	1.24139	1.22147	1.19852	1.17335	1.14681	1.11975	1.093	1.06731	1.04336	1.02171	1.00284	0.987141	0.974912	0.96637	0.961663	0.960871	0.964005	0.971017	0.981787	0.996128	1.01377	1.03437	1.05748	1.08257	1.109	1.13604	1.1629	1.18873	1.21267	1.23389	1.25166	1.26535	1.27452	1.27882	1.27798	1.2716	1.259	1.23897	1.20967	1.1686	1.11302	1.04055	0.950067	0.842632	0.721996	0.594484	0.468075	0.350879	0.249487	0.167754	0.106424	0.0635978	0.0357648	0.0189183	0.00941297	0.00440702	0.00194277	0.0008071	0.000316305	0.00011707	4.09697e-05	1.35741e-05	4.26595e-06	1.28468e-06	4.16493e-07	3.11485e-07	7.97458e-07	2.65107e-06	8.60011e-06	2.65119e-05	7.74269e-05	0.000213925	0.000558495	0.00137614	0.0031969	0.00699537	0.0144073	0.0279142	0.050871	0.0872215	0.140803	0.214299	0.308122	0.419665	0.543326	
