-0.0824864	-0.0721771	-0.0642925	-0.0561412	-0.0295587	0.00509542	0.024884	0.0469242	0.0935272	0.140381	0.177273	0.209281	0.230772	0.26314	0.322535	0.381422	0.409224	0.401645	0.344196	0.252976	0.16091	0.108093	0.110717	0.176978	0.32298	0.541823	0.80311	1.07003	1.3167	1.53392	1.6927	1.76933	1.73885	1.61709	1.43503	1.23913	1.06278	0.921397	0.819055	0.744056	0.690465	0.645237	0.606615	0.5663	0.526807	0.484991	0.439265	0.39341	0.346613	0.294392	0.247925	0.208947	0.163188	0.124171	0.089586	0.0570939	0.0270547	0.00606756	-0.0105746	-0.0325397	-0.0430517	-0.0480876	-0.0596357	-0.0701967	-0.074594	-0.0718457	-0.077616	-0.0950758	-0.100189	-0.0933537	-0.0937841	-0.107388	-0.133459	-0.155712	-0.15182	-0.133133	-0.131378	-0.162849	-0.235125	-0.348555	-0.475435	-0.57304	-0.616768	-0.5972	-0.501195	-0.322959	-0.0844334	0.175111	0.425928	0.652734	0.837527	0.951113	0.967513	0.88461	0.729557	0.545641	0.373199	0.237599	0.148244	0.104815	
-0.110712	-0.102424	-0.0980967	-0.0973067	-0.081663	-0.0583569	-0.0507947	-0.0441788	-0.0100821	0.0279059	0.0519957	0.0683379	0.0731387	0.0985464	0.15353	0.20253	0.227527	0.214905	0.15327	0.0603442	-0.0272364	-0.0786246	-0.0669604	0.00371495	0.158157	0.382195	0.646735	0.914053	1.1608	1.37426	1.53058	1.59886	1.56347	1.43503	1.2497	1.05366	0.875683	0.73687	0.634365	0.558983	0.508271	0.460538	0.424594	0.386293	0.347402	0.310908	0.272831	0.233561	0.199986	0.165855	0.131255	0.101652	0.0674175	0.0432197	0.0236317	0.00172282	-0.0164657	-0.0249769	-0.0358944	-0.052592	-0.0552302	-0.0562116	-0.0664671	-0.0747622	-0.0765636	-0.0729514	-0.07951	-0.0966489	-0.100273	-0.0931768	-0.0945367	-0.109184	-0.135576	-0.156506	-0.150891	-0.132369	-0.132677	-0.167029	-0.242426	-0.357813	-0.483849	-0.578149	-0.617544	-0.593026	-0.491549	-0.308581	-0.0675962	0.192011	0.441452	0.665891	0.846898	0.955083	0.965386	0.877348	0.719416	0.535114	0.364071	0.230576	0.143095	0.100729	
-0.121358	-0.118473	-0.118512	-0.120312	-0.108659	-0.0942315	-0.0965352	-0.0967931	-0.0744412	-0.0518163	-0.041078	-0.0353042	-0.0354798	-0.021007	0.0233322	0.0636448	0.0721826	0.0485411	-0.0237135	-0.122532	-0.21286	-0.259657	-0.247338	-0.168422	-0.0108141	0.219488	0.483566	0.751274	0.994201	1.20528	1.35461	1.41632	1.37345	1.23913	1.05366	0.856419	0.68429	0.547819	0.450084	0.380626	0.332298	0.292141	0.262649	0.230456	0.203251	0.176774	0.147674	0.12166	0.0978278	0.0690297	0.0467555	0.030713	0.0102813	-0.00274299	-0.0152737	-0.0276768	-0.0391629	-0.0445132	-0.0495064	-0.0599598	-0.0609092	-0.0616631	-0.0696625	-0.0761939	-0.0774256	-0.0738502	-0.0812648	-0.0979778	-0.10009	-0.0929791	-0.0955744	-0.111503	-0.138186	-0.157326	-0.149617	-0.131536	-0.134613	-0.172657	-0.25193	-0.369557	-0.494245	-0.584203	-0.618049	-0.587225	-0.47885	-0.290063	-0.0462097	0.213294	0.460886	0.682229	0.85832	0.959583	0.962207	0.867832	0.706475	0.521872	0.352709	0.221911	0.136793	0.0957569	
-0.128864	-0.126276	-0.12522	-0.12963	-0.124637	-0.115302	-0.122604	-0.129531	-0.110591	-0.0938692	-0.095507	-0.102167	-0.114067	-0.104203	-0.0678995	-0.0391445	-0.0405876	-0.0782061	-0.160492	-0.268549	-0.359851	-0.408471	-0.391911	-0.311439	-0.147476	0.0833874	0.348646	0.611335	0.852094	1.05597	1.19956	1.25158	1.20108	1.06278	0.875683	0.68429	0.516839	0.389133	0.299569	0.236506	0.197625	0.16395	0.141978	0.118503	0.0988927	0.0790943	0.0605824	0.0427	0.0285256	0.0128381	0.00139271	-0.00751806	-0.0233536	-0.0305595	-0.0362542	-0.0452752	-0.0515644	-0.0500479	-0.05531	-0.066367	-0.0635013	-0.0627501	-0.0716816	-0.0779496	-0.0776273	-0.0740652	-0.0832179	-0.0994988	-0.0997289	-0.0927757	-0.0969808	-0.114418	-0.141242	-0.158035	-0.147956	-0.13076	-0.137403	-0.179968	-0.26381	-0.383789	-0.506433	-0.590902	-0.617943	-0.579424	-0.462752	-0.267187	-0.0202187	0.238894	0.484095	0.701536	0.871489	0.964254	0.957644	0.855846	0.690665	0.505969	0.339236	0.211747	0.129474	0.0900235	
-0.128825	-0.131982	-0.13324	-0.135147	-0.129449	-0.12523	-0.136185	-0.144745	-0.132846	-0.121301	-0.128137	-0.142132	-0.156622	-0.152591	-0.122141	-0.103717	-0.119022	-0.168067	-0.26297	-0.376541	-0.470045	-0.51554	-0.496799	-0.409384	-0.242194	-0.00613282	0.255491	0.516672	0.750568	0.949198	1.08357	1.12496	1.06678	0.921397	0.73687	0.547819	0.389133	0.269607	0.187165	0.13367	0.100758	0.0742949	0.0606554	0.0432486	0.03125	0.0207834	0.00867231	-0.0015645	-0.00862706	-0.0200589	-0.0263154	-0.0326911	-0.0419358	-0.0422925	-0.0461179	-0.0516456	-0.0558223	-0.0560233	-0.0603138	-0.0667509	-0.0634598	-0.0653529	-0.0736653	-0.0781485	-0.0773311	-0.0749016	-0.0856768	-0.100843	-0.0990887	-0.0927451	-0.0989043	-0.117965	-0.144639	-0.158472	-0.145897	-0.130228	-0.141322	-0.189242	-0.278253	-0.400475	-0.520149	-0.59787	-0.616802	-0.569171	-0.442853	-0.239714	0.0104159	0.268718	0.510903	0.723544	0.886024	0.968654	0.951308	0.841148	0.671924	0.487487	0.323807	0.200254	0.121293	0.0836695	
-0.131555	-0.135141	-0.134057	-0.136221	-0.13476	-0.133329	-0.144494	-0.151693	-0.139825	-0.134508	-0.148849	-0.166417	-0.182302	-0.178417	-0.15325	-0.141608	-0.169285	-0.230199	-0.332548	-0.45296	-0.543115	-0.584557	-0.560441	-0.46475	-0.291114	-0.0517823	0.209528	0.464945	0.694819	0.884251	1.00934	1.03827	0.969813	0.819055	0.634365	0.450084	0.299569	0.187165	0.113652	0.0665749	0.0392788	0.0197595	0.0107616	-0.00221429	-0.00629417	-0.014358	-0.0214247	-0.026054	-0.0295554	-0.0386579	-0.0404966	-0.0418502	-0.0482878	-0.0485427	-0.0520659	-0.0572237	-0.0592355	-0.0560132	-0.0613537	-0.068956	-0.0644619	-0.0660383	-0.0747039	-0.0790792	-0.0773576	-0.0757083	-0.0883329	-0.10214	-0.0983118	-0.0929709	-0.101421	-0.122168	-0.148241	-0.158454	-0.143466	-0.130194	-0.146703	-0.200797	-0.295439	-0.419517	-0.535043	-0.604647	-0.614123	-0.555937	-0.418702	-0.207409	0.0457032	0.30263	0.541085	0.747913	0.90146	0.972265	0.94276	0.823489	0.650213	0.466539	0.306608	0.187627	0.112423	0.0768488	
-0.130649	-0.139138	-0.138864	-0.137005	-0.13458	-0.137579	-0.150045	-0.156275	-0.146281	-0.139943	-0.157968	-0.182965	-0.197337	-0.190272	-0.168575	-0.164785	-0.199531	-0.272017	-0.382386	-0.503242	-0.591242	-0.625088	-0.592712	-0.488606	-0.305332	-0.0627572	0.197424	0.44861	0.67154	0.852854	0.965349	0.980995	0.900792	0.744056	0.558983	0.380626	0.236506	0.13367	0.0665749	0.026314	0.00468215	-0.0103574	-0.0162264	-0.0236628	-0.027232	-0.0323636	-0.0358081	-0.0392824	-0.042584	-0.0465749	-0.0433579	-0.048309	-0.0545086	-0.0521832	-0.054495	-0.0576936	-0.0592185	-0.0581438	-0.0644541	-0.0686608	-0.0636161	-0.0681247	-0.0767695	-0.0792407	-0.0768076	-0.0771988	-0.0916081	-0.103118	-0.097272	-0.0936227	-0.104696	-0.127022	-0.15184	-0.157794	-0.140766	-0.131001	-0.153941	-0.214976	-0.315517	-0.440727	-0.550663	-0.610682	-0.609316	-0.539122	-0.389822	-0.170054	0.0856069	0.340447	0.574358	0.774227	0.917243	0.974496	0.931528	0.802624	0.625523	0.44328	0.287863	0.174084	0.103051	0.0697224	
-0.131798	-0.142452	-0.1403	-0.136621	-0.137272	-0.143331	-0.152972	-0.155049	-0.149171	-0.149164	-0.166872	-0.189057	-0.202012	-0.194785	-0.175514	-0.180236	-0.227428	-0.306814	-0.42195	-0.542952	-0.620134	-0.644325	-0.601532	-0.48224	-0.29199	-0.0418406	0.21491	0.461872	0.678015	0.848103	0.94833	0.946777	0.85622	0.690465	0.508271	0.332298	0.197625	0.100758	0.0392788	0.00468215	-0.0158454	-0.0282947	-0.0310539	-0.0400222	-0.0389011	-0.041724	-0.0441771	-0.0447755	-0.0434757	-0.0487966	-0.0498646	-0.0535013	-0.0548248	-0.0516316	-0.0560669	-0.0604375	-0.0599766	-0.0582085	-0.0660345	-0.0690828	-0.0641354	-0.0699645	-0.0778542	-0.0793783	-0.0769163	-0.0793516	-0.0949141	-0.10359	-0.0962129	-0.0949323	-0.108807	-0.132442	-0.155175	-0.156333	-0.138005	-0.133084	-0.163482	-0.232132	-0.338574	-0.4638	-0.566441	-0.615333	-0.601706	-0.518059	-0.355725	-0.127478	0.13003	0.38193	0.610373	0.80198	0.932724	0.974686	0.917121	0.778335	0.597894	0.417912	0.267826	0.159863	0.0933705	0.0624534	
-0.132367	-0.145496	-0.143719	-0.137057	-0.137569	-0.148335	-0.158156	-0.154719	-0.148105	-0.151291	-0.175677	-0.202829	-0.206764	-0.19251	-0.179617	-0.18864	-0.243808	-0.336262	-0.454239	-0.572002	-0.643203	-0.652432	-0.599015	-0.465787	-0.262736	-0.0106662	0.246782	0.486541	0.695461	0.854542	0.937316	0.921498	0.814317	0.645237	0.460538	0.292141	0.16395	0.0742949	0.0197595	-0.0103574	-0.0282947	-0.0340669	-0.0390991	-0.0418633	-0.0403325	-0.0452183	-0.0463248	-0.0462122	-0.0512145	-0.0556158	-0.0485443	-0.0525666	-0.0543799	-0.0541178	-0.0589317	-0.0597758	-0.059953	-0.0607525	-0.0675961	-0.0679408	-0.0646363	-0.0725207	-0.0793224	-0.0794057	-0.0769792	-0.0820829	-0.098394	-0.10357	-0.0952265	-0.0970621	-0.113845	-0.138295	-0.157922	-0.153971	-0.135524	-0.136976	-0.175815	-0.252604	-0.364592	-0.488281	-0.581681	-0.617864	-0.590536	-0.492033	-0.315944	-0.0795816	0.178799	0.426771	0.648699	0.830563	0.947152	0.972121	0.899052	0.750453	0.567429	0.390689	0.246785	0.145213	0.0835769	0.0552009	
-0.134661	-0.148533	-0.145058	-0.136882	-0.140411	-0.153332	-0.15997	-0.155001	-0.153523	-0.158364	-0.177538	-0.203175	-0.209473	-0.19224	-0.183749	-0.206733	-0.26809	-0.366744	-0.486347	-0.596093	-0.652113	-0.649368	-0.578131	-0.431139	-0.216497	0.0392268	0.292978	0.526231	0.726202	0.870703	0.937389	0.9017	0.782882	0.606615	0.424594	0.262649	0.141978	0.0606554	0.0107616	-0.0162264	-0.0310539	-0.0390991	-0.0425029	-0.0464985	-0.0474158	-0.0501235	-0.049434	-0.0504918	-0.0506788	-0.0485745	-0.0488672	-0.0574132	-0.0569714	-0.0553268	-0.0585019	-0.0613627	-0.0602396	-0.0602791	-0.0696242	-0.0687558	-0.0655455	-0.0747317	-0.0803771	-0.0791408	-0.0776241	-0.0858208	-0.101658	-0.102773	-0.0945836	-0.100316	-0.119844	-0.144311	-0.159716	-0.150735	-0.133837	-0.143298	-0.191445	-0.276673	-0.39341	-0.513536	-0.595558	-0.617445	-0.574967	-0.460301	-0.270066	-0.0263638	0.231652	0.47459	0.688817	0.859254	0.959682	0.966048	0.876862	0.718877	0.534303	0.36192	0.225057	0.130393	0.0738611	0.0481146	
-0.13569	-0.151099	-0.149169	-0.138715	-0.14217	-0.159026	-0.162695	-0.150035	-0.153717	-0.169102	-0.190775	-0.210925	-0.205287	-0.18736	-0.185459	-0.216783	-0.291496	-0.399574	-0.519299	-0.620824	-0.664529	-0.64194	-0.55784	-0.390386	-0.166206	0.0931409	0.343368	0.569047	0.758651	0.888312	0.934338	0.880821	0.746909	0.5663	0.386293	0.230456	0.118503	0.0432486	-0.00221429	-0.0236628	-0.0400222	-0.0418633	-0.0464985	-0.047742	-0.0457061	-0.0477907	-0.0482994	-0.0479068	-0.0508416	-0.0554659	-0.054487	-0.058184	-0.0535471	-0.0544071	-0.0611242	-0.0611007	-0.0599415	-0.0652272	-0.071348	-0.0657899	-0.0672121	-0.0783214	-0.0808885	-0.0787636	-0.0792543	-0.0901624	-0.104175	-0.101398	-0.0947645	-0.104868	-0.126685	-0.150119	-0.160216	-0.146838	-0.133633	-0.152739	-0.210872	-0.304523	-0.424661	-0.538727	-0.607123	-0.613161	-0.554093	-0.42212	-0.217775	0.0320494	0.28823	0.524919	0.730094	0.887204	0.969377	0.955698	0.850152	0.6836	0.498779	0.331967	0.202978	0.115661	0.0644027	0.041329	
-0.142299	-0.15102	-0.147839	-0.140892	-0.147569	-0.163716	-0.166073	-0.152634	-0.155395	-0.173003	-0.19438	-0.214894	-0.208788	-0.186461	-0.196015	-0.238733	-0.317388	-0.432855	-0.548735	-0.636401	-0.664535	-0.625727	-0.521267	-0.341671	-0.103378	0.152086	0.399726	0.614279	0.792277	0.904419	0.927748	0.856807	0.707032	0.526807	0.347402	0.203251	0.0988927	0.03125	-0.00629417	-0.027232	-0.0389011	-0.0403325	-0.0474158	-0.0457061	-0.048007	-0.0517409	-0.0511949	-0.0517116	-0.0565522	-0.0522614	-0.0506546	-0.0562935	-0.0543126	-0.0600991	-0.0624627	-0.0615465	-0.0619768	-0.0650062	-0.0701309	-0.0673717	-0.071023	-0.0799137	-0.0807981	-0.0791258	-0.0816241	-0.0948251	-0.10595	-0.0996899	-0.0960682	-0.110827	-0.134192	-0.15524	-0.159151	-0.14275	-0.13579	-0.16602	-0.234541	-0.336178	-0.457724	-0.562805	-0.615307	-0.604015	-0.526956	-0.376796	-0.158894	0.0953833	0.348066	0.577197	0.771773	0.913431	0.975227	0.940327	0.81862	0.644732	0.46121	0.301244	0.180902	0.101267	0.0553649	0.0349596	
-0.144624	-0.152656	-0.15259	-0.145244	-0.150579	-0.166136	-0.164833	-0.152767	-0.165152	-0.186734	-0.20194	-0.212296	-0.202912	-0.186188	-0.203	-0.26433	-0.351255	-0.47131	-0.582884	-0.653543	-0.662765	-0.604964	-0.479264	-0.283646	-0.0354365	0.218225	0.459498	0.663463	0.827683	0.919029	0.920409	0.828216	0.667854	0.484991	0.310908	0.176774	0.0790943	0.0207834	-0.014358	-0.0323636	-0.041724	-0.0452183	-0.0501235	-0.0477907	-0.0517409	-0.0512744	-0.0495336	-0.0518977	-0.0530323	-0.050098	-0.0562086	-0.0608698	-0.0571493	-0.0596353	-0.0609558	-0.0612529	-0.0615873	-0.0693971	-0.0730047	-0.0661163	-0.072944	-0.0826395	-0.0809502	-0.0792979	-0.0852325	-0.0999325	-0.106371	-0.0978394	-0.0990969	-0.118295	-0.141945	-0.159077	-0.156454	-0.139266	-0.141329	-0.18384	-0.262791	-0.371424	-0.491674	-0.584512	-0.618952	-0.588945	-0.492575	-0.323733	-0.0934355	0.163198	0.410587	0.630754	0.812951	0.936817	0.97617	0.91925	0.782093	0.602517	0.422042	0.270204	0.159185	0.0874464	0.0468881	0.0290985	
-0.153236	-0.150549	-0.150352	-0.151176	-0.159775	-0.169952	-0.165478	-0.152929	-0.166795	-0.197912	-0.212545	-0.21372	-0.199921	-0.19049	-0.218552	-0.290088	-0.388332	-0.507032	-0.612316	-0.663905	-0.653767	-0.576364	-0.43031	-0.218527	0.0351904	0.286712	0.517664	0.711802	0.857325	0.928249	0.903502	0.793045	0.62177	0.439265	0.272831	0.147674	0.0605824	0.00867231	-0.0214247	-0.0358081	-0.0441771	-0.0463248	-0.049434	-0.0482994	-0.0511949	-0.0495336	-0.0515578	-0.0535499	-0.0542859	-0.0544431	-0.0602191	-0.0576208	-0.053594	-0.0611033	-0.0636611	-0.0631896	-0.0655449	-0.0714223	-0.0690955	-0.0672616	-0.0790605	-0.0834643	-0.0797147	-0.081337	-0.0902757	-0.103936	-0.105338	-0.0969748	-0.104308	-0.126915	-0.149327	-0.161106	-0.152401	-0.137518	-0.151348	-0.206813	-0.295788	-0.409728	-0.525241	-0.602407	-0.616829	-0.566833	-0.449989	-0.262503	-0.0216453	0.234881	0.475111	0.684793	0.85256	0.956121	0.97114	0.891896	0.740568	0.557348	0.381812	0.239332	0.138172	0.0744079	0.039086	0.0238125	
-0.15901	-0.150432	-0.15362	-0.157583	-0.16407	-0.169956	-0.165912	-0.163234	-0.176708	-0.202027	-0.217077	-0.212644	-0.19752	-0.199012	-0.241439	-0.32433	-0.428159	-0.546398	-0.636487	-0.668044	-0.635979	-0.538127	-0.37058	-0.146358	0.112681	0.35582	0.578228	0.757016	0.884166	0.929974	0.879814	0.751695	0.571211	0.39341	0.233561	0.12166	0.0427	-0.0015645	-0.026054	-0.0392824	-0.0447755	-0.0462122	-0.0504918	-0.0479068	-0.0517116	-0.0518977	-0.0535499	-0.0543985	-0.0562922	-0.0559155	-0.0576969	-0.0550699	-0.0592337	-0.0664205	-0.0636087	-0.0621986	-0.0660745	-0.0725672	-0.0702641	-0.0710487	-0.0816686	-0.0831467	-0.0805923	-0.084195	-0.0952139	-0.10713	-0.10367	-0.0975957	-0.111678	-0.136299	-0.155676	-0.160911	-0.147693	-0.138962	-0.166928	-0.23539	-0.333433	-0.450148	-0.556809	-0.614916	-0.607677	-0.536535	-0.39832	-0.19292	0.0559646	0.309655	0.540846	0.738366	0.889355	0.969995	0.959113	0.857864	0.694243	0.509773	0.341131	0.209122	0.118186	0.0623285	0.0320417	0.0191417	
-0.165877	-0.149637	-0.154354	-0.167705	-0.172825	-0.167766	-0.162863	-0.170982	-0.192188	-0.213839	-0.216679	-0.206692	-0.196529	-0.213218	-0.269696	-0.365829	-0.474802	-0.583447	-0.659812	-0.664098	-0.609308	-0.490264	-0.29936	-0.0642576	0.194811	0.431809	0.638763	0.804992	0.907363	0.927402	0.852295	0.705274	0.522786	0.346613	0.199986	0.0978278	0.0285256	-0.00862706	-0.0295554	-0.042584	-0.0434757	-0.0512145	-0.0506788	-0.0508416	-0.0565522	-0.0530323	-0.0542859	-0.0562922	-0.0555185	-0.0527345	-0.0596257	-0.0599015	-0.0629692	-0.064558	-0.0609213	-0.0645305	-0.0718359	-0.0739452	-0.0682111	-0.0746221	-0.0857827	-0.082702	-0.0807387	-0.088389	-0.101483	-0.108632	-0.101054	-0.100719	-0.121477	-0.145678	-0.160071	-0.158428	-0.143646	-0.145283	-0.188992	-0.269778	-0.375262	-0.491258	-0.584441	-0.6204	-0.590225	-0.496907	-0.336855	-0.115122	0.138597	0.386588	0.606884	0.790351	0.921906	0.977034	0.939185	0.81698	0.643542	0.460483	0.300664	0.180061	0.099515	0.0513462	0.0258064	0.0151004	
-0.168957	-0.155537	-0.158063	-0.171372	-0.180181	-0.170161	-0.163202	-0.180424	-0.200454	-0.222512	-0.224769	-0.203548	-0.197843	-0.23329	-0.302576	-0.403656	-0.522578	-0.616951	-0.672871	-0.65714	-0.575089	-0.435256	-0.227095	0.0225507	0.271681	0.504906	0.693569	0.844029	0.921688	0.911258	0.815028	0.648668	0.469968	0.294392	0.165855	0.0690297	0.0128381	-0.0200589	-0.0386579	-0.0465749	-0.0487966	-0.0556158	-0.0485745	-0.0554659	-0.0522614	-0.050098	-0.0544431	-0.0559155	-0.0527345	-0.0605279	-0.0661902	-0.0578705	-0.0624778	-0.0636997	-0.064041	-0.0695158	-0.0724153	-0.0716222	-0.0709124	-0.0811364	-0.0858704	-0.0808664	-0.0843936	-0.0948189	-0.105879	-0.107441	-0.0997986	-0.107607	-0.132719	-0.153779	-0.161911	-0.154274	-0.142122	-0.158177	-0.218165	-0.30985	-0.420322	-0.531101	-0.605961	-0.617236	-0.563218	-0.446867	-0.265151	-0.0296394	0.225178	0.464622	0.672187	0.839419	0.948614	0.975836	0.910647	0.769352	0.589128	0.410304	0.261106	0.152602	0.0823958	0.0415546	0.0203993	0.0116787	
-0.171586	-0.159579	-0.165646	-0.179236	-0.181509	-0.170716	-0.170245	-0.197318	-0.21204	-0.216282	-0.220614	-0.208199	-0.21079	-0.264515	-0.351903	-0.449699	-0.56513	-0.645899	-0.670119	-0.630674	-0.526987	-0.359546	-0.140901	0.116997	0.356481	0.575671	0.749385	0.876453	0.926706	0.887119	0.765556	0.591033	0.410807	0.247925	0.131255	0.0467555	0.00139271	-0.0263154	-0.0404966	-0.0433579	-0.0498646	-0.0485443	-0.0488672	-0.054487	-0.0506546	-0.0562086	-0.0602191	-0.0576969	-0.0596257	-0.0661902	-0.0564774	-0.0556771	-0.0670972	-0.066481	-0.0670542	-0.070117	-0.0740449	-0.0729029	-0.0733078	-0.0845309	-0.0862177	-0.0825263	-0.0888019	-0.0998295	-0.108892	-0.105939	-0.101166	-0.117584	-0.14416	-0.159778	-0.161006	-0.149707	-0.145433	-0.179161	-0.25466	-0.355035	-0.46705	-0.567202	-0.619087	-0.603894	-0.525445	-0.385473	-0.183161	0.0625577	0.314386	0.542595	0.735556	0.884009	0.967746	0.965098	0.873082	0.715417	0.531898	0.360157	0.223144	0.127145	0.0670054	0.0330015	0.0158094	0.00884614	
-0.172242	-0.170779	-0.173302	-0.182295	-0.182399	-0.172175	-0.177511	-0.212512	-0.231646	-0.220838	-0.210381	-0.20596	-0.229178	-0.295951	-0.401314	-0.506042	-0.6087	-0.673009	-0.667013	-0.598634	-0.470787	-0.279745	-0.0433366	0.211402	0.446009	0.646582	0.805251	0.906764	0.92639	0.858835	0.7135	0.535535	0.355629	0.208947	0.101652	0.030713	-0.00751806	-0.0326911	-0.0418502	-0.048309	-0.0535013	-0.0525666	-0.0574132	-0.058184	-0.0562935	-0.0608698	-0.0576208	-0.0550699	-0.0599015	-0.0578705	-0.0556771	-0.0680429	-0.0726502	-0.065331	-0.0663282	-0.0734512	-0.0751717	-0.0710465	-0.079548	-0.0903885	-0.0843552	-0.0829367	-0.094576	-0.106475	-0.110421	-0.1034	-0.106006	-0.130695	-0.154566	-0.162608	-0.157655	-0.146946	-0.156172	-0.209254	-0.298125	-0.404195	-0.513179	-0.596666	-0.621594	-0.578994	-0.475764	-0.31205	-0.0913562	0.160049	0.404717	0.61925	0.795593	0.922324	0.977507	0.943732	0.826451	0.655965	0.472957	0.311015	0.187421	0.104013	0.0534532	0.0256886	0.0119989	0.00655529	
-0.167965	-0.184709	-0.186702	-0.184136	-0.182024	-0.182617	-0.191321	-0.214406	-0.235585	-0.22778	-0.214224	-0.217555	-0.262161	-0.341384	-0.445382	-0.554778	-0.639005	-0.679779	-0.645842	-0.553167	-0.400807	-0.192773	0.0555574	0.301971	0.525585	0.706795	0.846895	0.918411	0.908141	0.809685	0.649068	0.466903	0.295421	0.163188	0.0674175	0.0102813	-0.0233536	-0.0419358	-0.0482878	-0.0545086	-0.0548248	-0.0543799	-0.0569714	-0.0535471	-0.0543126	-0.0571493	-0.053594	-0.0592337	-0.0629692	-0.0624778	-0.0670972	-0.0726502	-0.0648917	-0.0605262	-0.0724078	-0.0781246	-0.0738243	-0.0760142	-0.0871024	-0.0876743	-0.0816661	-0.0897259	-0.103224	-0.110247	-0.107976	-0.102982	-0.116827	-0.14511	-0.161521	-0.161883	-0.153524	-0.149046	-0.176637	-0.248689	-0.347594	-0.455502	-0.555708	-0.616378	-0.611493	-0.541329	-0.413164	-0.226351	0.00916795	0.26101	0.494554	0.693228	0.850652	0.952345	0.976157	0.910997	0.77117	0.592142	0.413572	0.263852	0.154498	0.0834364	0.0417778	0.0195754	0.00890819	0.00474705	
-0.174217	-0.193447	-0.193364	-0.184836	-0.179919	-0.195363	-0.221682	-0.225431	-0.226216	-0.222315	-0.215325	-0.23734	-0.305283	-0.402484	-0.503253	-0.604625	-0.66748	-0.672237	-0.609664	-0.488474	-0.312583	-0.0868863	0.164864	0.401269	0.607166	0.769854	0.883999	0.92504	0.880353	0.755396	0.582473	0.401015	0.242419	0.124171	0.0432197	-0.00274299	-0.0305595	-0.0422925	-0.0485427	-0.0521832	-0.0516316	-0.0541178	-0.0553268	-0.0544071	-0.0600991	-0.0596353	-0.0611033	-0.0664205	-0.064558	-0.0636997	-0.066481	-0.065331	-0.0605262	-0.0720681	-0.0824408	-0.0760515	-0.0732102	-0.0804817	-0.0888154	-0.0871294	-0.0862126	-0.0975262	-0.108303	-0.11053	-0.105901	-0.108514	-0.131903	-0.157086	-0.164047	-0.15884	-0.15122	-0.15928	-0.208427	-0.296809	-0.401398	-0.50629	-0.590999	-0.62329	-0.587168	-0.489866	-0.336869	-0.128751	0.116642	0.363313	0.582236	0.763024	0.898795	0.971904	0.962165	0.866641	0.708163	0.525412	0.355098	0.219578	0.124821	0.0655406	0.0319489	0.0145847	0.00646157	0.00335543	
-0.180594	-0.201718	-0.203717	-0.18876	-0.181336	-0.202166	-0.2394	-0.243225	-0.226715	-0.22035	-0.225817	-0.26645	-0.351553	-0.458665	-0.559478	-0.645611	-0.685201	-0.655174	-0.562914	-0.417017	-0.216394	0.0226183	0.272144	0.496327	0.682302	0.825598	0.911032	0.918856	0.841274	0.693087	0.513754	0.337252	0.19419	0.089586	0.0236317	-0.0152737	-0.0362542	-0.0461179	-0.0520659	-0.054495	-0.0560669	-0.0589317	-0.0585019	-0.0611242	-0.0624627	-0.0609558	-0.0636611	-0.0636087	-0.0609213	-0.064041	-0.0670542	-0.0663282	-0.0724078	-0.0824408	-0.0764833	-0.0700012	-0.0771546	-0.089031	-0.0931664	-0.0857594	-0.0894655	-0.105814	-0.112616	-0.109012	-0.106607	-0.120075	-0.147829	-0.16458	-0.162808	-0.155328	-0.154066	-0.180919	-0.252036	-0.351897	-0.457057	-0.553013	-0.615037	-0.614748	-0.547436	-0.423741	-0.246529	-0.0204325	0.228658	0.464672	0.666097	0.826917	0.93778	0.978814	0.934404	0.811026	0.638868	0.457488	0.298898	0.178979	0.0986894	0.0503433	0.0238735	0.0106105	0.00457353	0.00231236	
-0.199262	-0.197327	-0.201602	-0.201668	-0.202852	-0.218717	-0.23961	-0.242053	-0.231305	-0.227676	-0.250132	-0.31562	-0.410308	-0.515653	-0.60843	-0.672726	-0.679594	-0.618473	-0.498048	-0.32861	-0.110023	0.137736	0.376158	0.583635	0.74902	0.867191	0.922655	0.893313	0.785876	0.619485	0.43855	0.273043	0.144836	0.0570939	0.00172282	-0.0276768	-0.0452752	-0.0516456	-0.0572237	-0.0576936	-0.0604375	-0.0597758	-0.0613627	-0.0611007	-0.0615465	-0.0612529	-0.0631896	-0.0621986	-0.0645305	-0.0695158	-0.070117	-0.0734512	-0.0781246	-0.0760515	-0.0700012	-0.076765	-0.0900163	-0.0944828	-0.0867551	-0.084434	-0.102023	-0.114793	-0.110797	-0.106947	-0.11383	-0.13643	-0.161127	-0.166674	-0.159045	-0.154255	-0.166413	-0.216427	-0.306247	-0.411169	-0.511261	-0.591334	-0.623844	-0.588769	-0.491516	-0.342313	-0.142473	0.0964854	0.342315	0.562809	0.744436	0.882875	0.965109	0.971073	0.892356	0.745219	0.565197	0.390226	0.24624	0.142666	0.0762468	0.0377591	0.0174071	0.00752749	0.0031549	0.00155177	
-0.220577	-0.198553	-0.193771	-0.207714	-0.230245	-0.244646	-0.242094	-0.233	-0.23015	-0.244845	-0.288717	-0.377496	-0.479105	-0.57403	-0.65151	-0.684665	-0.654836	-0.55935	-0.416127	-0.221026	0.00915868	0.256894	0.479262	0.66504	0.807267	0.897765	0.916234	0.852937	0.715078	0.540102	0.360834	0.211235	0.0993526	0.0270547	-0.0164657	-0.0391629	-0.0515644	-0.0558223	-0.0592355	-0.0592185	-0.0599766	-0.059953	-0.0602396	-0.0599415	-0.0619768	-0.0615873	-0.0655449	-0.0660745	-0.0718359	-0.0724153	-0.0740449	-0.0751717	-0.0738243	-0.0732102	-0.0771546	-0.0900163	-0.0938388	-0.0871036	-0.0849952	-0.0980215	-0.113887	-0.112929	-0.107553	-0.111848	-0.127545	-0.153289	-0.16884	-0.163649	-0.155499	-0.16031	-0.192563	-0.266138	-0.368041	-0.471039	-0.559851	-0.616383	-0.613985	-0.544194	-0.418941	-0.245329	-0.0260016	0.218949	0.454466	0.655575	0.815434	0.928493	0.97817	0.94713	0.836317	0.67101	0.489423	0.325492	0.19821	0.11103	0.0574741	0.027613	0.0123674	0.00520066	0.00211831	0.00101285	
-0.227741	-0.210203	-0.203372	-0.214992	-0.246886	-0.263938	-0.247195	-0.233765	-0.235461	-0.2682	-0.340673	-0.442494	-0.547705	-0.629514	-0.685777	-0.682524	-0.614601	-0.48687	-0.317602	-0.101975	0.139964	0.376939	0.581432	0.743515	0.859651	0.919109	0.897966	0.801196	0.640346	0.461372	0.291773	0.158706	0.0655909	0.00606756	-0.0249769	-0.0445132	-0.0500479	-0.0560233	-0.0560132	-0.0581438	-0.0582085	-0.0607525	-0.0602791	-0.0652272	-0.0650062	-0.0693971	-0.0714223	-0.0725672	-0.0739452	-0.0716222	-0.0729029	-0.0710465	-0.0760142	-0.0804817	-0.089031	-0.0944828	-0.0871036	-0.0864386	-0.0957456	-0.109541	-0.115627	-0.110204	-0.1104	-0.122161	-0.144696	-0.167242	-0.169019	-0.157796	-0.157322	-0.178874	-0.234876	-0.327762	-0.433121	-0.527243	-0.597803	-0.623286	-0.583077	-0.480648	-0.32949	-0.133227	0.10037	0.343156	0.562014	0.740971	0.876996	0.960999	0.974492	0.906194	0.767531	0.59086	0.41403	0.265008	0.155621	0.0842273	0.0422031	0.0196594	0.00854977	0.00349442	0.00138263	0.000642222	
-0.22939	-0.221524	-0.22556	-0.23839	-0.253505	-0.261408	-0.249077	-0.246708	-0.267058	-0.315196	-0.405855	-0.506663	-0.600208	-0.667447	-0.693479	-0.656234	-0.553683	-0.403765	-0.209354	0.0191409	0.264552	0.484965	0.668238	0.806413	0.895853	0.918563	0.861845	0.731827	0.559764	0.380929	0.22763	0.112094	0.0354744	-0.0105746	-0.0358944	-0.0495064	-0.05531	-0.0603138	-0.0613537	-0.0644541	-0.0660345	-0.0675961	-0.0696242	-0.071348	-0.0701309	-0.0730047	-0.0690955	-0.0702641	-0.0682111	-0.0709124	-0.0733078	-0.079548	-0.0871024	-0.0888154	-0.0931664	-0.0867551	-0.0849952	-0.0957456	-0.10692	-0.117459	-0.114783	-0.108168	-0.117756	-0.139291	-0.163101	-0.172551	-0.162034	-0.155553	-0.170827	-0.213672	-0.292816	-0.396815	-0.496334	-0.57476	-0.619518	-0.607933	-0.530075	-0.398317	-0.223277	-0.00755009	0.232848	0.464924	0.662176	0.81705	0.926604	0.977391	0.952111	0.848524	0.688241	0.507738	0.341497	0.210219	0.118969	0.0621782	0.030141	0.0136066	0.00574305	0.00228044	0.00087618	0.00039513	
-0.218761	-0.24187	-0.259766	-0.269878	-0.261101	-0.245196	-0.244545	-0.26288	-0.311716	-0.388899	-0.488973	-0.581381	-0.648995	-0.689157	-0.673285	-0.595752	-0.462675	-0.291738	-0.0797806	0.155244	0.387773	0.585334	0.741014	0.851656	0.908358	0.89052	0.797691	0.6418	0.464453	0.29419	0.159306	0.0626905	0.00161538	-0.0325397	-0.052592	-0.0599598	-0.066367	-0.0667509	-0.068956	-0.0686608	-0.0690828	-0.0679408	-0.0687558	-0.0657899	-0.0673717	-0.0661163	-0.0672616	-0.0710487	-0.0746221	-0.0811364	-0.0845309	-0.0903885	-0.0876743	-0.0871294	-0.0857594	-0.084434	-0.0980215	-0.109541	-0.117459	-0.117202	-0.106395	-0.113388	-0.137681	-0.159782	-0.17236	-0.166932	-0.155976	-0.164914	-0.200145	-0.265938	-0.363042	-0.466973	-0.551875	-0.607944	-0.61954	-0.567698	-0.455201	-0.297702	-0.101083	0.128655	0.366586	0.580194	0.752589	0.881675	0.961252	0.974759	0.910006	0.775646	0.601593	0.424881	0.274087	0.16217	0.0884018	0.0445942	0.0209042	0.00914125	0.00374313	0.00144349	0.000538405	0.000235618	
-0.226455	-0.259359	-0.279543	-0.286713	-0.274765	-0.249841	-0.255904	-0.293414	-0.361466	-0.461531	-0.563956	-0.646242	-0.692789	-0.697787	-0.640095	-0.521441	-0.360274	-0.164207	0.063095	0.300137	0.512829	0.685311	0.81256	0.893234	0.910944	0.85284	0.72463	0.553391	0.376142	0.221976	0.106381	0.0285899	-0.0172771	-0.0430517	-0.0552302	-0.0609092	-0.0635013	-0.0634598	-0.0644619	-0.0636161	-0.0641354	-0.0646363	-0.0655455	-0.0672121	-0.071023	-0.072944	-0.0790605	-0.0816686	-0.0857827	-0.0858704	-0.0862177	-0.0843552	-0.0816661	-0.0862126	-0.0894655	-0.102023	-0.113887	-0.115627	-0.114783	-0.106395	-0.111365	-0.13782	-0.158779	-0.169549	-0.170176	-0.15916	-0.160515	-0.190484	-0.247489	-0.334427	-0.438869	-0.530593	-0.593843	-0.62097	-0.59339	-0.501832	-0.359581	-0.179593	0.0350851	0.27069	0.496229	0.685476	0.831182	0.932249	0.977582	0.950783	0.84852	0.690414	0.51141	0.345491	0.213635	0.121436	0.0637366	0.0310214	0.0140573	0.00595265	0.00236396	0.000885117	0.000320428	0.000136021	
-0.269921	-0.270577	-0.278831	-0.281312	-0.274694	-0.274347	-0.300472	-0.356348	-0.437178	-0.53673	-0.622716	-0.681001	-0.703933	-0.67089	-0.57616	-0.429784	-0.247989	-0.0333138	0.201215	0.428463	0.617546	0.763704	0.864258	0.912368	0.890148	0.794358	0.639884	0.462986	0.295021	0.160969	0.0652545	0.00510818	-0.0293073	-0.0480876	-0.0562116	-0.0616631	-0.0627501	-0.0653529	-0.0660383	-0.0681247	-0.0699645	-0.0725207	-0.0747317	-0.0783214	-0.0799137	-0.0826395	-0.0834643	-0.0831467	-0.082702	-0.0808664	-0.0825263	-0.0829367	-0.0897259	-0.0975262	-0.105814	-0.114793	-0.112929	-0.110204	-0.108168	-0.113388	-0.13782	-0.15881	-0.167039	-0.171153	-0.163591	-0.158282	-0.182379	-0.235397	-0.313192	-0.413274	-0.510599	-0.580411	-0.616709	-0.608208	-0.538399	-0.411476	-0.244806	-0.0453907	0.181433	0.412489	0.616684	0.77807	0.89582	0.96555	0.972291	0.904346	0.769663	0.596865	0.421814	0.272406	0.16139	0.0881051	0.0445118	0.0208974	0.00915188	0.00375192	0.00144473	0.000525105	0.000184484	7.59414e-05	
-0.310447	-0.29356	-0.28317	-0.269832	-0.269737	-0.306668	-0.364205	-0.439194	-0.531197	-0.617487	-0.675696	-0.699388	-0.683262	-0.607487	-0.476583	-0.309117	-0.111185	0.113453	0.341963	0.544992	0.70471	0.820665	0.890572	0.899776	0.836489	0.706533	0.536515	0.362397	0.211534	0.098951	0.0231208	-0.0216966	-0.0472586	-0.0596357	-0.0664671	-0.0696625	-0.0716816	-0.0736653	-0.0747039	-0.0767695	-0.0778542	-0.0793224	-0.0803771	-0.0808885	-0.0807981	-0.0809502	-0.0797147	-0.0805923	-0.0807387	-0.0843936	-0.0888019	-0.094576	-0.103224	-0.108303	-0.112616	-0.110797	-0.107553	-0.1104	-0.117756	-0.137681	-0.158779	-0.167039	-0.171173	-0.166702	-0.157912	-0.175859	-0.227273	-0.299573	-0.39238	-0.491873	-0.568555	-0.610781	-0.614859	-0.564932	-0.454538	-0.299202	-0.112635	0.10221	0.332109	0.547408	0.723822	0.855882	0.94384	0.977872	0.942826	0.836118	0.677165	0.499851	0.336785	0.207823	0.117942	0.0618243	0.0300607	0.0136113	0.00576015	0.00228586	0.000853347	0.000301051	0.000102641	4.09631e-05	
-0.335622	-0.318781	-0.29066	-0.274563	-0.296749	-0.356513	-0.43457	-0.526695	-0.619908	-0.684118	-0.711996	-0.700564	-0.637189	-0.518321	-0.357381	-0.169401	0.0433338	0.27004	0.481541	0.653325	0.781507	0.865636	0.898835	0.864838	0.761069	0.604635	0.429015	0.265972	0.136385	0.0452377	-0.011989	-0.044633	-0.0620542	-0.0701967	-0.0747622	-0.0761939	-0.0779496	-0.0781485	-0.0790792	-0.0792407	-0.0793783	-0.0794057	-0.0791408	-0.0787636	-0.0791258	-0.0792979	-0.081337	-0.084195	-0.088389	-0.0948189	-0.0998295	-0.106475	-0.110247	-0.11053	-0.109012	-0.106947	-0.111848	-0.122161	-0.139291	-0.159782	-0.169549	-0.171153	-0.166702	-0.158048	-0.172125	-0.222146	-0.292095	-0.377727	-0.475552	-0.558195	-0.605524	-0.616772	-0.58239	-0.488922	-0.344671	-0.16806	0.0347759	0.25838	0.479582	0.669376	0.814809	0.916848	0.971775	0.965586	0.888231	0.748938	0.576219	0.404485	0.259708	0.153102	0.0832206	0.0418866	0.0196006	0.00855933	0.00350009	0.00134447	0.000486577	0.000166613	5.51287e-05	2.13281e-05	
-0.340089	-0.328781	-0.312774	-0.322161	-0.364616	-0.427322	-0.511901	-0.608159	-0.684623	-0.721535	-0.719984	-0.672184	-0.564718	-0.409909	-0.22672	-0.0201792	0.203464	0.42185	0.607609	0.74745	0.844448	0.895284	0.88696	0.809477	0.671133	0.499531	0.328565	0.1837	0.0769224	0.00626923	-0.0352728	-0.0582103	-0.0691761	-0.074594	-0.0765636	-0.0774256	-0.0776273	-0.0773311	-0.0773576	-0.0768076	-0.0769163	-0.0769792	-0.0776241	-0.0792543	-0.0816241	-0.0852325	-0.0902757	-0.0952139	-0.101483	-0.105879	-0.108892	-0.110421	-0.107976	-0.105901	-0.106607	-0.11383	-0.127545	-0.144696	-0.163101	-0.17236	-0.170176	-0.163591	-0.157912	-0.172125	-0.220325	-0.288918	-0.369439	-0.463406	-0.549586	-0.601677	-0.616806	-0.592759	-0.514727	-0.382073	-0.213458	-0.0207519	0.19387	0.4157	0.61585	0.773935	0.88775	0.958214	0.975539	0.926131	0.809932	0.647802	0.472889	0.315504	0.193012	0.108703	0.0565979	0.0273555	0.0123208	0.00518943	0.00205067	0.000762514	0.000267542	8.89235e-05	2.8558e-05	1.07102e-05	
-0.320993	-0.333424	-0.362218	-0.407062	-0.461451	-0.527274	-0.606186	-0.675583	-0.713428	-0.71869	-0.68516	-0.598423	-0.458818	-0.28439	-0.0875426	0.129877	0.352429	0.550535	0.705566	0.815965	0.882988	0.89797	0.847149	0.731173	0.570094	0.396648	0.240502	0.118796	0.0349015	-0.0171284	-0.0463028	-0.0614766	-0.0684851	-0.0718457	-0.0729514	-0.0738502	-0.0740652	-0.0749016	-0.0757083	-0.0771988	-0.0793516	-0.0820829	-0.0858208	-0.0901624	-0.0948251	-0.0999325	-0.103936	-0.10713	-0.108632	-0.107441	-0.105939	-0.1034	-0.102982	-0.108514	-0.120075	-0.13643	-0.153289	-0.167242	-0.172551	-0.166932	-0.15916	-0.158282	-0.175859	-0.222146	-0.288918	-0.366814	-0.456943	-0.543673	-0.599203	-0.616556	-0.598373	-0.532637	-0.411579	-0.250156	-0.0652687	0.139964	0.358257	0.564826	0.734198	0.858578	0.940724	0.976129	0.951304	0.859185	0.712127	0.539363	0.373297	0.236674	0.137965	0.0742469	0.0370393	0.0171955	0.00745605	0.00302964	0.00115712	0.000416559	0.000141717	4.57272e-05	1.42566e-05	5.18335e-06	
