0.00127894	0.00389467	0.00991374	0.0227323	0.0471693	0.0884445	0.149702	0.228825	0.316609	0.39838	0.458954	0.488148	0.48357	0.449767	0.395119	0.328483	0.256937	0.185003	0.115038	0.048176	-0.014892	-0.0736037	-0.127433	-0.175838	-0.218312	-0.254436	-0.28389	-0.306459	-0.32202	-0.330509	-0.331905	-0.326207	-0.313435	-0.293637	-0.266912	-0.233427	-0.19345	-0.147356	-0.0956165	-0.038778	0.0226122	0.0880073	0.156796	0.228111	0.300206	0.369505	0.429925	0.473131	0.490204	0.474649	0.425815	0.350892	0.263623	0.179578	0.110552	0.0614347	0.0308331	0.0140003	0.00576599	0.00216045	0.000738864	0.000231409	6.65929e-05	1.76644e-05	4.33236e-06	9.85314e-07	2.08374e-07	4.10828e-08	7.56972e-09	1.30646e-09	2.11662e-10	3.22546e-11	4.63195e-12	6.27962e-13	8.05051e-14	9.77504e-15	1.1258e-15	1.23158e-16	1.28143e-17	1.2697e-18	1.19949e-19	1.0816e-20	9.31919e-22	7.68015e-23	6.05983e-24	4.58192e-25	3.32287e-26	2.31323e-27	1.54707e-28	9.94761e-30	6.15406e-31	3.66558e-32	2.10354e-33	1.16377e-34	6.21093e-36	3.19946e-37	1.59175e-38	7.65226e-40	3.55669e-41	1.59615e-42	
0.00389467	0.0113578	0.0274131	0.0593732	0.116126	0.205045	0.327016	0.472332	0.621169	0.749807	0.839014	0.879282	0.870786	0.820107	0.73651	0.62925	0.506305	0.374214	0.238462	0.103857	-0.0255508	-0.146665	-0.257199	-0.35554	-0.44069	-0.512122	-0.569628	-0.613233	-0.64306	-0.659251	-0.661912	-0.651061	-0.62664	-0.58852	-0.536569	-0.470708	-0.391027	-0.297899	-0.192096	-0.074966	0.0514653	0.184428	0.320232	0.454367	0.581666	0.696068	0.790178	0.855152	0.881489	0.861147	0.790932	0.676233	0.532727	0.383264	0.250189	0.147637	0.0786552	0.0378555	0.0164903	0.00651938	0.0023466	0.000771598	0.000232564	6.44685e-05	1.64894e-05	3.90349e-06	8.5773e-07	1.75423e-07	3.34791e-08	5.97667e-09	1.00028e-09	1.57281e-10	2.328e-11	3.24974e-12	4.2858e-13	5.34862e-14	6.32631e-15	7.10213e-16	7.57795e-17	7.69489e-18	7.44515e-19	6.87177e-20	6.05712e-21	5.10411e-22	4.11586e-23	3.17907e-24	2.35411e-25	1.67269e-26	1.14136e-27	7.48484e-29	4.7209e-30	2.86589e-31	1.67565e-32	9.44238e-34	5.1313e-35	2.69082e-36	1.3624e-37	6.6639e-39	3.15057e-40	1.43778e-41	
0.00991374	0.0274131	0.0618615	0.124455	0.225166	0.366859	0.539911	0.722506	0.888471	1.01756	1.10025	1.1351	1.12393	1.06938	0.974842	0.845212	0.687377	0.50998	0.322561	0.134167	-0.0479561	-0.218455	-0.373471	-0.510584	-0.628541	-0.726828	-0.805479	-0.864827	-0.905274	-0.927199	-0.930829	-0.916198	-0.883158	-0.831378	-0.760464	-0.670051	-0.559961	-0.430455	-0.28245	-0.117802	0.060234	0.24692	0.435763	0.618306	0.785062	0.926917	1.03622	1.10727	1.13615	1.11996	1.05646	0.945301	0.792195	0.613245	0.43332	0.277203	0.159855	0.0830044	0.0388502	0.0164315	0.00630032	0.00219797	0.000700278	0.000204507	5.49385e-05	1.3622e-05	3.12736e-06	6.66782e-07	1.32393e-07	2.45444e-08	4.25886e-09	6.93219e-10	1.06072e-10	1.52877e-11	2.0792e-12	2.67308e-13	3.25386e-14	3.75592e-15	4.1171e-16	4.29153e-17	4.25925e-18	4.02978e-19	3.63875e-20	3.13919e-21	2.59015e-22	2.04597e-23	1.54862e-24	1.1242e-25	7.83373e-27	5.24403e-28	3.37496e-29	2.08977e-30	1.24584e-31	7.15569e-33	3.96229e-34	2.1165e-35	1.09125e-36	5.43388e-38	2.61468e-39	1.21403e-40	
0.0227323	0.0593732	0.124455	0.230662	0.382515	0.569865	0.768141	0.948676	1.09222	1.19343	1.25375	1.27307	1.24863	1.1784	1.06372	0.910105	0.726588	0.523978	0.313044	0.102646	-0.100475	-0.290748	-0.46398	-0.617595	-0.75004	-0.860575	-0.949183	-1.01611	-1.06177	-1.08658	-1.09073	-1.07431	-1.03708	-0.978733	-0.898809	-0.797013	-0.673251	-0.527949	-0.362359	-0.178586	0.0199399	0.228161	0.439888	0.647083	0.839572	1.00637	1.13754	1.22603	1.26879	1.26665	1.22254	1.13788	1.01117	0.843862	0.649498	0.454335	0.286234	0.161771	0.0820008	0.0373584	0.0153488	0.00570963	0.00193106	0.000596262	0.000168756	4.39437e-05	1.05652e-05	2.35305e-06	4.86941e-07	9.38947e-08	1.69147e-08	2.85366e-09	4.51898e-10	6.73117e-11	9.44949e-12	1.25253e-12	1.57029e-13	1.86499e-14	2.10155e-15	2.25001e-16	2.29187e-17	2.22386e-18	2.05804e-19	1.81853e-20	1.53593e-21	1.24121e-22	9.60643e-24	7.12722e-25	5.0734e-26	3.46784e-27	2.27795e-28	1.43908e-29	8.74977e-31	5.12364e-32	2.89148e-33	1.57361e-34	8.26375e-36	4.18997e-37	2.05232e-38	9.69693e-40	
0.0471693	0.116126	0.225166	0.382515	0.578881	0.787197	0.975175	1.12302	1.22898	1.29751	1.32691	1.31089	1.24657	1.13688	0.988946	0.812182	0.61626	0.410083	0.200898	-0.00578446	-0.204367	-0.389498	-0.55768	-0.706612	-0.834666	-0.941346	-1.02672	-1.09105	-1.13491	-1.15872	-1.16273	-1.14706	-1.11138	-1.05541	-0.978526	-0.880338	-0.760706	-0.619901	-0.459058	-0.280393	-0.0867213	0.117306	0.326122	0.534329	0.735345	0.920889	1.0815	1.20752	1.29072	1.32617	1.31432	1.26092	1.17033	1.03968	0.866375	0.662681	0.457762	0.283059	0.156246	0.0770753	0.0340894	0.0135764	0.00489139	0.00160172	0.000478846	0.000131247	3.31109e-05	7.71645e-06	1.66681e-06	3.34744e-07	6.26815e-08	1.09725e-08	1.79999e-09	2.77339e-10	4.02196e-11	5.50045e-12	7.10692e-13	8.69009e-14	1.00721e-14	1.10818e-15	1.15908e-16	1.15397e-17	1.09496e-18	9.91366e-20	8.57403e-21	7.091e-22	5.61354e-23	4.25779e-24	3.097e-25	2.16213e-26	1.44997e-27	9.34794e-29	5.79794e-30	3.46213e-31	1.99168e-32	1.10456e-33	5.90912e-35	3.05127e-36	1.52164e-37	7.3173e-39	
0.0884445	0.205045	0.366859	0.569865	0.787197	0.983026	1.13506	1.24319	1.31389	1.34276	1.31978	1.24413	1.12447	0.971247	0.794242	0.601745	0.400569	0.196865	-0.00448091	-0.198167	-0.378219	-0.541279	-0.686021	-0.811154	-0.916489	-1.00289	-1.0709	-1.12159	-1.15586	-1.17427	-1.17738	-1.16514	-1.13739	-1.09342	-1.03257	-0.953667	-0.855919	-0.738697	-0.60153	-0.445476	-0.271972	-0.0831932	0.115634	0.318999	0.521874	0.718576	0.902632	1.06634	1.2006	1.29518	1.33984	1.33088	1.27595	1.1833	1.04967	0.870002	0.657584	0.445812	0.269024	0.144325	0.0690084	0.029537	0.0113747	0.00396175	0.00125426	0.000362657	9.61861e-05	2.34956e-05	5.30541e-06	1.11117e-06	2.16528e-07	3.93696e-08	6.69666e-09	1.06821e-09	1.60149e-10	2.26135e-11	3.01314e-12	3.79544e-13	4.52712e-14	5.1213e-15	5.50271e-16	5.62353e-17	5.47322e-18	5.07937e-19	4.49999e-20	3.81e-21	3.08602e-22	2.39364e-23	1.77956e-24	1.26924e-25	8.692e-27	5.71993e-28	3.61984e-29	2.20463e-30	1.2931e-31	7.30926e-33	3.98416e-34	2.09552e-35	1.06412e-36	5.20886e-38	
0.149702	0.327016	0.539911	0.768141	0.975175	1.13506	1.24725	1.32008	1.34698	1.31359	1.22165	1.08696	0.921838	0.734149	0.531922	0.322518	0.113937	-0.0867533	-0.274093	-0.442303	-0.589051	-0.7156	-0.82232	-0.909809	-0.98056	-1.03632	-1.07854	-1.10927	-1.12945	-1.14008	-1.14188	-1.13453	-1.11831	-1.09181	-1.05452	-1.00455	-0.940112	-0.859538	-0.760805	-0.641933	-0.503332	-0.343579	-0.163458	0.0324529	0.238717	0.448698	0.654717	0.849106	1.02397	1.17187	1.28284	1.34083	1.33689	1.28098	1.18527	1.04576	0.856657	0.635114	0.41957	0.245555	0.127386	0.0588032	0.0242818	0.00902055	0.0030317	0.000926684	0.000258873	6.63875e-05	1.56928e-05	3.43191e-06	6.96724e-07	1.31709e-07	2.32504e-08	3.84265e-09	5.96015e-10	8.69494e-11	1.1955e-11	1.55213e-12	1.90622e-13	2.21819e-14	2.4495e-15	2.57059e-16	2.56719e-17	2.44291e-18	2.21769e-19	1.92281e-20	1.59396e-21	1.26464e-22	9.6123e-24	7.00572e-25	4.90031e-26	3.29231e-27	2.12631e-28	1.32109e-29	7.90183e-31	4.55318e-32	2.52918e-33	1.35518e-34	7.00853e-36	3.49262e-37	
0.228825	0.472332	0.722506	0.948676	1.12302	1.24319	1.32008	1.34781	1.30791	1.20273	1.0549	0.876956	0.672109	0.450576	0.224291	0.00414026	-0.19968	-0.382081	-0.539029	-0.66905	-0.775436	-0.86019	-0.924232	-0.971544	-1.00604	-1.02949	-1.0453	-1.05538	-1.06112	-1.06404	-1.06438	-1.06242	-1.0577	-1.0495	-1.03608	-1.01616	-0.98682	-0.944926	-0.888318	-0.812103	-0.714272	-0.594054	-0.447822	-0.275466	-0.0796234	0.135017	0.36013	0.585072	0.79804	0.987245	1.14778	1.27252	1.34014	1.33777	1.27895	1.17775	1.02815	0.826174	0.595962	0.380839	0.214857	0.107263	0.0476234	0.0189175	0.00676444	0.00219007	0.000645484	0.000174043	4.31234e-05	9.85872e-06	2.08725e-06	4.10612e-07	7.52859e-08	1.29013e-08	2.07156e-09	3.12416e-10	4.43487e-11	5.93762e-12	7.51173e-13	8.99529e-14	1.02127e-14	1.10098e-15	1.1286e-16	1.10155e-17	1.02499e-18	9.10319e-20	7.72527e-21	6.27101e-22	4.87416e-23	3.63088e-24	2.59456e-25	1.78004e-26	1.17344e-27	7.43873e-29	4.53798e-30	2.66601e-31	1.50935e-32	8.24006e-34	4.3406e-35	2.20242e-36	
0.316609	0.621169	0.888471	1.09222	1.22898	1.31389	1.34698	1.30791	1.19577	1.03798	0.848517	0.624885	0.381442	0.138622	-0.0925966	-0.301144	-0.481886	-0.633128	-0.75238	-0.842651	-0.906712	-0.946278	-0.966631	-0.97461	-0.97308	-0.96587	-0.957195	-0.948077	-0.941195	-0.937267	-0.936265	-0.939605	-0.944863	-0.953647	-0.962251	-0.970248	-0.974676	-0.971418	-0.956406	-0.925851	-0.871536	-0.792087	-0.684521	-0.546147	-0.37711	-0.17914	0.0440163	0.283478	0.528778	0.762859	0.966309	1.13717	1.27082	1.34077	1.3345	1.27016	1.16005	0.995401	0.778026	0.541576	0.332423	0.17977	0.0859887	0.0365964	0.0139482	0.00479112	0.00149199	0.000423505	0.000110115	2.63421e-05	5.8212e-06	1.19263e-06	2.27276e-07	4.04073e-08	6.72062e-09	1.04831e-09	1.5371e-10	2.1231e-11	2.76789e-12	3.41215e-13	3.98427e-14	4.41364e-15	4.64534e-16	4.65173e-17	4.43765e-18	4.03801e-19	3.50881e-20	2.91478e-21	2.31715e-22	1.76453e-23	1.28836e-24	9.02737e-26	6.07526e-27	3.93003e-28	2.44561e-29	1.46506e-30	8.45475e-32	4.70342e-33	2.52389e-34	1.30404e-35	
0.39838	0.749807	1.01756	1.19343	1.29751	1.34276	1.31359	1.20273	1.03798	0.838942	0.599529	0.336296	0.0804284	-0.160282	-0.377707	-0.561871	-0.712204	-0.823764	-0.898114	-0.939543	-0.952225	-0.943795	-0.922981	-0.894734	-0.862348	-0.831871	-0.804618	-0.782754	-0.76762	-0.759003	-0.75766	-0.763597	-0.776262	-0.795539	-0.820912	-0.84997	-0.881123	-0.912393	-0.936463	-0.951264	-0.948097	-0.918661	-0.85801	-0.76137	-0.626643	-0.455603	-0.250829	-0.0181914	0.23214	0.495078	0.747648	0.962759	1.14205	1.27876	1.34237	1.32686	1.25404	1.13007	0.945289	0.712258	0.474636	0.278045	0.143416	0.0654773	0.0266343	0.00971803	0.00320099	0.000957461	0.000261463	6.55005e-05	1.51184e-05	3.22772e-06	6.39654e-07	1.18045e-07	2.03455e-08	3.28371e-09	4.97505e-10	7.09158e-11	9.53017e-12	1.20977e-12	1.45321e-13	1.65459e-14	1.7884e-15	1.83773e-16	1.79774e-17	1.67633e-18	1.49175e-19	1.26833e-20	1.0314e-21	8.03025e-23	5.99168e-24	4.28828e-25	2.94652e-26	1.94528e-27	1.23494e-28	7.5444e-30	4.43842e-31	2.51625e-32	1.37557e-33	7.23778e-35	
0.458954	0.839014	1.10025	1.25375	1.32691	1.31978	1.22165	1.0549	0.848517	0.599529	0.320714	0.0522653	-0.198614	-0.430285	-0.621322	-0.769954	-0.872818	-0.929109	-0.948048	-0.934833	-0.901145	-0.85459	-0.802722	-0.748983	-0.69983	-0.657731	-0.622928	-0.597466	-0.579301	-0.569676	-0.568513	-0.573823	-0.58972	-0.611053	-0.643301	-0.682554	-0.728611	-0.779994	-0.833996	-0.88298	-0.923847	-0.945839	-0.941247	-0.900156	-0.816817	-0.686103	-0.51199	-0.294945	-0.0500063	0.210795	0.489113	0.753922	0.976826	1.16209	1.294	1.34276	1.3141	1.22881	1.08437	0.875758	0.63041	0.399259	0.221986	0.108754	0.0472409	0.0183213	0.0063873	0.00201445	0.000578071	0.000151723	3.65931e-05	8.14421e-06	1.67898e-06	3.21717e-07	5.74758e-08	9.60074e-09	1.50333e-09	2.21191e-10	3.06469e-11	4.00671e-12	4.95203e-13	5.79595e-14	6.43447e-15	6.78584e-16	6.80784e-17	6.50587e-18	5.92969e-19	5.16059e-20	4.29326e-21	3.41782e-22	2.60625e-23	1.90544e-24	1.33682e-25	9.00784e-27	5.83425e-28	3.63497e-29	2.18016e-30	1.25965e-31	7.01575e-33	3.75941e-34	
0.488148	0.879282	1.1351	1.27307	1.31089	1.24413	1.08696	0.876956	0.624885	0.336296	0.0522653	-0.210939	-0.458224	-0.658059	-0.802519	-0.899173	-0.940988	-0.942743	-0.908922	-0.852736	-0.783874	-0.709952	-0.639466	-0.576974	-0.525519	-0.48444	-0.45354	-0.430843	-0.415826	-0.408356	-0.40681	-0.411752	-0.42377	-0.442981	-0.470272	-0.507509	-0.55641	-0.612631	-0.680809	-0.753265	-0.826431	-0.888398	-0.932996	-0.946113	-0.921382	-0.847513	-0.721545	-0.545147	-0.313131	-0.0549097	0.220055	0.51199	0.781583	1.00901	1.195	1.3118	1.33935	1.29479	1.19081	1.0188	0.786243	0.5362	0.320752	0.168493	0.0781396	0.0322115	0.011887	0.00395341	0.00119232	0.000327914	8.26506e-05	1.91781e-05	4.11331e-06	8.1844e-07	1.51573e-07	2.62057e-08	4.24123e-09	6.44162e-10	9.20234e-11	1.23914e-11	1.57582e-12	1.89602e-13	2.16203e-14	2.34014e-15	2.40781e-16	2.35828e-17	2.20153e-18	1.96126e-19	1.66926e-20	1.35881e-21	1.05897e-22	7.90889e-24	5.66574e-25	3.89658e-26	2.57487e-27	1.63613e-28	1.00044e-29	5.8911e-31	3.34289e-32	1.82429e-33	
0.48357	0.870786	1.12393	1.24863	1.24657	1.12447	0.921838	0.672109	0.381442	0.0804284	-0.198614	-0.458224	-0.670347	-0.814717	-0.911536	-0.947988	-0.934434	-0.884086	-0.802955	-0.714209	-0.620966	-0.541011	-0.473308	-0.422118	-0.382735	-0.356143	-0.336001	-0.322658	-0.316211	-0.311155	-0.310956	-0.314417	-0.318782	-0.331514	-0.346408	-0.37039	-0.404721	-0.452359	-0.511973	-0.587025	-0.675605	-0.7687	-0.853694	-0.919331	-0.946929	-0.933688	-0.85921	-0.734791	-0.550959	-0.305139	-0.0339833	0.259806	0.560878	0.829769	1.0589	1.23555	1.32666	1.32992	1.26579	1.13445	0.930034	0.679034	0.435577	0.244879	0.121108	0.053028	0.0207038	0.00725859	0.00230008	0.000662669	0.000174513	4.22097e-05	9.41701e-06	1.94538e-06	3.73423e-07	6.68145e-08	1.11753e-08	1.75188e-09	2.58016e-10	3.57803e-11	4.68147e-12	5.79e-13	6.78099e-14	7.53236e-15	7.94793e-16	7.97772e-17	7.62753e-18	6.95525e-19	6.0559e-20	5.04038e-21	4.01442e-22	3.0626e-23	2.24013e-24	1.5724e-25	1.06005e-26	6.86933e-28	4.28217e-29	2.56977e-30	1.48562e-31	8.25638e-33	
0.449767	0.820107	1.06938	1.1784	1.13688	0.971247	0.734149	0.450576	0.138622	-0.160282	-0.430285	-0.658059	-0.814717	-0.915477	-0.953975	-0.924895	-0.860056	-0.758607	-0.652976	-0.550843	-0.466756	-0.403595	-0.358118	-0.328241	-0.311167	-0.298872	-0.292639	-0.289907	-0.288699	-0.286704	-0.28792	-0.287675	-0.289016	-0.291639	-0.296663	-0.306182	-0.318576	-0.345667	-0.383205	-0.440019	-0.513059	-0.611599	-0.715531	-0.823123	-0.903184	-0.948453	-0.940177	-0.860698	-0.729367	-0.528213	-0.271202	0.0159578	0.328625	0.631392	0.897878	1.12262	1.2758	1.33418	1.312	1.22124	1.05355	0.817756	0.559956	0.33593	0.176828	0.0821224	0.0338856	0.0125121	0.00416254	0.00125549	0.000345249	8.69989e-05	2.01801e-05	4.32637e-06	8.60417e-07	1.59264e-07	2.75202e-08	4.45148e-09	6.75712e-10	9.64767e-11	1.29839e-11	1.6503e-12	1.98463e-13	2.26198e-14	2.44723e-15	2.51694e-16	2.46423e-17	2.29965e-18	2.04805e-19	1.74267e-20	1.41825e-21	1.1051e-22	8.2523e-24	5.91121e-25	4.06522e-26	2.68631e-27	1.70701e-28	1.04388e-29	6.14768e-31	3.47909e-32	
0.395119	0.73651	0.974842	1.06372	0.988946	0.794242	0.531922	0.224291	-0.0925966	-0.377707	-0.621322	-0.802519	-0.911536	-0.953975	-0.919872	-0.843012	-0.733946	-0.611798	-0.506521	-0.416971	-0.361945	-0.322999	-0.30824	-0.298351	-0.297321	-0.293076	-0.295974	-0.295124	-0.292894	-0.295519	-0.293299	-0.293941	-0.295484	-0.293353	-0.295397	-0.295728	-0.297796	-0.302836	-0.315844	-0.344422	-0.391434	-0.466741	-0.568088	-0.683885	-0.803827	-0.892098	-0.948943	-0.93725	-0.85403	-0.703316	-0.480279	-0.210267	0.0983467	0.422076	0.720992	0.983953	1.19128	1.3078	1.33163	1.28077	1.15291	0.944213	0.686436	0.437796	0.244614	0.120246	0.0523489	0.0203293	0.00709186	0.00223689	0.000641705	0.00016832	4.05609e-05	9.01787e-06	1.85691e-06	3.55363e-07	6.34031e-08	1.05766e-08	1.65389e-09	2.43016e-10	3.36266e-11	4.39066e-12	5.41991e-13	6.33614e-14	7.02641e-15	7.40244e-16	7.41933e-17	7.08402e-18	6.45152e-19	5.61076e-20	4.66488e-21	3.7117e-22	2.82911e-23	2.06766e-24	1.45027e-25	9.77075e-27	6.32798e-28	3.94271e-29	2.36501e-30	1.36268e-31	
0.328483	0.62925	0.845212	0.910105	0.812182	0.601745	0.322518	0.00414026	-0.301144	-0.561871	-0.769954	-0.899173	-0.947988	-0.924895	-0.843012	-0.728039	-0.59245	-0.476625	-0.386007	-0.335809	-0.312435	-0.307991	-0.307243	-0.30626	-0.302634	-0.302271	-0.296411	-0.293779	-0.289523	-0.290022	-0.287869	-0.289687	-0.292788	-0.295088	-0.299744	-0.301963	-0.306229	-0.305248	-0.308994	-0.3085	-0.325046	-0.359647	-0.437208	-0.542043	-0.674576	-0.800341	-0.89718	-0.947619	-0.926947	-0.832055	-0.652891	-0.409541	-0.117773	0.211134	0.535076	0.829228	1.08074	1.25313	1.32649	1.31579	1.22764	1.0531	0.808047	0.54549	0.322454	0.16734	0.0766961	0.0312661	0.0114183	0.00376077	0.00112398	0.000306514	7.66487e-05	1.76545e-05	3.76042e-06	7.43389e-07	1.36839e-07	2.35236e-08	3.78679e-09	5.72252e-10	8.13649e-11	1.09076e-11	1.38136e-12	1.65557e-13	1.88095e-14	2.02894e-15	2.08094e-16	2.03207e-17	1.89175e-18	1.68095e-19	1.42728e-20	1.15928e-21	9.01647e-23	6.72153e-24	4.80708e-25	3.30104e-26	2.17838e-27	1.38253e-28	8.44481e-30	4.95286e-31	
0.256937	0.506305	0.687377	0.726588	0.61626	0.400569	0.113937	-0.19968	-0.481886	-0.712204	-0.872818	-0.940988	-0.934434	-0.860056	-0.733946	-0.59245	-0.463616	-0.373689	-0.326572	-0.316887	-0.316418	-0.317425	-0.306919	-0.300197	-0.288171	-0.279194	-0.268146	-0.262358	-0.25808	-0.253393	-0.254788	-0.255617	-0.258738	-0.267039	-0.273298	-0.284824	-0.295768	-0.303724	-0.313607	-0.318132	-0.316788	-0.319628	-0.349032	-0.422698	-0.53713	-0.678046	-0.813267	-0.912742	-0.946414	-0.910073	-0.785911	-0.578356	-0.31102	0.00891405	0.347012	0.665962	0.952413	1.17468	1.29876	1.32921	1.27943	1.14197	0.919301	0.653771	0.40734	0.222486	0.107074	0.0457175	0.0174429	0.00598803	0.00186136	0.000526921	0.000136543	3.25392e-05	7.16076e-06	1.46066e-06	2.77106e-07	4.90432e-08	8.12004e-09	1.26094e-09	1.84077e-10	2.53172e-11	3.28702e-12	4.03612e-13	4.69507e-14	5.18241e-15	5.436e-16	5.42616e-17	5.16108e-18	4.68336e-19	4.05927e-20	3.36425e-21	2.66886e-22	2.02857e-23	1.4787e-24	1.03463e-25	6.95449e-27	4.49438e-28	2.79464e-29	1.66788e-30	
0.185003	0.374214	0.50998	0.523978	0.410083	0.196865	-0.0867533	-0.382081	-0.633128	-0.823764	-0.929109	-0.942743	-0.884086	-0.758607	-0.611798	-0.476625	-0.373689	-0.326779	-0.316792	-0.322779	-0.317449	-0.301608	-0.282774	-0.266636	-0.251426	-0.239808	-0.232955	-0.226267	-0.223602	-0.221525	-0.221588	-0.223196	-0.224998	-0.230845	-0.236019	-0.246845	-0.260454	-0.276785	-0.292793	-0.312777	-0.322767	-0.319699	-0.319098	-0.348952	-0.429713	-0.555617	-0.70002	-0.840106	-0.927705	-0.944129	-0.876263	-0.713789	-0.477579	-0.176619	0.1642	0.500706	0.813811	1.07809	1.25141	1.32392	1.31103	1.21072	1.01663	0.757912	0.495743	0.284023	0.143111	0.0638316	0.0253838	0.00906313	0.00292435	0.000857782	0.000229951	5.6608e-05	1.28519e-05	2.70133e-06	5.275e-07	9.60005e-08	1.63297e-08	2.60301e-09	3.89771e-10	5.49467e-11	7.30729e-12	9.18492e-13	1.0931e-13	1.23373e-14	1.32257e-15	1.34857e-16	1.30968e-17	1.21295e-18	1.07254e-19	9.06509e-21	7.33112e-22	5.67862e-23	4.21698e-24	3.00495e-25	2.05645e-26	1.3527e-27	8.55885e-29	5.19582e-30	
0.115038	0.238462	0.322561	0.313044	0.200898	-0.00448091	-0.274093	-0.539029	-0.75238	-0.898114	-0.948048	-0.908922	-0.802955	-0.652976	-0.506521	-0.386007	-0.326572	-0.316792	-0.324628	-0.322127	-0.293274	-0.265466	-0.243658	-0.235139	-0.225346	-0.221552	-0.218799	-0.217241	-0.217484	-0.215736	-0.216919	-0.216434	-0.216435	-0.219424	-0.220118	-0.22253	-0.231049	-0.239981	-0.254271	-0.281	-0.312386	-0.326884	-0.318894	-0.318498	-0.354008	-0.453256	-0.592339	-0.745826	-0.873749	-0.941252	-0.928477	-0.815239	-0.615692	-0.340956	-0.00721491	0.339472	0.67173	0.969393	1.18805	1.30279	1.32554	1.26082	1.09835	0.854205	0.584115	0.349775	0.183937	0.0854589	0.0353288	0.0130876	0.00437368	0.00132656	0.000367179	9.3205e-05	2.17935e-05	4.71266e-06	9.45826e-07	1.76755e-07	3.08479e-08	5.04129e-09	7.73373e-10	1.11622e-10	1.51891e-11	1.95241e-12	2.37491e-13	2.73831e-14	2.99746e-15	3.11953e-16	3.09089e-17	2.91939e-18	2.6317e-19	2.26679e-20	1.86759e-21	1.47329e-22	1.11391e-23	8.07905e-25	5.62599e-26	3.76464e-27	2.42254e-28	1.49516e-29	
0.048176	0.103857	0.134167	0.102646	-0.00578446	-0.198167	-0.442303	-0.66905	-0.842651	-0.939543	-0.934833	-0.852736	-0.714209	-0.550843	-0.416971	-0.335809	-0.316887	-0.322779	-0.322127	-0.287017	-0.249259	-0.23062	-0.234196	-0.229793	-0.225585	-0.222901	-0.225955	-0.218383	-0.220987	-0.21837	-0.216764	-0.221339	-0.217457	-0.222271	-0.225125	-0.224015	-0.227132	-0.23513	-0.230467	-0.238879	-0.270094	-0.312014	-0.325411	-0.31829	-0.322159	-0.376791	-0.491648	-0.648494	-0.802229	-0.909387	-0.946864	-0.884189	-0.725058	-0.482061	-0.163471	0.18691	0.532119	0.854695	1.11282	1.26868	1.32605	1.29463	1.16437	0.940177	0.669289	0.417336	0.228286	0.110147	0.0472033	0.0180959	0.00624803	0.00195506	0.000557537	0.000145639	3.50058e-05	7.77371e-06	1.6008e-06	3.06697e-07	5.48346e-08	9.17411e-09	1.43989e-09	2.12499e-10	2.95507e-11	3.87986e-12	4.81831e-13	5.66943e-14	6.33048e-15	6.71783e-16	6.78448e-17	6.52927e-18	5.99521e-19	5.25818e-20	4.40993e-21	3.54029e-22	2.72321e-23	2.00891e-24	1.42252e-25	9.67689e-27	6.32903e-28	3.96887e-29	
-0.014892	-0.0255508	-0.0479561	-0.100475	-0.204367	-0.378219	-0.589051	-0.775436	-0.906712	-0.952225	-0.901145	-0.783874	-0.620966	-0.466756	-0.361945	-0.312435	-0.316418	-0.317449	-0.293274	-0.249259	-0.231592	-0.238412	-0.242193	-0.226145	-0.222398	-0.220228	-0.211745	-0.20667	-0.205595	-0.204139	-0.201811	-0.205883	-0.207609	-0.208746	-0.217795	-0.22195	-0.222511	-0.237038	-0.24259	-0.232548	-0.237883	-0.275646	-0.31138	-0.319787	-0.310139	-0.335794	-0.417709	-0.556028	-0.721295	-0.85899	-0.939665	-0.925052	-0.80653	-0.598417	-0.30221	0.0457501	0.399351	0.739648	1.03031	1.22463	1.31546	1.31489	1.21573	1.01457	0.74874	0.484331	0.274635	0.137174	0.0607601	0.0240382	0.00855279	0.00275421	0.00080736	0.000216552	5.33947e-05	1.2153e-05	2.56298e-06	5.02525e-07	9.18876e-08	1.5713e-08	2.51929e-09	3.79605e-10	5.38718e-11	7.21497e-12	9.136e-13	1.09565e-13	1.24648e-14	1.34722e-15	1.3853e-16	1.35699e-17	1.26786e-18	1.13119e-19	9.64823e-21	7.8752e-22	6.1575e-23	4.61619e-24	3.32112e-25	2.29496e-26	1.52439e-27	9.70551e-29	
-0.0736037	-0.146665	-0.218455	-0.290748	-0.389498	-0.541279	-0.7156	-0.86019	-0.946278	-0.943795	-0.85459	-0.709952	-0.541011	-0.403595	-0.322999	-0.307991	-0.317425	-0.301608	-0.265466	-0.23062	-0.238412	-0.244005	-0.230391	-0.20719	-0.208282	-0.200902	-0.189784	-0.193041	-0.188341	-0.187063	-0.188083	-0.186155	-0.191529	-0.189831	-0.195276	-0.208363	-0.20394	-0.220488	-0.239859	-0.243972	-0.228621	-0.249369	-0.287253	-0.315751	-0.310969	-0.310925	-0.363345	-0.479069	-0.643674	-0.799216	-0.913144	-0.943662	-0.864615	-0.690367	-0.421108	-0.0819394	0.276096	0.62873	0.945052	1.17387	1.29649	1.32434	1.25414	1.07713	0.820691	0.54863	0.321356	0.165618	0.0755911	0.0307733	0.0112523	0.00371949	0.00111801	0.000307199	7.75292e-05	1.80479e-05	3.89014e-06	7.79079e-07	1.45424e-07	2.53726e-08	4.14857e-09	6.37198e-10	9.21395e-11	1.25688e-11	1.62044e-12	1.97797e-13	2.28961e-14	2.51719e-15	2.63209e-16	2.62116e-17	2.48909e-18	2.25658e-19	1.95528e-20	1.62096e-21	1.28699e-22	9.79545e-24	7.15341e-25	5.01662e-26	3.38115e-27	2.18372e-28	
-0.127433	-0.257199	-0.373471	-0.46398	-0.55768	-0.686021	-0.82232	-0.924232	-0.966631	-0.922981	-0.802722	-0.639466	-0.473308	-0.358118	-0.30824	-0.307243	-0.306919	-0.282774	-0.243658	-0.234196	-0.242193	-0.230391	-0.197171	-0.193904	-0.200498	-0.193898	-0.184623	-0.198617	-0.184859	-0.189315	-0.194608	-0.182067	-0.19776	-0.188835	-0.188051	-0.200134	-0.197629	-0.192738	-0.215832	-0.242309	-0.236967	-0.236738	-0.265998	-0.300603	-0.309986	-0.303266	-0.332471	-0.417415	-0.570487	-0.738074	-0.875371	-0.944091	-0.903876	-0.761574	-0.519761	-0.194123	0.16436	0.525141	0.861078	1.1197	1.27176	1.32557	1.28165	1.12838	0.884089	0.608471	0.36686	0.194437	0.0911578	0.038074	0.0142671	0.00482795	0.00148425	0.000416777	0.000107411	2.55162e-05	5.60921e-06	1.14506e-06	2.17761e-07	3.8691e-08	6.43971e-09	1.00647e-09	1.48038e-10	2.05344e-11	2.69122e-12	3.33843e-13	3.92619e-14	4.38434e-15	4.65546e-16	4.70687e-17	4.53691e-18	4.17412e-19	3.66972e-20	3.08622e-21	2.48532e-22	1.91828e-23	1.4204e-24	1.00983e-25	6.89892e-27	4.51529e-28	
-0.175838	-0.35554	-0.510584	-0.617595	-0.706612	-0.811154	-0.909809	-0.971544	-0.97461	-0.894734	-0.748983	-0.576974	-0.422118	-0.328241	-0.298351	-0.30626	-0.300197	-0.266636	-0.235139	-0.229793	-0.226145	-0.20719	-0.193904	-0.209636	-0.203099	-0.189749	-0.193495	-0.191694	-0.184049	-0.186269	-0.188058	-0.183223	-0.188847	-0.19323	-0.191983	-0.194226	-0.211196	-0.198594	-0.199406	-0.218863	-0.23034	-0.229573	-0.252906	-0.287036	-0.309156	-0.297924	-0.311144	-0.375409	-0.509621	-0.679741	-0.833489	-0.931598	-0.926688	-0.815223	-0.600062	-0.290168	0.0657063	0.431295	0.781701	1.06522	1.24377	1.32097	1.30036	1.16933	0.938504	0.662515	0.409695	0.222553	0.106835	0.0456416	0.0174764	0.00603773	0.00189347	0.000541977	0.000142289	3.44142e-05	7.69837e-06	1.59846e-06	3.09062e-07	5.58089e-08	9.43708e-09	1.49799e-09	2.23716e-10	3.14991e-11	4.18938e-12	5.27257e-13	6.2898e-14	7.12302e-15	7.66889e-16	7.86015e-17	7.67913e-18	7.15974e-19	6.3779e-20	5.43398e-21	4.43258e-22	3.46506e-23	2.59822e-24	1.87037e-25	1.29365e-26	8.57016e-28	
-0.218312	-0.44069	-0.628541	-0.75004	-0.834666	-0.916489	-0.98056	-1.00604	-0.97308	-0.862348	-0.69983	-0.525519	-0.382735	-0.311167	-0.297321	-0.302634	-0.288171	-0.251426	-0.225346	-0.225585	-0.222398	-0.208282	-0.200498	-0.203099	-0.188436	-0.180844	-0.185767	-0.175623	-0.175598	-0.177007	-0.172921	-0.177997	-0.174632	-0.180845	-0.185209	-0.181583	-0.200528	-0.20008	-0.205693	-0.215452	-0.227798	-0.221794	-0.23997	-0.272915	-0.301719	-0.298599	-0.300927	-0.345298	-0.460228	-0.626494	-0.791878	-0.913528	-0.937845	-0.853525	-0.663447	-0.370399	-0.0191935	0.348851	0.709589	1.01322	1.21486	1.31269	1.3123	1.20123	0.983971	0.709831	0.448618	0.248924	0.121957	0.0531291	0.0207269	0.00729004	0.00232588	0.000676886	0.000180582	4.43607e-05	1.00746e-05	2.12292e-06	4.16419e-07	7.62613e-08	1.30746e-08	2.10368e-09	3.18376e-10	4.54173e-11	6.11873e-12	7.79904e-13	9.42075e-14	1.08012e-14	1.17714e-15	1.2211e-16	1.20725e-17	1.13891e-18	1.02642e-19	8.84638e-21	7.29888e-22	5.77052e-23	4.37562e-24	3.18498e-25	2.22726e-26	1.49156e-27	
-0.254436	-0.512122	-0.726828	-0.860575	-0.941346	-1.00289	-1.03632	-1.02949	-0.96587	-0.831871	-0.657731	-0.48444	-0.356143	-0.298872	-0.293076	-0.302271	-0.279194	-0.239808	-0.221552	-0.222901	-0.220228	-0.200902	-0.193898	-0.189749	-0.180844	-0.176669	-0.181227	-0.171572	-0.176544	-0.175109	-0.171156	-0.178552	-0.171297	-0.177842	-0.179156	-0.177406	-0.187092	-0.191802	-0.19716	-0.21208	-0.224617	-0.219942	-0.230019	-0.262154	-0.297915	-0.29723	-0.292943	-0.32429	-0.424598	-0.583685	-0.752286	-0.891335	-0.941536	-0.880687	-0.712067	-0.435187	-0.0899734	0.278822	0.646721	0.966098	1.18712	1.30262	1.31928	1.22542	1.02084	0.749839	0.482617	0.2726	0.135866	0.0601679	0.0238445	0.00851379	0.00275593	0.000813321	0.000219932	5.47405e-05	1.25916e-05	2.68651e-06	5.33416e-07	9.88577e-08	1.71478e-08	2.79086e-09	4.27167e-10	6.1617e-11	8.39255e-12	1.08134e-12	1.32018e-13	1.52965e-14	1.68449e-15	1.76548e-16	1.76332e-17	1.68037e-18	1.52959e-19	1.33142e-20	1.10934e-21	8.85625e-23	6.78055e-24	4.98299e-25	3.51788e-26	2.37801e-27	
-0.28389	-0.569628	-0.805479	-0.949183	-1.02672	-1.0709	-1.07854	-1.0453	-0.957195	-0.804618	-0.622928	-0.45354	-0.336001	-0.292639	-0.295974	-0.296411	-0.268146	-0.232955	-0.218799	-0.225955	-0.211745	-0.189784	-0.184623	-0.193495	-0.185767	-0.181227	-0.182854	-0.177676	-0.175869	-0.176265	-0.174911	-0.176629	-0.1768	-0.181038	-0.183166	-0.180929	-0.193754	-0.187232	-0.18658	-0.200541	-0.225014	-0.219898	-0.225737	-0.251274	-0.289866	-0.297383	-0.291545	-0.31102	-0.395185	-0.548846	-0.720785	-0.870347	-0.939588	-0.898681	-0.748384	-0.485724	-0.146606	0.221883	0.594534	0.925771	1.16236	1.29238	1.32288	1.24316	1.04963	0.782232	0.510914	0.292764	0.147953	0.0663964	0.0266494	0.00963198	0.00315466	0.00094158	0.000257417	6.4755e-05	1.505e-05	3.24363e-06	6.50424e-07	1.21715e-07	2.1314e-08	3.50148e-09	5.40883e-10	7.87301e-11	1.08197e-11	1.40642e-12	1.73211e-13	2.02431e-14	2.24833e-15	2.37642e-16	2.39347e-17	2.29987e-18	2.1108e-19	1.85238e-20	1.55596e-21	1.25219e-22	9.66383e-24	7.15839e-25	5.09358e-26	3.46996e-27	
-0.306459	-0.613233	-0.864827	-1.01611	-1.09105	-1.12159	-1.10927	-1.05538	-0.948077	-0.782754	-0.597466	-0.430843	-0.322658	-0.289907	-0.295124	-0.293779	-0.262358	-0.226267	-0.217241	-0.218383	-0.20667	-0.193041	-0.198617	-0.191694	-0.175623	-0.171572	-0.177676	-0.162436	-0.169796	-0.168242	-0.160895	-0.17361	-0.161539	-0.171087	-0.176742	-0.170638	-0.185888	-0.196598	-0.196028	-0.19779	-0.216799	-0.21669	-0.220605	-0.245196	-0.284407	-0.297299	-0.289608	-0.302216	-0.376684	-0.522917	-0.694896	-0.852531	-0.936034	-0.910021	-0.773979	-0.523014	-0.189371	0.178359	0.554026	0.893739	1.14208	1.28329	1.32438	1.25557	1.07091	0.806893	0.532938	0.308749	0.157689	0.0714861	0.0289719	0.0105692	0.00349273	0.00105152	0.000289887	7.35169e-05	1.7222e-05	3.7405e-06	7.55743e-07	1.42475e-07	2.51315e-08	4.15827e-09	6.46882e-10	9.48162e-11	1.31201e-11	1.71706e-12	2.12892e-13	2.50465e-14	2.80019e-15	2.97908e-16	3.01992e-17	2.92048e-18	2.6975e-19	2.38225e-20	2.01363e-21	1.63064e-22	1.26627e-23	9.43767e-25	6.75661e-26	4.63073e-27	
-0.32202	-0.64306	-0.905274	-1.06177	-1.13491	-1.15586	-1.12945	-1.06112	-0.941195	-0.76762	-0.579301	-0.415826	-0.316211	-0.288699	-0.292894	-0.289523	-0.25808	-0.223602	-0.217484	-0.220987	-0.205595	-0.188341	-0.184859	-0.184049	-0.175598	-0.176544	-0.175869	-0.169796	-0.171713	-0.171527	-0.167696	-0.17407	-0.169703	-0.174327	-0.176496	-0.174917	-0.18138	-0.184898	-0.186169	-0.196868	-0.217801	-0.219108	-0.219053	-0.241465	-0.280674	-0.293909	-0.288854	-0.29873	-0.36414	-0.504922	-0.677124	-0.839526	-0.932356	-0.916616	-0.790536	-0.547996	-0.218542	0.1484	0.525844	0.871085	1.12743	1.2764	1.3248	1.26353	1.08518	0.82381	0.548297	0.320049	0.164653	0.0751649	0.0306667	0.0112593	0.00374375	0.00113381	0.000314374	8.01736e-05	1.88839e-05	4.12329e-06	8.37431e-07	1.58682e-07	2.81312e-08	4.67764e-09	7.31229e-10	1.07695e-10	1.49732e-11	1.96879e-12	2.4524e-13	2.89852e-14	3.25535e-15	3.47902e-16	3.54257e-17	3.44122e-18	3.19257e-19	2.83188e-20	2.40415e-21	1.95536e-22	1.52499e-23	1.14148e-24	8.20702e-26	5.64851e-27	
-0.330509	-0.659251	-0.927199	-1.08658	-1.15872	-1.17427	-1.14008	-1.06404	-0.937267	-0.759003	-0.569676	-0.408356	-0.311155	-0.286704	-0.295519	-0.290022	-0.253393	-0.221525	-0.215736	-0.21837	-0.204139	-0.187063	-0.189315	-0.186269	-0.177007	-0.175109	-0.176265	-0.168242	-0.171527	-0.169714	-0.165992	-0.17277	-0.167287	-0.172448	-0.177313	-0.174444	-0.182732	-0.188576	-0.187797	-0.194199	-0.216043	-0.216072	-0.217631	-0.236835	-0.278076	-0.296489	-0.288709	-0.294668	-0.357427	-0.496281	-0.667796	-0.831899	-0.929647	-0.919763	-0.79929	-0.561443	-0.234368	0.132068	0.510375	0.858518	1.1192	1.27242	1.32481	1.26768	1.09284	0.833019	0.556746	0.326318	0.168544	0.0772344	0.0316258	0.0116521	0.00388735	0.00118111	0.000328518	8.40363e-05	1.98525e-05	4.34737e-06	8.85449e-07	1.68249e-07	2.99089e-08	4.98666e-09	7.81612e-10	1.15418e-10	1.60886e-11	2.12089e-12	2.64858e-13	3.13829e-14	3.53345e-15	3.78559e-16	3.86423e-17	3.76286e-18	3.49945e-19	3.11158e-20	2.64794e-21	2.15878e-22	1.68764e-23	1.26621e-24	9.12514e-26	6.29497e-27	
-0.331905	-0.661912	-0.930829	-1.09073	-1.16273	-1.17738	-1.14188	-1.06438	-0.936265	-0.75766	-0.568513	-0.40681	-0.310956	-0.28792	-0.293299	-0.287869	-0.254788	-0.221588	-0.216919	-0.216764	-0.201811	-0.188083	-0.194608	-0.188058	-0.172921	-0.171156	-0.174911	-0.160895	-0.167696	-0.165992	-0.160108	-0.171178	-0.161343	-0.169877	-0.174222	-0.169673	-0.182591	-0.193213	-0.191424	-0.192774	-0.213694	-0.217047	-0.217947	-0.238912	-0.277182	-0.294844	-0.288481	-0.295357	-0.357091	-0.493678	-0.665489	-0.831221	-0.929549	-0.920032	-0.800587	-0.563756	-0.237069	0.129357	0.507815	0.856417	1.11781	1.27174	1.3248	1.26836	1.09411	0.834555	0.558159	0.327368	0.169198	0.0775824	0.0317874	0.0117183	0.0039116	0.00118911	0.000330913	8.4691e-05	2.00169e-05	4.38544e-06	8.93617e-07	1.69878e-07	3.0212e-08	5.03941e-09	7.90223e-10	1.1674e-10	1.62797e-11	2.14698e-12	2.68228e-13	3.17952e-14	3.58133e-15	3.83845e-16	3.91976e-17	3.81846e-18	3.55257e-19	3.16006e-20	2.69026e-21	2.19413e-22	1.71594e-23	1.28794e-24	9.2854e-26	6.40797e-27	
-0.326207	-0.651061	-0.916198	-1.07431	-1.14706	-1.16514	-1.13453	-1.06242	-0.939605	-0.763597	-0.573823	-0.411752	-0.314417	-0.287675	-0.293941	-0.289687	-0.255617	-0.223196	-0.216434	-0.221339	-0.205883	-0.186155	-0.182067	-0.183223	-0.177997	-0.178552	-0.176629	-0.17361	-0.17407	-0.17277	-0.171178	-0.173967	-0.172917	-0.175269	-0.178135	-0.177682	-0.181506	-0.182322	-0.183493	-0.19602	-0.218374	-0.21817	-0.218569	-0.238873	-0.279536	-0.294359	-0.288676	-0.297097	-0.360458	-0.500541	-0.672923	-0.835947	-0.930731	-0.917884	-0.795	-0.554997	-0.226573	0.140284	0.51818	0.864839	1.12333	1.27443	1.32483	1.26563	1.08903	0.828423	0.552516	0.32317	0.166585	0.0761902	0.0311409	0.0114531	0.00381447	0.00115706	0.000321316	8.20664e-05	1.93578e-05	4.23277e-06	8.6086e-07	1.63344e-07	2.89964e-08	4.82785e-09	7.55691e-10	1.11441e-10	1.55135e-11	2.0424e-12	2.54724e-13	3.01432e-14	3.38954e-15	3.62681e-16	3.69749e-17	3.596e-18	3.34012e-19	2.96625e-20	2.52118e-21	2.05293e-22	1.60295e-23	1.20122e-24	8.64644e-26	5.9577e-27	
-0.313435	-0.62664	-0.883158	-1.03708	-1.11138	-1.13739	-1.11831	-1.0577	-0.944863	-0.776262	-0.58972	-0.42377	-0.318782	-0.289016	-0.295484	-0.292788	-0.258738	-0.224998	-0.216435	-0.217457	-0.207609	-0.191529	-0.19776	-0.188847	-0.174632	-0.171297	-0.1768	-0.161539	-0.169703	-0.167287	-0.161343	-0.172917	-0.162385	-0.170262	-0.176128	-0.17023	-0.183764	-0.194843	-0.195203	-0.197419	-0.217102	-0.215758	-0.219848	-0.242768	-0.281665	-0.298519	-0.289659	-0.299321	-0.371196	-0.514481	-0.686587	-0.847271	-0.93447	-0.912567	-0.781585	-0.53485	-0.202851	0.164825	0.541353	0.883537	1.13549	1.28022	1.32465	1.25927	1.07745	0.814599	0.539898	0.313847	0.160818	0.0731331	0.0297281	0.0108762	0.00360406	0.00108791	0.000300688	7.64458e-05	1.79515e-05	3.90813e-06	7.91435e-07	1.49541e-07	2.64366e-08	4.38377e-09	6.83432e-10	1.00386e-10	1.392e-11	1.82552e-12	2.26805e-13	2.67375e-14	2.99527e-15	3.19299e-16	3.24317e-17	3.14256e-18	2.90829e-19	2.57339e-20	2.17938e-21	1.76825e-22	1.37575e-23	1.02731e-24	7.36854e-26	5.05952e-27	
