4.60496	4.43649	4.07265	3.51627	2.83143	2.11076	1.42755	0.819554	0.296351	-0.147874	-0.521792	-0.831268	-1.07936	-1.26819	-1.40263	-1.48963	-1.5353	-1.54648	-1.53128	-1.49679	-1.44939	-1.39515	-1.3387	-1.28371	-1.23312	-1.1887	-1.15182	-1.12324	-1.10339	-1.09257	-1.09078	-1.09816	-1.1145	-1.13977	-1.17342	-1.21498	-1.26319	-1.31651	-1.37256	-1.42797	-1.47865	-1.51926	-1.54322	-1.54388	-1.51318	-1.44363	-1.32935	-1.16444	-0.945081	-0.672428	-0.352406	0.00498161	0.386605	0.777511	1.16183	1.5245	1.84799	2.10543	2.26913	2.33177	2.306	2.19837	1.99768	1.69821	1.32748	0.943788	0.607407	0.353756	0.186858	0.089832	0.0394647	0.0159087	0.00590811	0.00202906	0.000646698	0.000191905	5.31806e-05	1.38007e-05	3.36234e-06	7.70888e-07	1.66684e-07	3.40585e-08	6.58862e-09	1.2088e-09	2.10675e-10	3.49318e-11	5.51821e-12	8.3161e-13	1.1971e-13	1.64792e-14	2.17181e-15	2.74312e-16	3.32379e-17	3.86722e-18	4.3244e-19	4.65143e-20	4.81648e-21	4.805e-22	4.6249e-23	4.67299e-24	
4.43649	4.24029	3.87196	3.36768	2.76512	2.1086	1.45522	0.857995	0.344381	-0.0821836	-0.430403	-0.71251	-0.937813	-1.11262	-1.24141	-1.32697	-1.37445	-1.39162	-1.38525	-1.36172	-1.32757	-1.28777	-1.24607	-1.20573	-1.16856	-1.13604	-1.10912	-1.08819	-1.07371	-1.06572	-1.06434	-1.06961	-1.0814	-1.09972	-1.12425	-1.15459	-1.19008	-1.22942	-1.2709	-1.31198	-1.3488	-1.37722	-1.39135	-1.38442	-1.35019	-1.281	-1.1709	-1.01754	-0.819965	-0.57822	-0.294026	0.0289883	0.383002	0.754709	1.12392	1.46392	1.75362	1.98599	2.15402	2.23907	2.22462	2.11136	1.91144	1.63901	1.31495	0.974486	0.660774	0.407892	0.228919	0.116946	0.054527	0.0232825	0.00913745	0.00330819	0.00110883	0.000345222	0.00010015	2.7151e-05	6.89717e-06	1.64584e-06	3.69773e-07	7.83867e-08	1.57097e-08	2.98203e-09	5.37054e-10	9.19138e-11	1.4971e-11	2.32398e-12	3.44272e-13	4.87294e-14	6.59795e-15	8.55523e-16	1.06343e-16	1.26844e-17	1.45318e-18	1.60044e-19	1.69588e-20	1.73037e-21	1.70265e-22	1.76078e-23	
4.07265	3.87196	3.5341	3.11233	2.6172	2.0607	1.48603	0.942458	0.463125	0.0640799	-0.255644	-0.505841	-0.697205	-0.84114	-0.945352	-1.01587	-1.06125	-1.08794	-1.09986	-1.10185	-1.0979	-1.08978	-1.07974	-1.06907	-1.05829	-1.04855	-1.03998	-1.03313	-1.0283	-1.02547	-1.02504	-1.02664	-1.03067	-1.03645	-1.0444	-1.05356	-1.06409	-1.07509	-1.0857	-1.09506	-1.10113	-1.10144	-1.0939	-1.07342	-1.03632	-0.977636	-0.8898	-0.767669	-0.608344	-0.409497	-0.17203	0.0996473	0.397598	0.709474	1.02247	1.31942	1.57741	1.78581	1.94625	2.04342	2.04532	1.94262	1.76312	1.5415	1.29358	1.02552	0.753813	0.506675	0.309226	0.171059	0.0859016	0.039286	0.0164274	0.00630651	0.00223182	0.000730876	0.000222277	6.29859e-05	1.66803e-05	4.13987e-06	9.65384e-07	2.12014e-07	4.39463e-08	8.61475e-09	1.60004e-09	2.82055e-10	4.72661e-11	7.54097e-12	1.14703e-12	1.66555e-13	2.3116e-14	3.07004e-15	3.90592e-16	4.76541e-17	5.58082e-18	6.27939e-19	6.79421e-20	7.07502e-21	7.10185e-22	7.50019e-23	
3.51627	3.36768	3.11233	2.78351	2.39493	1.96284	1.50582	1.04725	0.624973	0.269961	-0.00952284	-0.217367	-0.367131	-0.475016	-0.552756	-0.612442	-0.66187	-0.70357	-0.740405	-0.775025	-0.806833	-0.83539	-0.86111	-0.882824	-0.901007	-0.915699	-0.926782	-0.935102	-0.940428	-0.943302	-0.943877	-0.941819	-0.93768	-0.930426	-0.920601	-0.907289	-0.890478	-0.870166	-0.846174	-0.818556	-0.78863	-0.755002	-0.7188	-0.67925	-0.633314	-0.579888	-0.514353	-0.429156	-0.318301	-0.177465	-0.00526492	0.193353	0.411881	0.640887	0.871443	1.10449	1.3316	1.52439	1.66407	1.74848	1.76678	1.70665	1.58382	1.43253	1.26852	1.08185	0.864893	0.633656	0.42015	0.251092	0.135382	0.0660852	0.0293382	0.0119021	0.00443293	0.00152243	0.00048407	0.000143021	3.93979e-05	1.01496e-05	2.45212e-06	5.56999e-07	1.19235e-07	2.41057e-08	4.61175e-09	8.36442e-10	1.44068e-10	2.36018e-11	3.68308e-12	5.48229e-13	7.79395e-14	1.05956e-14	1.37897e-15	1.71996e-16	2.05805e-17	2.36472e-18	2.61148e-19	2.7743e-20	2.83989e-21	3.06183e-22	
2.83143	2.76512	2.6172	2.39493	2.13201	1.83942	1.5017	1.13639	0.793086	0.505038	0.286297	0.133252	0.0254583	-0.0534848	-0.118185	-0.179686	-0.24052	-0.302936	-0.368249	-0.434449	-0.497712	-0.557401	-0.611208	-0.65802	-0.698197	-0.730643	-0.756444	-0.775538	-0.788213	-0.795321	-0.796254	-0.79202	-0.781402	-0.765377	-0.742081	-0.712756	-0.675498	-0.631207	-0.580141	-0.522211	-0.459921	-0.395527	-0.329386	-0.2661	-0.205154	-0.146535	-0.0905	-0.034365	0.0267804	0.0960317	0.179141	0.280026	0.400068	0.54349	0.70157	0.86352	1.03218	1.19234	1.31088	1.38225	1.42228	1.42957	1.39502	1.32819	1.24265	1.1304	0.972533	0.769697	0.550759	0.353887	0.204168	0.106119	0.0499318	0.0213797	0.00837312	0.00301384	0.00100142	0.0003084	8.83487e-05	2.36214e-05	5.91201e-06	1.38891e-06	3.07047e-07	6.40206e-08	1.26163e-08	2.35441e-09	4.16819e-10	7.01212e-11	1.12269e-11	1.71318e-12	2.49497e-13	3.47213e-14	4.62283e-15	5.89504e-16	7.20757e-17	8.45759e-18	9.53384e-19	1.03334e-19	1.07876e-20	1.18747e-21	
2.11076	2.1086	2.0607	1.96284	1.83942	1.67815	1.46329	1.21809	0.970703	0.750547	0.587786	0.479111	0.407369	0.355177	0.30178	0.239946	0.165862	0.0802567	-0.0116372	-0.102949	-0.189751	-0.269977	-0.340378	-0.401642	-0.452571	-0.493785	-0.526436	-0.549965	-0.566248	-0.574813	-0.576022	-0.570779	-0.557117	-0.537192	-0.507742	-0.470538	-0.423504	-0.366546	-0.299531	-0.223682	-0.137781	-0.0483343	0.0433929	0.131326	0.2089	0.271652	0.316726	0.342796	0.353579	0.355262	0.353712	0.362299	0.385797	0.432159	0.511246	0.604312	0.697316	0.799382	0.900819	0.984642	1.06228	1.14307	1.20554	1.22852	1.21384	1.16319	1.06147	0.89752	0.688268	0.473606	0.291759	0.161303	0.0804053	0.0363321	0.0149629	0.00564544	0.00196063	0.00062949	0.000187576	5.20594e-05	1.35005e-05	3.28087e-06	7.4916e-07	1.61122e-07	3.27112e-08	6.28182e-09	1.14325e-09	1.97523e-10	3.24504e-11	5.07694e-12	7.57486e-13	1.07922e-13	1.47007e-14	1.91676e-15	2.39481e-16	2.87008e-17	3.30262e-18	3.65233e-19	3.88877e-20	4.37088e-21	
1.42755	1.45522	1.48603	1.50582	1.5017	1.46329	1.39727	1.29258	1.14119	0.987156	0.866503	0.782708	0.732977	0.692191	0.642766	0.577763	0.494016	0.400787	0.303584	0.21001	0.121265	0.041678	-0.0288552	-0.0892144	-0.139641	-0.181437	-0.213938	-0.238443	-0.255308	-0.263935	-0.265862	-0.259475	-0.246363	-0.224458	-0.1957	-0.15696	-0.110496	-0.0541484	0.0127028	0.0878077	0.172853	0.26613	0.361717	0.456209	0.540851	0.606994	0.64414	0.649177	0.619862	0.567722	0.500335	0.430685	0.374493	0.326572	0.300556	0.310386	0.338799	0.388664	0.478044	0.594874	0.725221	0.871925	1.01744	1.1242	1.17536	1.17645	1.12436	1.00489	0.820192	0.602116	0.395316	0.232274	0.12262	0.058469	0.0253233	0.0100162	0.00363631	0.00121732	0.000377356	0.000108727	2.9218e-05	7.3457e-06	1.73264e-06	3.84401e-07	8.04051e-08	1.58904e-08	2.97305e-09	5.27562e-10	8.8938e-11	1.42667e-11	2.18083e-12	3.18108e-13	4.43339e-14	5.91056e-15	7.54647e-16	9.23727e-17	1.08509e-17	1.2244e-18	1.32965e-19	1.52606e-20	
0.819554	0.857995	0.942458	1.04725	1.13639	1.21809	1.29258	1.3131	1.27245	1.2004	1.11114	1.03377	0.973901	0.915583	0.857809	0.789532	0.717459	0.64311	0.569101	0.498713	0.431354	0.369967	0.313687	0.264296	0.219715	0.182319	0.151896	0.127289	0.111602	0.101975	0.100493	0.10708	0.119513	0.14186	0.168462	0.204467	0.24554	0.293459	0.346737	0.407482	0.47002	0.540117	0.612299	0.685946	0.752849	0.810903	0.845298	0.847501	0.808273	0.725205	0.612537	0.472201	0.330402	0.202693	0.0846535	0.00586563	-0.0169857	0.00826553	0.0950924	0.244458	0.427172	0.626491	0.831233	1.00645	1.11945	1.16831	1.15994	1.08558	0.936445	0.730265	0.50976	0.317914	0.177624	0.0893441	0.0406854	0.0168679	0.00640093	0.00223411	0.000720404	0.000215476	5.99995e-05	1.56043e-05	3.80173e-06	8.70021e-07	1.87482e-07	3.81287e-08	7.33341e-09	1.33645e-09	2.31182e-10	3.80214e-11	5.95431e-12	8.89166e-13	1.26782e-13	1.72822e-14	2.25482e-15	2.81887e-16	3.38015e-17	3.8916e-18	4.31028e-19	5.0515e-20	
0.296351	0.344381	0.463125	0.624973	0.793086	0.970703	1.14119	1.27245	1.34892	1.34428	1.27703	1.19468	1.10572	1.02987	0.966005	0.909477	0.864973	0.820173	0.781886	0.74097	0.701613	0.660813	0.622543	0.582562	0.547176	0.515056	0.487396	0.46585	0.451054	0.441944	0.441272	0.446385	0.459316	0.478047	0.503739	0.533365	0.56835	0.606404	0.644523	0.686116	0.72585	0.764638	0.802616	0.842104	0.878759	0.909036	0.930749	0.924109	0.884543	0.789879	0.647829	0.466869	0.252506	0.0493372	-0.125906	-0.26101	-0.321714	-0.305253	-0.215857	-0.0491631	0.169073	0.405545	0.647568	0.872222	1.04106	1.13759	1.1699	1.13834	1.03056	0.849483	0.628533	0.415298	0.245293	0.130052	0.0622339	0.0270335	0.0107187	0.00389925	0.00130753	0.000405874	0.000117076	3.14903e-05	7.92283e-06	1.86986e-06	4.15039e-07	8.68444e-08	1.71676e-08	3.21262e-09	5.70147e-10	9.61245e-11	1.54201e-11	2.35713e-12	3.43813e-13	4.7914e-14	6.38744e-15	8.15471e-16	9.98094e-17	1.17235e-17	1.32423e-18	1.58464e-19	
-0.147874	-0.0821836	0.0640799	0.269961	0.505038	0.750547	0.987156	1.2004	1.34428	1.37881	1.33405	1.23735	1.12854	1.04758	0.989214	0.964064	0.951152	0.944945	0.937144	0.920684	0.901051	0.875374	0.846922	0.816188	0.789843	0.763007	0.740947	0.724986	0.710647	0.705814	0.70336	0.708192	0.719161	0.732793	0.755222	0.777594	0.806161	0.834651	0.864593	0.889648	0.914628	0.930142	0.940243	0.939428	0.938757	0.926887	0.915461	0.887474	0.832368	0.736606	0.578487	0.381873	0.150481	-0.0917817	-0.299783	-0.457979	-0.540703	-0.533054	-0.446825	-0.282553	-0.0532036	0.2039	0.467387	0.724015	0.939641	1.08391	1.15665	1.16497	1.09981	0.953102	0.744716	0.520065	0.324197	0.180969	0.0909193	0.0413483	0.0171189	0.00648694	0.00226089	0.000727996	0.000217439	6.04616e-05	1.5703e-05	3.82065e-06	8.73208e-07	1.87929e-07	3.81724e-08	7.33299e-09	1.33481e-09	2.3064e-10	3.7891e-11	5.92768e-12	8.84298e-13	1.25966e-13	1.7155e-14	2.23623e-15	2.79325e-16	3.34677e-17	3.85474e-18	4.70934e-19	
-0.521792	-0.430403	-0.255644	-0.00952284	0.286297	0.587786	0.866503	1.11114	1.27703	1.33405	1.28569	1.16478	1.04903	0.969925	0.94163	0.954773	0.975527	1.00004	1.00721	1.0109	1.0022	0.990787	0.971842	0.958399	0.939377	0.92518	0.911736	0.901799	0.893316	0.890678	0.888718	0.8922	0.898311	0.9072	0.91955	0.933945	0.950158	0.966326	0.984762	0.997004	1.00804	1.00807	1.00011	0.973403	0.931517	0.87434	0.805532	0.741279	0.662171	0.569307	0.432855	0.247389	0.0346659	-0.194426	-0.403594	-0.567866	-0.667083	-0.677393	-0.605991	-0.460592	-0.242815	0.0182114	0.29206	0.567196	0.818593	1.0083	1.12236	1.16854	1.14442	1.03701	0.852118	0.6271	0.411737	0.241605	0.127281	0.0605395	0.0261481	0.0103126	0.00373295	0.00124598	0.000385099	0.000110634	2.96449e-05	7.43196e-06	1.74813e-06	3.86793e-07	8.06926e-08	1.59065e-08	2.96868e-09	5.25522e-10	8.83884e-11	1.41468e-11	2.15783e-12	3.14099e-13	4.36879e-14	5.81329e-15	7.4087e-16	9.0529e-17	1.06299e-17	1.32558e-18	
-0.831268	-0.71251	-0.505841	-0.217367	0.133252	0.479111	0.782708	1.03377	1.19468	1.23735	1.16478	1.03331	0.915243	0.846067	0.840269	0.862214	0.896695	0.928306	0.956314	0.98022	0.993879	1.00563	1.01208	1.01709	1.01609	1.01762	1.01611	1.01315	1.01438	1.01061	1.01285	1.01215	1.01322	1.01633	1.01529	1.01864	1.01609	1.01439	1.00807	0.999729	0.984307	0.965241	0.931738	0.891596	0.829083	0.749768	0.642743	0.534524	0.433206	0.337236	0.237972	0.106501	-0.0581133	-0.249414	-0.438894	-0.597833	-0.711523	-0.750873	-0.707554	-0.591822	-0.401227	-0.151353	0.123793	0.407699	0.683625	0.913414	1.06908	1.15223	1.16648	1.09963	0.946044	0.731289	0.504489	0.31061	0.171325	0.0851134	0.0383066	0.0157077	0.00589957	0.00203938	0.000651709	0.000193289	5.33965e-05	1.37839e-05	3.33472e-06	7.58107e-07	1.62347e-07	3.2822e-08	6.27749e-09	1.13795e-09	1.95858e-10	3.20581e-11	4.99771e-12	7.43106e-13	1.05523e-13	1.43284e-14	1.86254e-15	2.32033e-16	2.77676e-17	3.53354e-18	
-1.07936	-0.937813	-0.697205	-0.367131	0.0254583	0.407369	0.732977	0.973901	1.10572	1.12854	1.04903	0.915243	0.791998	0.714058	0.683359	0.68288	0.709383	0.750868	0.803129	0.848019	0.893074	0.929171	0.960908	0.981836	1.0024	1.01341	1.02388	1.02857	1.03381	1.03398	1.03549	1.03377	1.0303	1.02633	1.01735	1.00702	0.99081	0.970368	0.941874	0.90885	0.864098	0.818305	0.760722	0.696764	0.626977	0.5473	0.447359	0.32863	0.217113	0.125751	0.0532059	-0.0254507	-0.124796	-0.259344	-0.420188	-0.571996	-0.697134	-0.768964	-0.763366	-0.684313	-0.529677	-0.302734	-0.034531	0.250921	0.541164	0.803292	0.999025	1.11889	1.16895	1.14142	1.02363	0.828179	0.598672	0.385926	0.222474	0.115264	0.0539814	0.0229851	0.00894689	0.00319964	0.00105612	0.000323069	9.19306e-05	2.44154e-05	6.07055e-06	1.41693e-06	3.11257e-07	6.44968e-08	1.26335e-08	2.3438e-09	4.12581e-10	6.9026e-11	1.09927e-11	1.66882e-12	2.41833e-13	3.34943e-14	4.43905e-15	5.6359e-16	6.87134e-17	8.91972e-18	
-1.26819	-1.11262	-0.84114	-0.475016	-0.0534848	0.355177	0.692191	0.915583	1.02987	1.04758	0.969925	0.846067	0.714058	0.596112	0.513879	0.474419	0.487437	0.534065	0.593255	0.653207	0.711676	0.760744	0.802685	0.837136	0.86504	0.885899	0.90293	0.914981	0.922499	0.927593	0.927721	0.925293	0.919025	0.908029	0.894331	0.873402	0.849597	0.816644	0.778636	0.732157	0.675454	0.61078	0.542509	0.465057	0.388425	0.319699	0.246828	0.15582	0.0553964	-0.0312324	-0.0815143	-0.11986	-0.170723	-0.250461	-0.372781	-0.513192	-0.646864	-0.748129	-0.782723	-0.743722	-0.629398	-0.433861	-0.180152	0.101222	0.397312	0.682851	0.914899	1.07105	1.15494	1.16422	1.08379	0.914409	0.690622	0.465033	0.279621	0.150821	0.0733851	0.0324002	0.013053	0.00482334	0.00164251	0.000517656	0.000151572	4.13757e-05	1.0563e-05	2.52918e-06	5.69445e-07	1.20846e-07	2.4225e-08	4.59636e-09	8.26966e-10	1.41327e-10	2.29782e-11	3.5596e-12	5.26116e-13	7.42876e-14	1.0033e-14	1.29757e-15	1.61103e-16	2.13235e-17	
-1.40263	-1.24141	-0.945352	-0.552756	-0.118185	0.30178	0.642766	0.857809	0.966005	0.989214	0.94163	0.840269	0.683359	0.513879	0.373693	0.301636	0.3026	0.334479	0.381777	0.430742	0.485119	0.529896	0.573523	0.609988	0.643274	0.669636	0.692847	0.708628	0.720847	0.72687	0.727479	0.724138	0.713584	0.699866	0.679829	0.653842	0.624939	0.58844	0.54644	0.502986	0.44999	0.391533	0.330566	0.261606	0.18379	0.118105	0.073878	0.0238722	-0.0402399	-0.114764	-0.165573	-0.183306	-0.197773	-0.235499	-0.320834	-0.443404	-0.578539	-0.702251	-0.774125	-0.774723	-0.701642	-0.543189	-0.310935	-0.0383436	0.257153	0.55727	0.81997	1.01108	1.12737	1.17058	1.1269	0.987891	0.777177	0.545252	0.34124	0.19125	0.0965144	0.0441138	0.0183666	0.00700278	0.00245702	0.000796811	0.000239793	6.72057e-05	1.75983e-05	4.31824e-06	9.95568e-07	2.16184e-07	4.43131e-08	8.59188e-09	1.57875e-09	2.75401e-10	4.56828e-11	7.21653e-12	1.08719e-12	1.56407e-13	2.15138e-14	2.8327e-15	3.57961e-16	4.82837e-17	
-1.48963	-1.32697	-1.01587	-0.612442	-0.179686	0.239946	0.577763	0.789532	0.909477	0.964064	0.954773	0.862214	0.68288	0.474419	0.301636	0.214693	0.180813	0.173386	0.18671	0.222609	0.264038	0.299925	0.342118	0.379043	0.411005	0.44008	0.462238	0.480635	0.491418	0.499821	0.498893	0.496015	0.485726	0.468796	0.450852	0.421705	0.391921	0.35864	0.316061	0.276297	0.236185	0.186482	0.14594	0.107476	0.0559688	-0.00836618	-0.0494671	-0.0718009	-0.100885	-0.147958	-0.194508	-0.216109	-0.218893	-0.225824	-0.275818	-0.376293	-0.505157	-0.642038	-0.745361	-0.782582	-0.748618	-0.629865	-0.425233	-0.165875	0.124385	0.431368	0.717922	0.941394	1.08883	1.16327	1.15436	1.04776	0.85592	0.62402	0.405551	0.235697	0.123134	0.058164	0.0249861	0.00981479	0.00354301	0.00118071	0.000364727	0.000104821	2.81211e-05	7.06366e-06	1.66583e-06	3.6976e-07	7.74269e-08	1.5327e-08	2.87379e-09	5.11285e-10	8.6457e-11	1.39167e-11	2.13547e-12	3.12792e-13	4.37894e-14	5.8662e-15	7.54028e-16	1.03583e-16	
-1.5353	-1.37445	-1.06125	-0.66187	-0.24052	0.165862	0.494016	0.717459	0.864973	0.951152	0.975527	0.896695	0.709383	0.487437	0.3026	0.180813	0.0934941	0.0495642	0.050852	0.079423	0.100034	0.133131	0.166634	0.194026	0.216065	0.243171	0.254749	0.27333	0.279857	0.286018	0.288232	0.281572	0.278651	0.261757	0.249072	0.22878	0.201731	0.178194	0.146874	0.109388	0.0826751	0.0459773	0.00555003	-0.0161874	-0.0319463	-0.0683384	-0.107826	-0.126563	-0.132911	-0.159266	-0.200252	-0.224221	-0.229255	-0.22392	-0.24517	-0.320298	-0.435431	-0.575086	-0.702357	-0.772662	-0.774147	-0.694443	-0.521868	-0.280151	0.00138364	0.30913	0.612526	0.864586	1.04168	1.145	1.16818	1.09419	0.92528	0.699114	0.4707	0.283066	0.152788	0.0744494	0.0329417	0.0133095	0.00493557	0.00168769	0.000534389	0.00015728	4.31744e-05	1.10882e-05	2.67177e-06	6.05547e-07	1.29397e-07	2.61252e-08	4.99358e-09	9.05258e-10	1.5591e-10	2.55505e-11	3.99007e-12	5.94584e-13	8.46547e-14	1.15299e-14	1.50642e-15	2.10606e-16	
-1.54648	-1.39162	-1.08794	-0.70357	-0.302936	0.0802567	0.400787	0.64311	0.820173	0.944945	1.00004	0.928306	0.750868	0.534065	0.334479	0.173386	0.0495642	-0.00311246	-0.0102666	-0.00645137	-0.0014139	0.0241715	0.0389636	0.0526124	0.0716134	0.0852736	0.0940487	0.10736	0.111001	0.114818	0.117721	0.111049	0.109826	0.0990081	0.0880479	0.0778682	0.0602876	0.0433471	0.031036	0.00359535	-0.0140998	-0.0297019	-0.0584951	-0.0881147	-0.091428	-0.104097	-0.129685	-0.15089	-0.153429	-0.156993	-0.189195	-0.220447	-0.233517	-0.226434	-0.227025	-0.277683	-0.375649	-0.508753	-0.650103	-0.748964	-0.782466	-0.739142	-0.600636	-0.380407	-0.110439	0.193529	0.507288	0.783338	0.988139	1.11825	1.17065	1.12811	0.984507	0.768791	0.534917	0.332121	0.184834	0.0927282	0.042184	0.0175005	0.00665581	0.00233168	0.00075566	0.000227438	6.37966e-05	1.67305e-05	4.11379e-06	9.50897e-07	2.07119e-07	4.2604e-08	8.29276e-09	1.53028e-09	2.68173e-10	4.47013e-11	7.09797e-12	1.07512e-12	1.55544e-13	2.1521e-14	2.85583e-15	4.06001e-16	
-1.53128	-1.38525	-1.09986	-0.740405	-0.368249	-0.0116372	0.303584	0.569101	0.781886	0.937144	1.00721	0.956314	0.803129	0.593255	0.381777	0.18671	0.050852	-0.0102666	-0.0405705	-0.0610383	-0.0620481	-0.0463188	-0.0456324	-0.0322567	-0.0182477	-0.0146128	-0.00204202	0.00310141	0.00713076	0.011076	0.0106863	0.00965198	0.00460731	0.00126912	-0.009823	-0.0171	-0.0249462	-0.0440629	-0.0441756	-0.0602984	-0.0739012	-0.0781072	-0.084293	-0.111007	-0.122437	-0.121786	-0.136635	-0.153333	-0.161179	-0.15896	-0.178588	-0.208372	-0.228919	-0.230156	-0.220287	-0.247391	-0.326482	-0.448282	-0.594508	-0.715383	-0.777161	-0.76686	-0.662423	-0.466457	-0.21037	0.0865918	0.405201	0.700304	0.93032	1.08526	1.16406	1.15096	1.03356	0.831845	0.596642	0.381585	0.218492	0.11263	0.0525801	0.022358	0.00870594	0.00311951	0.00103315	0.00031752	9.08798e-05	2.43029e-05	6.08998e-06	1.43384e-06	3.17955e-07	6.65551e-08	1.31776e-08	2.47256e-09	4.40426e-10	7.45964e-11	1.20319e-11	1.8507e-12	2.71827e-13	3.81723e-14	5.14034e-15	7.42443e-16	
-1.49679	-1.36172	-1.10185	-0.775025	-0.434449	-0.102949	0.21001	0.498713	0.74097	0.920684	1.0109	0.98022	0.848019	0.653207	0.430742	0.222609	0.079423	-0.00645137	-0.0610383	-0.0914395	-0.083129	-0.082572	-0.0803885	-0.0688489	-0.0611318	-0.0629938	-0.0473663	-0.053818	-0.045081	-0.0448644	-0.0486805	-0.0413692	-0.054182	-0.0466272	-0.0580865	-0.0620671	-0.0641028	-0.0770674	-0.0855273	-0.0861769	-0.103699	-0.11023	-0.106403	-0.112652	-0.127774	-0.128559	-0.138398	-0.153037	-0.162896	-0.156033	-0.166617	-0.19797	-0.222588	-0.230419	-0.219314	-0.228997	-0.288097	-0.395199	-0.539791	-0.676209	-0.761871	-0.780649	-0.708776	-0.538669	-0.298249	-0.0104643	0.308632	0.617962	0.870254	1.04806	1.15061	1.16444	1.07295	0.887597	0.654605	0.430235	0.252904	0.133681	0.0639174	0.0278057	0.0110657	0.00404875	0.00136808	0.000428664	0.000125005	3.40387e-05	8.6807e-06	2.07899e-06	4.68748e-07	9.97241e-08	2.00603e-08	3.8228e-09	6.91358e-10	1.18854e-10	1.94526e-11	3.03537e-12	4.52163e-13	6.43843e-14	8.78999e-15	1.28857e-15	
-1.44939	-1.32757	-1.0979	-0.806833	-0.497712	-0.189751	0.121265	0.431354	0.701613	0.901051	1.0022	0.993879	0.893074	0.711676	0.485119	0.264038	0.100034	-0.0014139	-0.0620481	-0.083129	-0.0866751	-0.0958787	-0.0927061	-0.0866581	-0.0899787	-0.0849323	-0.0819952	-0.083928	-0.0794046	-0.0798987	-0.0815129	-0.0781659	-0.0832308	-0.0823521	-0.0839938	-0.0877805	-0.0898622	-0.0883269	-0.0989697	-0.0960571	-0.102578	-0.112789	-0.119851	-0.122844	-0.131818	-0.127254	-0.132923	-0.146763	-0.161535	-0.159621	-0.159115	-0.183838	-0.213762	-0.229683	-0.220345	-0.218566	-0.26041	-0.351041	-0.488455	-0.634551	-0.739969	-0.783756	-0.741752	-0.597843	-0.37431	-0.0970662	0.219301	0.538488	0.809857	1.00847	1.13229	1.17035	1.10357	0.935832	0.707858	0.476964	0.28719	0.155331	0.0759142	0.033722	0.0136909	0.00510607	0.00175739	0.000560497	0.000166274	4.60341e-05	1.19306e-05	2.90248e-06	6.64498e-07	1.43494e-07	2.92891e-08	5.66179e-09	1.03838e-09	1.8098e-10	3.0023e-11	4.74731e-12	7.16469e-13	1.03339e-13	1.42889e-14	2.12376e-15	
-1.39515	-1.28777	-1.08978	-0.83539	-0.557401	-0.269977	0.041678	0.369967	0.660813	0.875374	0.990787	1.00563	0.929171	0.760744	0.529896	0.299925	0.133131	0.0241715	-0.0463188	-0.082572	-0.0958787	-0.104063	-0.102291	-0.100729	-0.100727	-0.095693	-0.0951608	-0.0937412	-0.0909608	-0.0923178	-0.0905429	-0.0919246	-0.0924966	-0.0938789	-0.0962452	-0.0975068	-0.102074	-0.101848	-0.107897	-0.105922	-0.110528	-0.110682	-0.11127	-0.116131	-0.132384	-0.132297	-0.130535	-0.141513	-0.157733	-0.158079	-0.154495	-0.174126	-0.204046	-0.227009	-0.22251	-0.212742	-0.240388	-0.316031	-0.443029	-0.593107	-0.714061	-0.779091	-0.763702	-0.645186	-0.439087	-0.173105	0.138347	0.463686	0.75089	0.968122	1.11088	1.17043	1.12655	0.976709	0.755774	0.52083	0.320497	0.176993	0.088236	0.0399452	0.016514	0.00626676	0.00219316	0.000710823	0.000214173	6.01954e-05	1.58307e-05	3.90656e-06	9.06886e-07	1.98512e-07	4.10605e-08	8.04119e-09	1.49369e-09	2.6362e-10	4.4274e-11	7.08605e-12	1.08227e-12	1.57944e-13	2.20955e-14	3.32582e-15	
-1.3387	-1.24607	-1.07974	-0.86111	-0.611208	-0.340378	-0.0288552	0.313687	0.622543	0.846922	0.971842	1.01208	0.960908	0.802685	0.573523	0.342118	0.166634	0.0389636	-0.0456324	-0.0803885	-0.0927061	-0.102291	-0.100968	-0.097546	-0.0990779	-0.0947591	-0.0952836	-0.0940022	-0.0933856	-0.0932205	-0.0933791	-0.0931891	-0.0937371	-0.0951083	-0.0945566	-0.0977025	-0.0990447	-0.0991225	-0.107205	-0.105628	-0.110201	-0.11804	-0.117798	-0.112694	-0.126176	-0.130079	-0.129299	-0.135004	-0.152529	-0.160794	-0.153109	-0.164912	-0.193234	-0.22184	-0.225165	-0.211538	-0.226362	-0.288161	-0.404112	-0.554293	-0.686643	-0.769179	-0.776916	-0.682144	-0.493351	-0.238805	0.0664261	0.394969	0.694914	0.928489	1.08797	1.16631	1.14313	1.01066	0.798009	0.561077	0.352041	0.198069	0.100514	0.0462823	0.0194466	0.00749525	0.00266257	0.000875484	0.000267485	7.62009e-05	2.03046e-05	5.07499e-06	1.1929e-06	2.64318e-07	5.53277e-08	1.09626e-08	2.05985e-09	3.67661e-10	6.24357e-11	1.01025e-11	1.55966e-12	2.30042e-13	3.25221e-14	4.95154e-15	
-1.28371	-1.20573	-1.06907	-0.882824	-0.65802	-0.401642	-0.0892144	0.264296	0.582562	0.816188	0.958399	1.01709	0.981836	0.837136	0.609988	0.379043	0.194026	0.0526124	-0.0322567	-0.0688489	-0.0866581	-0.100729	-0.097546	-0.098563	-0.101944	-0.0969126	-0.0992398	-0.0983088	-0.0967494	-0.0982935	-0.0967754	-0.0980389	-0.0972584	-0.0989887	-0.0983464	-0.0986651	-0.102698	-0.0966172	-0.106042	-0.102765	-0.104967	-0.111014	-0.119045	-0.113094	-0.122342	-0.129996	-0.127609	-0.133453	-0.147543	-0.157224	-0.151692	-0.160473	-0.185934	-0.215548	-0.224942	-0.211783	-0.217872	-0.267184	-0.371535	-0.519182	-0.659656	-0.756312	-0.783586	-0.710254	-0.538008	-0.294605	0.00381982	0.333382	0.643263	0.890872	1.06492	1.15945	1.15453	1.03829	0.834454	0.597129	0.381127	0.217983	0.112367	0.0525195	0.022385	0.00874679	0.00314835	0.00104844	0.000324284	9.34879e-05	2.52007e-05	6.37012e-06	1.51389e-06	3.39068e-07	7.17259e-08	1.43593e-08	2.7256e-09	4.91366e-10	8.42662e-11	1.37673e-11	2.14581e-12	3.1949e-13	4.55922e-14	7.01243e-15	
-1.23312	-1.16856	-1.05829	-0.901007	-0.698197	-0.452571	-0.139641	0.219715	0.547176	0.789843	0.939377	1.01609	1.0024	0.86504	0.643274	0.411005	0.216065	0.0716134	-0.0182477	-0.0611318	-0.0899787	-0.100727	-0.0990779	-0.101944	-0.102496	-0.0950754	-0.10114	-0.0944773	-0.0961329	-0.0969943	-0.0925713	-0.0993423	-0.0923039	-0.10027	-0.0969144	-0.0989507	-0.104198	-0.101002	-0.104757	-0.108371	-0.104443	-0.107147	-0.112737	-0.113928	-0.120719	-0.128839	-0.126625	-0.1282	-0.143843	-0.158399	-0.151656	-0.154704	-0.177883	-0.210283	-0.22547	-0.212653	-0.211934	-0.251523	-0.345399	-0.488757	-0.634479	-0.742271	-0.785682	-0.731066	-0.574034	-0.341065	-0.0494524	0.279646	0.597035	0.8564	1.0429	1.15115	1.16194	1.0603	0.865179	0.628578	0.407167	0.2362	0.123417	0.0584343	0.0252155	0.00997006	0.00362971	0.00122207	0.000382017	0.00011127	3.02955e-05	7.7329e-06	1.85532e-06	4.19422e-07	8.95363e-08	1.80859e-08	3.46326e-09	6.29771e-10	1.08925e-10	1.79461e-11	2.82038e-12	4.23374e-13	6.09101e-14	9.45173e-15	
-1.1887	-1.13604	-1.04855	-0.915699	-0.730643	-0.493785	-0.181437	0.182319	0.515056	0.763007	0.92518	1.01762	1.01341	0.885899	0.669636	0.44008	0.243171	0.0852736	-0.0146128	-0.0629938	-0.0849323	-0.095693	-0.0947591	-0.0969126	-0.0950754	-0.094354	-0.0945586	-0.0935176	-0.0933109	-0.0941731	-0.0924587	-0.0945802	-0.0930267	-0.0943176	-0.0945416	-0.0947782	-0.0966716	-0.0972433	-0.101407	-0.103867	-0.106942	-0.112709	-0.115409	-0.108244	-0.115415	-0.127256	-0.127344	-0.12784	-0.139271	-0.155717	-0.151568	-0.152802	-0.172829	-0.204055	-0.22403	-0.214231	-0.208849	-0.240005	-0.32468	-0.46336	-0.612274	-0.728536	-0.784868	-0.746019	-0.602404	-0.378794	-0.0935404	0.234226	0.557102	0.826031	1.0229	1.14249	1.1664	1.07741	0.890367	0.655159	0.42968	0.252247	0.133311	0.0638082	0.0278218	0.0111106	0.00408379	0.00138768	0.000437674	0.000128589	3.53064e-05	9.08607e-06	2.19749e-06	5.00681e-07	1.07706e-07	2.19207e-08	4.22878e-09	7.746e-10	1.3494e-10	2.23902e-11	3.5435e-12	5.35612e-13	7.75891e-14	1.21304e-14	
-1.15182	-1.10912	-1.03998	-0.926782	-0.756444	-0.526436	-0.213938	0.151896	0.487396	0.740947	0.911736	1.01611	1.02388	0.90293	0.692847	0.462238	0.254749	0.0940487	-0.00204202	-0.0473663	-0.0819952	-0.0951608	-0.0952836	-0.0992398	-0.10114	-0.0945586	-0.100855	-0.0945734	-0.0969576	-0.0967664	-0.0938513	-0.09904	-0.0930676	-0.10013	-0.0965355	-0.0980234	-0.102633	-0.0977417	-0.100597	-0.10442	-0.0989084	-0.1026	-0.114574	-0.114363	-0.115892	-0.125873	-0.125623	-0.126117	-0.135937	-0.154107	-0.152654	-0.150675	-0.167837	-0.199559	-0.22295	-0.215223	-0.206964	-0.231971	-0.308991	-0.443028	-0.593705	-0.716234	-0.782538	-0.75639	-0.624024	-0.408389	-0.128684	0.197392	0.524131	0.800548	1.00573	1.13438	1.16884	1.09027	0.910261	0.676714	0.448288	0.265721	0.141731	0.0684377	0.0300922	0.0121144	0.00448734	0.00153623	0.000488035	0.000144392	3.99161e-05	1.03407e-05	2.51719e-06	5.7717e-07	1.24935e-07	2.55828e-08	4.96495e-09	9.14838e-10	1.60302e-10	2.67517e-11	4.25786e-12	6.4721e-13	9.42806e-14	1.48301e-14	
-1.12324	-1.08819	-1.03313	-0.935102	-0.775538	-0.549965	-0.238443	0.127289	0.46585	0.724986	0.901799	1.01315	1.02857	0.914981	0.708628	0.480635	0.27333	0.10736	0.00310141	-0.053818	-0.083928	-0.0937412	-0.0940022	-0.0983088	-0.0944773	-0.0935176	-0.0945734	-0.0915934	-0.0921567	-0.0930723	-0.0900026	-0.0942475	-0.0907909	-0.0936404	-0.0940927	-0.093986	-0.0968055	-0.0991251	-0.0997168	-0.105647	-0.106068	-0.108201	-0.110792	-0.109029	-0.111851	-0.124928	-0.126165	-0.125141	-0.135484	-0.153122	-0.150928	-0.149288	-0.16563	-0.195934	-0.221347	-0.216002	-0.206045	-0.226509	-0.297655	-0.427737	-0.579254	-0.706182	-0.779775	-0.76325	-0.639694	-0.430388	-0.155149	0.169281	0.49861	0.780572	0.992053	1.12754	1.16998	1.09948	0.925119	0.693162	0.462708	0.276293	0.14841	0.072145	0.0319264	0.012932	0.00481856	0.00165904	0.000529957	0.000157634	4.38037e-05	1.14055e-05	2.79013e-06	6.42856e-07	1.39816e-07	2.87636e-08	5.60792e-09	1.03799e-09	1.82692e-10	3.06225e-11	4.89516e-12	7.47285e-13	1.09325e-13	1.72771e-14	
-1.10339	-1.07371	-1.0283	-0.940428	-0.788213	-0.566248	-0.255308	0.111602	0.451054	0.710647	0.893316	1.01438	1.03381	0.922499	0.720847	0.491418	0.279857	0.111001	0.00713076	-0.045081	-0.0794046	-0.0909608	-0.0933856	-0.0967494	-0.0961329	-0.0933109	-0.0969576	-0.0921567	-0.0950162	-0.0937601	-0.0924596	-0.0957866	-0.0916727	-0.096484	-0.0941467	-0.0954556	-0.0978984	-0.0969078	-0.0973376	-0.102988	-0.100478	-0.104161	-0.113295	-0.111675	-0.113369	-0.124045	-0.125903	-0.124868	-0.131257	-0.151597	-0.153395	-0.149069	-0.162471	-0.192873	-0.220501	-0.216809	-0.205645	-0.222994	-0.290111	-0.417351	-0.569227	-0.698961	-0.777374	-0.767427	-0.650054	-0.445234	-0.173178	0.149946	0.480875	0.766562	0.982351	1.12251	1.17041	1.10551	0.935173	0.704474	0.472739	0.283715	0.153136	0.0747866	0.0332417	0.0135218	0.00505883	0.0017486	0.000560685	0.000167388	4.66804e-05	1.21969e-05	2.9939e-06	6.92107e-07	1.51019e-07	3.11684e-08	6.09598e-09	1.13184e-09	1.99822e-10	3.35954e-11	5.38647e-12	8.24724e-13	1.21011e-13	1.91855e-14	
-1.09257	-1.06572	-1.02547	-0.943302	-0.795321	-0.574813	-0.263935	0.101975	0.441944	0.705814	0.890678	1.01061	1.03398	0.927593	0.72687	0.499821	0.286018	0.114818	0.011076	-0.0448644	-0.0798987	-0.0923178	-0.0932205	-0.0982935	-0.0969943	-0.0941731	-0.0967664	-0.0930723	-0.0937601	-0.094448	-0.0916022	-0.095735	-0.0920737	-0.0958135	-0.0952079	-0.0955072	-0.0986709	-0.0982846	-0.0992994	-0.103988	-0.101427	-0.103841	-0.111719	-0.111815	-0.110463	-0.123332	-0.124992	-0.124666	-0.133443	-0.150993	-0.151157	-0.148268	-0.16243	-0.192129	-0.219588	-0.216636	-0.20547	-0.221409	-0.286145	-0.41168	-0.563728	-0.694936	-0.775882	-0.769502	-0.655564	-0.453246	-0.18296	0.139402	0.471143	0.758828	0.976957	1.11965	1.17053	1.10869	0.940601	0.710643	0.478248	0.287815	0.155759	0.0762597	0.0339781	0.0138532	0.00519431	0.00179926	0.000578122	0.000172939	4.83226e-05	1.26499e-05	3.11087e-06	7.20452e-07	1.57485e-07	3.25596e-08	6.37904e-09	1.1864e-09	2.09806e-10	3.53321e-11	5.67418e-12	8.70179e-13	1.27886e-13	2.03111e-14	
-1.09078	-1.06434	-1.02504	-0.943877	-0.796254	-0.576022	-0.265862	0.100493	0.441272	0.70336	0.888718	1.01285	1.03549	0.927721	0.727479	0.498893	0.288232	0.117721	0.0106863	-0.0486805	-0.0815129	-0.0905429	-0.0933791	-0.0967754	-0.0925713	-0.0924587	-0.0938513	-0.0900026	-0.0924596	-0.0916022	-0.0898389	-0.0934543	-0.089649	-0.0932602	-0.0927007	-0.0931929	-0.0953933	-0.0981176	-0.0967132	-0.104467	-0.104841	-0.106343	-0.110147	-0.109137	-0.112043	-0.123989	-0.126274	-0.124232	-0.131285	-0.151098	-0.152546	-0.148766	-0.161514	-0.191045	-0.219648	-0.21721	-0.205539	-0.220939	-0.285365	-0.410776	-0.5629	-0.694278	-0.775569	-0.769796	-0.656484	-0.454604	-0.184601	0.137646	0.469523	0.757536	0.976052	1.11916	1.17054	1.10922	0.941504	0.711672	0.479169	0.288501	0.156199	0.0765066	0.0341016	0.0139089	0.00521707	0.00180778	0.000581055	0.000173874	4.85991e-05	1.27262e-05	3.13059e-06	7.25235e-07	1.58576e-07	3.27946e-08	6.42688e-09	1.19563e-09	2.11495e-10	3.56262e-11	5.72292e-12	8.77883e-13	1.29052e-13	2.05022e-14	
-1.09816	-1.06961	-1.02664	-0.941819	-0.79202	-0.570779	-0.259475	0.10708	0.446385	0.708192	0.8922	1.01215	1.03377	0.925293	0.724138	0.496015	0.281572	0.111049	0.00965198	-0.0413692	-0.0781659	-0.0919246	-0.0931891	-0.0980389	-0.0993423	-0.0945802	-0.09904	-0.0942475	-0.0957866	-0.095735	-0.0934543	-0.0974899	-0.0931468	-0.0984228	-0.095833	-0.0971748	-0.100295	-0.0972274	-0.0992866	-0.102752	-0.097987	-0.101799	-0.113848	-0.113816	-0.111884	-0.123504	-0.124721	-0.124934	-0.132457	-0.150877	-0.152518	-0.148593	-0.16227	-0.192941	-0.220139	-0.216378	-0.205574	-0.222331	-0.287984	-0.414462	-0.56666	-0.697027	-0.776503	-0.768368	-0.652857	-0.449337	-0.178119	0.144679	0.476033	0.762714	0.979666	1.12109	1.17049	1.10712	0.9379	0.707562	0.47549	0.285758	0.15444	0.0755179	0.0336066	0.0136858	0.00512578	0.0017736	0.000569279	0.00017012	4.74878e-05	1.24194e-05	3.05128e-06	7.05998e-07	1.54185e-07	3.18488e-08	6.23429e-09	1.15848e-09	2.04692e-10	3.44418e-11	5.52657e-12	8.4684e-13	1.24353e-13	1.97322e-14	
-1.1145	-1.0814	-1.03067	-0.93768	-0.781402	-0.557117	-0.246363	0.119513	0.459316	0.719161	0.898311	1.01322	1.0303	0.919025	0.713584	0.485726	0.278651	0.109826	0.00460731	-0.054182	-0.0832308	-0.0924966	-0.0937371	-0.0972584	-0.0923039	-0.0930267	-0.0930676	-0.0907909	-0.0916727	-0.0920737	-0.089649	-0.0931468	-0.0901721	-0.0924619	-0.0930887	-0.0930298	-0.0952346	-0.0983862	-0.0982293	-0.10486	-0.106837	-0.10899	-0.110723	-0.10837	-0.111393	-0.124711	-0.126482	-0.124711	-0.134694	-0.152807	-0.15112	-0.149285	-0.164494	-0.194253	-0.220769	-0.216531	-0.206144	-0.224825	-0.293836	-0.423	-0.57506	-0.703024	-0.778474	-0.765017	-0.644517	-0.43732	-0.163435	0.160502	0.490599	0.77425	0.987678	1.12529	1.17022	1.10227	0.929719	0.69831	0.467255	0.279647	0.150539	0.073332	0.0325159	0.0131958	0.00492578	0.00169892	0.000543615	0.000161961	4.50777e-05	1.17553e-05	2.88007e-06	6.64559e-07	1.44745e-07	2.982e-08	5.82202e-09	1.0791e-09	1.90185e-10	3.19212e-11	5.10949e-12	7.81023e-13	1.1441e-13	1.81063e-14	
