0.0117979	0.00189841	-0.0125399	0.00114801	0.00560174	-0.00884433	-0.0165316	-0.00716178	0.00957839	0.0103581	-0.00182604	-0.0264322	-0.0257663	-0.0115486	0.00209472	0.00829776	-0.00663815	-0.0440723	-0.0850347	-0.10092	-0.111644	-0.0940649	-0.0518878	0.00974032	0.067951	0.12265	0.175787	0.218938	0.231921	0.219987	0.190633	0.15722	0.111563	0.0500248	-0.0215856	-0.0866956	-0.128293	-0.138542	-0.126415	-0.0968932	-0.0696229	-0.0424264	-0.0265081	-0.0139727	-0.0092406	-0.00375064	-0.00405102	0.00146471	-0.000196975	0.00659939	0.00453042	0.00727162	0.00817671	0.000616386	0.00132946	-0.00130563	-0.000287135	0.000702329	0.0103099	0.0147617	-0.00246794	-0.00826434	0.00652087	0.0180103	0.00701928	-0.00842579	0.00127754	0.0166748	0.0154025	0.00482451	-0.00541907	0.000601562	0.022064	0.0303045	0.0182114	0.00168516	-0.0102893	-0.004625	0.0282353	0.0699083	0.0983278	0.112034	0.108485	0.0763069	0.0201151	-0.0398816	-0.0950088	-0.149636	-0.198594	-0.225011	-0.221369	-0.197779	-0.166505	-0.127752	-0.0751241	-0.0105044	0.050662	0.0880268	0.088939	0.0548984	
0.00189841	0.00251257	-0.0151927	-9.06081e-05	0.0108962	-0.0106575	-0.0196177	-0.0174232	0.000465396	0.00812472	-0.0158079	-0.0449266	-0.0404195	-0.012458	0.0100761	0.0202977	-0.014848	-0.0878915	-0.160486	-0.202513	-0.216071	-0.18645	-0.102478	0.0141088	0.128098	0.237282	0.341022	0.421685	0.448356	0.423636	0.368701	0.299071	0.207534	0.0846118	-0.0549818	-0.181658	-0.260581	-0.282259	-0.254415	-0.198962	-0.139237	-0.0858662	-0.0481257	-0.0230684	-0.0072144	-0.00057149	0.00420587	0.0064766	0.00428786	0.00668193	0.00417967	0.00352911	0.00362076	0.00626104	0.00427573	0.00667086	0.0108999	0.00266469	0.00863873	0.0124047	0.0044651	0.00473851	0.00782785	0.0164742	0.014139	-0.000794614	0.00656191	0.0242061	0.0246585	0.0104929	-0.00415931	0.00772312	0.0415866	0.0525227	0.0317731	0.00469486	-0.0130698	0.0011141	0.0618944	0.138269	0.19233	0.217642	0.20725	0.143252	0.0352703	-0.081871	-0.191993	-0.299576	-0.393281	-0.443333	-0.436924	-0.391734	-0.329252	-0.250369	-0.145034	-0.0184098	0.0998714	0.171499	0.172703	0.106489	
-0.0125399	-0.0151927	-0.00689752	0.00801112	0.0035224	-0.0135031	-0.0157174	-0.0136859	-0.0102938	-0.00905751	-0.0315429	-0.0553385	-0.0467878	-0.0186192	0.00701709	0.00991287	-0.0412227	-0.136088	-0.228333	-0.28904	-0.301149	-0.252757	-0.131937	0.0320906	0.19897	0.360749	0.50988	0.619805	0.658253	0.623265	0.545657	0.43805	0.299429	0.116963	-0.0837498	-0.264402	-0.376761	-0.408917	-0.369474	-0.291713	-0.203685	-0.127872	-0.0698694	-0.0344123	-0.00989826	-0.000514975	0.00587612	0.00724381	0.00578228	0.00396119	0.00444211	0.00217707	0.00358029	0.0112588	0.0110112	0.0146271	0.0198493	0.0115902	-0.00028684	0.00145015	0.0161441	0.021357	0.0151624	0.0136647	0.0110249	0.0103823	0.0213817	0.0283173	0.0239118	0.0150651	0.00935372	0.0246036	0.0541102	0.0614694	0.0397393	0.0115725	-0.00233304	0.0247384	0.10491	0.203841	0.277713	0.310061	0.287396	0.192841	0.0407874	-0.12845	-0.292587	-0.449308	-0.580051	-0.648962	-0.641342	-0.577856	-0.484135	-0.362857	-0.205139	-0.0217268	0.145991	0.246116	0.246542	0.151761	
0.00114801	-9.06081e-05	0.00801112	-0.01514	-0.0319991	-0.0141959	-0.00697369	-0.00569782	-0.0127624	-0.0211092	-0.0374723	-0.0510035	-0.046081	-0.0342321	-0.0155792	-0.0342471	-0.094923	-0.195489	-0.294792	-0.362004	-0.364813	-0.291789	-0.137556	0.0638692	0.283029	0.492034	0.680685	0.809988	0.858125	0.816762	0.717695	0.571739	0.38225	0.146041	-0.110197	-0.332037	-0.476866	-0.516357	-0.473898	-0.377885	-0.269054	-0.174598	-0.101075	-0.0544119	-0.0274051	-0.00875508	-0.0036788	0.00315955	0.00914257	0.00836238	0.0160314	0.0170466	0.0156804	0.0147083	0.0138334	0.00535967	0.00491414	0.0177119	0.013769	0.0140302	0.0248115	0.0223696	0.0133743	0.00909789	0.018722	0.0326525	0.0305121	0.0218212	0.0210522	0.0258693	0.0338929	0.0453381	0.0566875	0.0585255	0.0446038	0.025609	0.0261758	0.0694661	0.158391	0.265452	0.350198	0.382325	0.341684	0.219348	0.0324273	-0.182541	-0.397642	-0.596953	-0.754862	-0.837122	-0.830092	-0.75178	-0.626524	-0.460595	-0.252045	-0.0195648	0.18709	0.308084	0.30651	0.188262	
0.00560174	0.0108962	0.0035224	-0.0319991	-0.0318935	-0.00217162	-0.0072242	-0.0209341	-0.0322306	-0.0459488	-0.0455916	-0.0331911	-0.0375108	-0.0383006	-0.0415986	-0.084882	-0.154753	-0.249756	-0.349869	-0.414983	-0.403874	-0.308388	-0.129653	0.0994187	0.363149	0.612735	0.828489	0.970314	1.02323	0.980875	0.85846	0.675695	0.43238	0.150236	-0.151196	-0.403453	-0.571295	-0.620485	-0.573433	-0.465544	-0.335694	-0.220633	-0.130467	-0.0667445	-0.0327073	-0.00689096	0.00294935	0.00733074	0.0153624	0.0131896	0.0145461	0.0184622	0.014511	0.0112109	0.0175227	0.0126285	0.00785954	0.0192226	0.0272529	0.0261751	0.0189816	0.0182498	0.0177317	0.015248	0.0348351	0.0463619	0.0270013	0.0173466	0.0272846	0.0427047	0.0598387	0.0618845	0.0519857	0.0503698	0.050449	0.0506338	0.0747131	0.133537	0.220112	0.321559	0.405431	0.427909	0.365275	0.21952	0.00645139	-0.24708	-0.506721	-0.739188	-0.91396	-1.00452	-0.999402	-0.90868	-0.751364	-0.539721	-0.284	-0.0124037	0.220961	0.354352	0.349755	0.214285	
-0.00884433	-0.0106575	-0.0135031	-0.0141959	-0.00217162	-0.00413813	-0.0204911	-0.0352007	-0.0571361	-0.0697722	-0.0438256	-0.0208548	-0.0355305	-0.0503171	-0.0889525	-0.150244	-0.221228	-0.302668	-0.389312	-0.437016	-0.408822	-0.288015	-0.0980896	0.158053	0.45127	0.734512	0.962523	1.11187	1.16638	1.12358	0.979072	0.7569	0.466431	0.141855	-0.186224	-0.463596	-0.641999	-0.705252	-0.656138	-0.541775	-0.398872	-0.263317	-0.159584	-0.0810519	-0.0346816	-0.00798072	0.0103067	0.0130659	0.0155724	0.0174537	0.0103489	0.0106535	0.0141826	0.0103163	0.0175079	0.0284727	0.0276786	0.0250816	0.0240234	0.0204578	0.0158637	0.021748	0.0325372	0.0358014	0.0395629	0.0373326	0.0274742	0.0285753	0.0402599	0.0605147	0.0793669	0.0690308	0.045365	0.0456135	0.0634101	0.0908935	0.141869	0.210268	0.285329	0.36984	0.438885	0.441719	0.356143	0.192123	-0.0402284	-0.324122	-0.61772	-0.871732	-1.05432	-1.1492	-1.14595	-1.04332	-0.853628	-0.597616	-0.301162	-0.00208908	0.245284	0.382807	0.374681	0.228955	
-0.0165316	-0.0196177	-0.0157174	-0.00697369	-0.0072242	-0.0204911	-0.0229883	-0.0377886	-0.0639287	-0.0624692	-0.0366063	-0.0292281	-0.0519489	-0.093848	-0.165144	-0.232995	-0.296019	-0.355454	-0.408086	-0.427105	-0.370655	-0.230783	-0.0307389	0.246935	0.557427	0.860026	1.09084	1.24073	1.29744	1.24761	1.08487	0.819986	0.493248	0.133247	-0.207323	-0.49891	-0.685212	-0.759191	-0.718178	-0.601192	-0.453816	-0.305901	-0.189485	-0.1051	-0.0475601	-0.0211332	0.000690145	0.00763569	0.0104519	0.0169119	0.0187929	0.0174352	0.0252938	0.026277	0.0211181	0.0280212	0.0260338	0.0233598	0.0241969	0.0219565	0.0272929	0.0350596	0.0430166	0.0427801	0.0329136	0.0336862	0.0407948	0.0441986	0.0563154	0.0780313	0.0859356	0.066444	0.044743	0.0528031	0.0904742	0.148671	0.221386	0.290121	0.348176	0.406486	0.44603	0.421222	0.314908	0.137137	-0.109577	-0.413761	-0.726905	-0.990247	-1.17396	-1.27002	-1.26641	-1.15038	-0.929065	-0.633409	-0.30559	0.00845141	0.257891	0.392417	0.380982	0.23223	
-0.00716178	-0.0174232	-0.0136859	-0.00569782	-0.0209341	-0.0352007	-0.0377886	-0.0517262	-0.0551989	-0.0449146	-0.0384635	-0.0462686	-0.0775741	-0.151014	-0.240879	-0.310027	-0.364901	-0.39439	-0.409167	-0.389631	-0.304862	-0.156325	0.0581906	0.343395	0.660664	0.96481	1.19155	1.34	1.39341	1.3347	1.14993	0.850494	0.493417	0.113607	-0.232657	-0.52612	-0.719721	-0.803409	-0.774038	-0.662155	-0.509295	-0.355715	-0.22176	-0.129775	-0.0606491	-0.0262703	-0.00363663	0.0089453	0.0135429	0.0185667	0.0239863	0.02648	0.0270877	0.0326343	0.0280118	0.0265386	0.02449	0.0222408	0.029314	0.0349241	0.0385405	0.0414849	0.0477619	0.0441577	0.0304662	0.0378685	0.055985	0.0659836	0.078062	0.0836954	0.0753385	0.0645075	0.0596293	0.0781695	0.136515	0.221143	0.303295	0.363949	0.402194	0.425596	0.423302	0.367226	0.243947	0.0551333	-0.20154	-0.513348	-0.82956	-1.09134	-1.27191	-1.36582	-1.35722	-1.22514	-0.975079	-0.648303	-0.300951	0.0157127	0.257095	0.383274	0.369536	0.224803	
0.00957839	0.000465396	-0.0102938	-0.0127624	-0.0322306	-0.0571361	-0.0639287	-0.0551989	-0.038846	-0.0364068	-0.0514943	-0.0730573	-0.120775	-0.217428	-0.310227	-0.37856	-0.417451	-0.416938	-0.387587	-0.324311	-0.21827	-0.0601674	0.167215	0.447697	0.759848	1.04837	1.26987	1.41224	1.45712	1.38555	1.17647	0.855058	0.475416	0.0926675	-0.254625	-0.540262	-0.741607	-0.834501	-0.821565	-0.719226	-0.566953	-0.40741	-0.261948	-0.154363	-0.0778992	-0.0276671	-0.00269879	0.0170366	0.0236655	0.0277954	0.0294622	0.0298412	0.0271896	0.0276503	0.0258281	0.0268647	0.030779	0.0304579	0.037788	0.0479628	0.0501819	0.0434494	0.0404204	0.0424762	0.0415358	0.0526239	0.0748266	0.0893623	0.0886282	0.07273	0.06409	0.0760306	0.0920609	0.125448	0.202716	0.299553	0.377019	0.424665	0.439617	0.419989	0.369772	0.283498	0.146053	-0.0525586	-0.312986	-0.617559	-0.921149	-1.17314	-1.34755	-1.43473	-1.4147	-1.26437	-0.991513	-0.645594	-0.291945	0.0162306	0.241971	0.356532	0.342198	0.207943	
0.0103581	0.00812472	-0.00905751	-0.0211092	-0.0459488	-0.0697722	-0.0624692	-0.0449146	-0.0364068	-0.0528089	-0.087868	-0.128107	-0.194834	-0.288891	-0.370159	-0.424001	-0.439379	-0.403403	-0.323897	-0.222635	-0.0980753	0.0717586	0.301541	0.566797	0.855225	1.11788	1.33033	1.45876	1.49003	1.3978	1.17002	0.837142	0.450299	0.0760362	-0.263545	-0.537487	-0.742123	-0.84504	-0.848442	-0.758207	-0.61113	-0.445544	-0.293895	-0.172166	-0.0888452	-0.0319008	-0.00152712	0.0173431	0.0254523	0.0289407	0.0299016	0.0277934	0.0257669	0.0283085	0.0270696	0.0318084	0.0448183	0.0469756	0.0484091	0.0500054	0.0471241	0.0414691	0.0394081	0.0502072	0.0626875	0.0765888	0.0940374	0.0956153	0.0788092	0.0639886	0.0720827	0.10335	0.141616	0.196549	0.282331	0.371728	0.435127	0.466055	0.450951	0.383997	0.288171	0.174937	0.0236284	-0.18267	-0.43719	-0.719605	-0.998486	-1.2351	-1.39975	-1.47382	-1.43585	-1.2674	-0.981042	-0.630281	-0.283541	0.00717873	0.212536	0.314241	0.301508	0.183294	
-0.00182604	-0.0158079	-0.0315429	-0.0374723	-0.0455916	-0.0438256	-0.0366063	-0.0384635	-0.0514943	-0.087868	-0.14628	-0.215938	-0.286243	-0.359886	-0.417401	-0.44803	-0.43258	-0.35253	-0.230641	-0.095981	0.0480014	0.229539	0.450056	0.691074	0.94054	1.17777	1.37123	1.4834	1.49144	1.3779	1.13991	0.806591	0.430878	0.0689344	-0.252522	-0.519184	-0.721777	-0.839137	-0.858904	-0.785471	-0.646603	-0.481081	-0.322302	-0.193702	-0.101043	-0.040495	-0.00858792	0.0114678	0.0176742	0.0212101	0.0248601	0.0290581	0.030725	0.0394399	0.0465339	0.0444644	0.0519363	0.0542965	0.0486286	0.0441177	0.0419676	0.0434739	0.0529172	0.0759741	0.0907811	0.0908538	0.09191	0.0854729	0.0737142	0.0754086	0.0982918	0.146655	0.213095	0.285015	0.359961	0.42826	0.473492	0.480076	0.42735	0.316706	0.183638	0.0453663	-0.120513	-0.328509	-0.564702	-0.813174	-1.06019	-1.27694	-1.42611	-1.47971	-1.41946	-1.23673	-0.949006	-0.608318	-0.280195	-0.0131839	0.169775	0.259097	0.250384	0.152683	
-0.0264322	-0.0449266	-0.0553385	-0.0510035	-0.0331911	-0.0208548	-0.0292281	-0.0462686	-0.0730573	-0.128107	-0.215938	-0.300892	-0.36405	-0.415536	-0.448531	-0.455697	-0.39963	-0.283439	-0.128811	0.0356289	0.203935	0.390694	0.596516	0.801088	1.01437	1.22017	1.3922	1.47914	1.46105	1.32967	1.09098	0.772757	0.416659	0.0763554	-0.230974	-0.48705	-0.694845	-0.824805	-0.867209	-0.814128	-0.688724	-0.528083	-0.367097	-0.228456	-0.130936	-0.0577272	-0.0197011	0.00566669	0.0215712	0.0277454	0.0340248	0.0423781	0.0458443	0.0489075	0.057858	0.0542832	0.0491325	0.0447166	0.0397532	0.0431526	0.0550837	0.0694137	0.0791332	0.0932397	0.100954	0.0899449	0.0804663	0.0799658	0.0866863	0.105841	0.143767	0.21361	0.301534	0.37173	0.422451	0.465854	0.486085	0.457116	0.36556	0.222352	0.0604782	-0.102826	-0.280844	-0.479689	-0.685733	-0.89407	-1.1059	-1.29724	-1.42298	-1.44987	-1.36727	-1.17823	-0.902639	-0.585645	-0.285186	-0.0453	0.115514	0.194145	0.191826	0.117937	
-0.0257663	-0.0404195	-0.0467878	-0.046081	-0.0375108	-0.0355305	-0.0519489	-0.0775741	-0.120775	-0.194834	-0.286243	-0.36405	-0.413037	-0.436652	-0.444622	-0.413634	-0.320717	-0.182322	-0.00703434	0.183355	0.365888	0.548183	0.721566	0.888096	1.06077	1.23149	1.37178	1.4268	1.38278	1.24171	1.01411	0.723748	0.39601	0.0804914	-0.210758	-0.459982	-0.668637	-0.814042	-0.874021	-0.841805	-0.730207	-0.571193	-0.409227	-0.259117	-0.150141	-0.070429	-0.0182001	0.0103424	0.031821	0.044318	0.0503219	0.0545821	0.0560828	0.0499253	0.0473453	0.0423134	0.0435213	0.0491623	0.05224	0.0629067	0.0781509	0.0913969	0.0951436	0.096554	0.0960184	0.0838597	0.0783158	0.0909308	0.116507	0.157324	0.217383	0.300283	0.385892	0.4397	0.465923	0.480058	0.462556	0.39229	0.270323	0.106277	-0.0798089	-0.266013	-0.447349	-0.624253	-0.792943	-0.960298	-1.13455	-1.29271	-1.38666	-1.38429	-1.28466	-1.10038	-0.849861	-0.567265	-0.300245	-0.0883572	0.052172	0.122491	0.128678	0.0807503	
-0.0115486	-0.012458	-0.0186192	-0.0342321	-0.0383006	-0.0503171	-0.093848	-0.151014	-0.217428	-0.288891	-0.359886	-0.415536	-0.436652	-0.426102	-0.389066	-0.312885	-0.194318	-0.0436229	0.148113	0.353118	0.539023	0.699108	0.832831	0.961628	1.08957	1.21997	1.31657	1.33791	1.27392	1.13265	0.931147	0.673186	0.384534	0.0899459	-0.181186	-0.427246	-0.634966	-0.79222	-0.869918	-0.854008	-0.756232	-0.60079	-0.43267	-0.276996	-0.153828	-0.0678162	-0.0109812	0.0207531	0.0385614	0.0450432	0.0485767	0.0478376	0.0473562	0.0455159	0.0489167	0.0478544	0.0496305	0.0642043	0.0765723	0.0861774	0.0956312	0.102097	0.0966536	0.089276	0.089758	0.0857553	0.0910215	0.122361	0.172679	0.237262	0.309312	0.383247	0.449657	0.485429	0.48589	0.459191	0.395922	0.290803	0.149705	-0.0294631	-0.235989	-0.435766	-0.606839	-0.752408	-0.882663	-1.01033	-1.14278	-1.25886	-1.31543	-1.28687	-1.18028	-1.01294	-0.797959	-0.556567	-0.325498	-0.140546	-0.0175441	0.0470586	0.0634544	0.0425974	
0.00209472	0.0100761	0.00701709	-0.0155792	-0.0415986	-0.0889525	-0.165144	-0.240879	-0.310227	-0.370159	-0.417401	-0.448531	-0.444622	-0.389066	-0.30253	-0.190669	-0.0526329	0.114165	0.31999	0.532159	0.709503	0.839324	0.939842	1.02951	1.11465	1.19405	1.2445	1.23499	1.16174	1.03425	0.865259	0.648334	0.39538	0.12609	-0.132854	-0.372869	-0.584375	-0.752236	-0.847258	-0.852696	-0.769096	-0.624862	-0.457114	-0.298109	-0.170234	-0.0786662	-0.0171422	0.0145416	0.0352043	0.0426851	0.0433524	0.0450243	0.0468515	0.0452259	0.0551404	0.0674814	0.0749807	0.086689	0.0950544	0.0994723	0.0997711	0.0992504	0.0926918	0.0835914	0.0895642	0.103825	0.130865	0.185214	0.256663	0.33078	0.394716	0.446642	0.490653	0.504606	0.468911	0.394089	0.291155	0.163039	0.00784902	-0.184503	-0.401699	-0.598747	-0.747445	-0.85912	-0.95334	-1.04073	-1.12507	-1.19223	-1.21152	-1.16561	-1.06482	-0.925319	-0.752515	-0.555071	-0.359727	-0.199438	-0.0909284	-0.029587	-0.00175053	0.00468665	
0.00829776	0.0202977	0.00991287	-0.0342471	-0.084882	-0.150244	-0.232995	-0.310027	-0.37856	-0.424001	-0.44803	-0.455697	-0.413634	-0.312885	-0.190669	-0.053143	0.103617	0.284054	0.493543	0.696132	0.850429	0.953625	1.02062	1.07437	1.10921	1.13578	1.14119	1.11243	1.04257	0.940741	0.809062	0.633829	0.415575	0.16739	-0.0797938	-0.318776	-0.532298	-0.712251	-0.823975	-0.848879	-0.784184	-0.649126	-0.486377	-0.32585	-0.192061	-0.0982828	-0.0320832	0.003605	0.024258	0.0374742	0.0453302	0.0500233	0.0619501	0.0677418	0.0754262	0.0869887	0.0924129	0.102293	0.105412	0.100772	0.0954407	0.0911592	0.0863267	0.087419	0.113551	0.155611	0.205754	0.273162	0.347448	0.413316	0.460561	0.488825	0.503593	0.482527	0.404558	0.289683	0.160075	0.0145894	-0.154694	-0.353237	-0.56364	-0.741668	-0.862826	-0.943109	-1.00231	-1.04532	-1.07587	-1.09305	-1.08204	-1.03154	-0.949085	-0.84507	-0.71683	-0.562572	-0.400812	-0.262389	-0.16551	-0.105329	-0.0652874	-0.0320434	
-0.00663815	-0.014848	-0.0412227	-0.094923	-0.154753	-0.221228	-0.296019	-0.364901	-0.417451	-0.439379	-0.43258	-0.39963	-0.320717	-0.194318	-0.0526329	0.103617	0.272044	0.454479	0.648447	0.822239	0.953093	1.02889	1.06619	1.0778	1.06063	1.03607	1.00805	0.972504	0.920876	0.849874	0.758791	0.620633	0.434684	0.203904	-0.0348514	-0.273138	-0.491824	-0.681193	-0.810301	-0.854064	-0.806013	-0.683974	-0.521604	-0.360967	-0.217896	-0.11614	-0.0420266	0.00143538	0.0292424	0.0456125	0.0583701	0.067913	0.0789177	0.0894194	0.0979627	0.107145	0.10529	0.102727	0.099554	0.0907851	0.082677	0.0872004	0.103975	0.127591	0.174325	0.237016	0.297973	0.362913	0.426704	0.476768	0.503058	0.499935	0.472748	0.410305	0.2989	0.158468	0.00866666	-0.154233	-0.332367	-0.521367	-0.706952	-0.857169	-0.951993	-1.00285	-1.02373	-1.01706	-0.993046	-0.966953	-0.938104	-0.896587	-0.842111	-0.777017	-0.691933	-0.577603	-0.446231	-0.326877	-0.239195	-0.178521	-0.12593	-0.0669051	
-0.0440723	-0.0878915	-0.136088	-0.195489	-0.249756	-0.302668	-0.355454	-0.39439	-0.416938	-0.403403	-0.35253	-0.283439	-0.182322	-0.0436229	0.114165	0.284054	0.454479	0.621884	0.780701	0.922296	1.02669	1.0754	1.07684	1.04001	0.971836	0.90624	0.85765	0.830817	0.803459	0.768897	0.712915	0.610258	0.450222	0.236439	0.00398615	-0.233539	-0.455536	-0.653883	-0.795648	-0.857602	-0.823818	-0.713167	-0.553395	-0.389004	-0.239461	-0.126807	-0.0446009	0.00932826	0.0432834	0.0679843	0.083425	0.0938631	0.10399	0.106005	0.104825	0.105894	0.0970571	0.089602	0.0855041	0.085542	0.0947295	0.117114	0.155632	0.201291	0.261086	0.329438	0.387419	0.440398	0.487203	0.514139	0.508428	0.463304	0.391703	0.296712	0.165099	0.00592153	-0.163316	-0.337933	-0.509628	-0.671838	-0.822907	-0.9446	-1.01463	-1.03324	-1.00994	-0.951986	-0.880471	-0.82463	-0.792573	-0.771187	-0.749922	-0.723106	-0.677044	-0.598012	-0.493502	-0.390726	-0.310326	-0.24795	-0.182821	-0.0994282	
-0.0850347	-0.160486	-0.228333	-0.294792	-0.349869	-0.389312	-0.408086	-0.409167	-0.387587	-0.323897	-0.230641	-0.128811	-0.00703434	0.148113	0.31999	0.493543	0.648447	0.780701	0.899548	1.00503	1.07956	1.0935	1.05001	0.962585	0.852749	0.758855	0.707064	0.69598	0.698831	0.697169	0.67255	0.599619	0.461451	0.263748	0.0362902	-0.198025	-0.423167	-0.625218	-0.777989	-0.851244	-0.83053	-0.725819	-0.567614	-0.39741	-0.239413	-0.117947	-0.0277662	0.0304259	0.0664089	0.0881217	0.101385	0.104033	0.105991	0.104087	0.0927014	0.0898977	0.0840751	0.0828543	0.0940495	0.111435	0.139803	0.183721	0.239449	0.292459	0.350747	0.415689	0.465348	0.498877	0.516485	0.506875	0.46118	0.376928	0.272034	0.154937	0.00756352	-0.168597	-0.349805	-0.519798	-0.667701	-0.794355	-0.910667	-1.0047	-1.04649	-1.02638	-0.955905	-0.852743	-0.748243	-0.67945	-0.65718	-0.662582	-0.675152	-0.682895	-0.670276	-0.62151	-0.540481	-0.452216	-0.37767	-0.312779	-0.235408	-0.12932	
-0.10092	-0.202513	-0.28904	-0.362004	-0.414983	-0.437016	-0.427105	-0.389631	-0.324311	-0.222635	-0.095981	0.0356289	0.183355	0.353118	0.532159	0.696132	0.822239	0.922296	1.00503	1.07715	1.11795	1.09034	1.00083	0.873314	0.735666	0.634145	0.588946	0.601026	0.631996	0.658958	0.660743	0.610397	0.493116	0.306981	0.0875682	-0.146338	-0.370917	-0.578077	-0.738261	-0.824425	-0.814625	-0.721039	-0.564416	-0.395658	-0.232823	-0.10712	-0.0164369	0.0434293	0.074738	0.0909226	0.096207	0.0938947	0.0884013	0.0861496	0.0819262	0.0857161	0.0930534	0.108003	0.137109	0.17492	0.218474	0.268943	0.329825	0.386205	0.438116	0.488708	0.516255	0.516947	0.495156	0.44571	0.365551	0.253621	0.124721	-0.0120899	-0.173687	-0.357295	-0.532523	-0.680076	-0.795649	-0.887752	-0.971285	-1.03377	-1.03957	-0.97646	-0.863566	-0.729319	-0.610237	-0.544141	-0.540284	-0.574147	-0.617534	-0.654405	-0.669331	-0.646056	-0.585508	-0.510086	-0.440364	-0.372468	-0.283372	-0.156427	
-0.111644	-0.216071	-0.301149	-0.364813	-0.403874	-0.408822	-0.370655	-0.304862	-0.21827	-0.0980753	0.0480014	0.203935	0.365888	0.539023	0.709503	0.850429	0.953093	1.02669	1.07956	1.11795	1.11962	1.05037	0.927379	0.774116	0.63332	0.536228	0.509568	0.543861	0.599998	0.650873	0.671218	0.641693	0.537709	0.36598	0.148585	-0.0808074	-0.309728	-0.519378	-0.689668	-0.788398	-0.793256	-0.711732	-0.565907	-0.399069	-0.242416	-0.115835	-0.028052	0.0282498	0.0587186	0.0734308	0.079503	0.0800134	0.0821049	0.0870779	0.0917899	0.112857	0.138534	0.168112	0.210133	0.257837	0.31031	0.365948	0.424544	0.47094	0.50246	0.525077	0.519111	0.480569	0.420388	0.339215	0.234553	0.101354	-0.0494018	-0.202873	-0.367611	-0.539707	-0.691253	-0.808257	-0.892676	-0.953021	-1.00079	-1.02348	-0.987558	-0.885052	-0.743208	-0.596519	-0.480267	-0.427984	-0.445892	-0.505816	-0.574868	-0.634999	-0.67203	-0.670067	-0.627423	-0.563486	-0.497843	-0.426706	-0.326573	-0.180698	
-0.0940649	-0.18645	-0.252757	-0.291789	-0.308388	-0.288015	-0.230783	-0.156325	-0.0601674	0.0717586	0.229539	0.390694	0.548183	0.699108	0.839324	0.953625	1.02889	1.0754	1.0935	1.09034	1.05037	0.951635	0.808858	0.657127	0.526645	0.450282	0.443761	0.500236	0.577188	0.645788	0.682021	0.665939	0.575808	0.411237	0.199229	-0.033096	-0.263359	-0.481115	-0.660783	-0.77356	-0.794383	-0.725752	-0.588671	-0.427676	-0.268729	-0.142347	-0.0510168	0.00981406	0.0422473	0.0617451	0.0754822	0.0852091	0.097166	0.120669	0.141043	0.17079	0.209398	0.251635	0.304018	0.358527	0.410174	0.456584	0.499166	0.522925	0.521868	0.506689	0.464931	0.393589	0.304571	0.198517	0.0720204	-0.0803205	-0.246014	-0.402086	-0.5513	-0.695789	-0.816718	-0.9044	-0.959798	-0.985521	-0.990043	-0.967018	-0.891997	-0.762967	-0.610783	-0.469559	-0.368683	-0.335497	-0.374028	-0.455179	-0.544088	-0.622073	-0.676612	-0.69246	-0.665508	-0.611891	-0.549767	-0.475342	-0.364994	-0.202157	
-0.0518878	-0.102478	-0.131937	-0.137556	-0.129653	-0.0980896	-0.0307389	0.0581906	0.167215	0.301541	0.450056	0.596516	0.721566	0.832831	0.939842	1.02062	1.06619	1.07684	1.05001	1.00083	0.927379	0.808858	0.670174	0.529807	0.424254	0.368063	0.381989	0.454329	0.546717	0.628189	0.67551	0.6711	0.590563	0.435289	0.224543	-0.00551643	-0.24108	-0.46155	-0.650724	-0.774856	-0.807234	-0.750895	-0.620126	-0.459674	-0.30161	-0.165884	-0.0690528	0.000757291	0.0461257	0.0763547	0.100746	0.12461	0.147785	0.179153	0.213657	0.259345	0.309155	0.355405	0.406185	0.454288	0.492466	0.516403	0.529396	0.52007	0.483301	0.434732	0.365051	0.267443	0.152892	0.0237575	-0.120652	-0.281946	-0.445403	-0.585348	-0.705819	-0.818115	-0.909879	-0.969239	-0.991559	-0.975252	-0.931707	-0.866097	-0.764507	-0.627382	-0.482933	-0.360049	-0.280675	-0.26674	-0.32197	-0.418733	-0.522108	-0.613461	-0.681827	-0.71259	-0.699377	-0.655013	-0.595959	-0.518345	-0.398704	-0.220875	
0.00974032	0.0141088	0.0320906	0.0638692	0.0994187	0.158053	0.246935	0.343395	0.447697	0.566797	0.691074	0.801088	0.888096	0.961628	1.02951	1.07437	1.0778	1.04001	0.962585	0.873314	0.774116	0.657127	0.529807	0.414368	0.331383	0.295848	0.323464	0.407137	0.508836	0.599927	0.654606	0.660061	0.587904	0.440224	0.233777	0.0033947	-0.231288	-0.456142	-0.648696	-0.780089	-0.821374	-0.768584	-0.641726	-0.477432	-0.311428	-0.168753	-0.0595944	0.0210197	0.0753868	0.118548	0.15668	0.192516	0.231021	0.278284	0.319216	0.364096	0.413014	0.454285	0.491454	0.517789	0.529326	0.52218	0.501537	0.461924	0.396652	0.319786	0.224371	0.102486	-0.0342559	-0.17915	-0.327841	-0.479618	-0.623129	-0.73638	-0.826154	-0.908205	-0.970468	-0.99604	-0.977326	-0.914921	-0.82801	-0.733304	-0.623543	-0.496243	-0.372402	-0.273948	-0.216507	-0.218679	-0.2857	-0.392901	-0.506327	-0.607576	-0.686893	-0.730145	-0.728881	-0.69273	-0.63635	-0.555755	-0.427822	-0.236954	
0.067951	0.128098	0.19897	0.283029	0.363149	0.45127	0.557427	0.660664	0.759848	0.855225	0.94054	1.01437	1.06077	1.08957	1.11465	1.10921	1.06063	0.971836	0.852749	0.735666	0.63332	0.526645	0.424254	0.331383	0.270952	0.248931	0.28594	0.374305	0.482497	0.57793	0.639906	0.651207	0.588073	0.446961	0.244692	0.0175163	-0.218228	-0.441351	-0.637751	-0.772342	-0.817551	-0.769362	-0.639816	-0.471171	-0.296919	-0.139492	-0.0182491	0.0774524	0.148923	0.203544	0.252005	0.298212	0.337807	0.38361	0.424982	0.463903	0.498492	0.516906	0.528106	0.527409	0.508854	0.472339	0.424642	0.358169	0.264772	0.161108	0.0430769	-0.0971088	-0.244517	-0.388168	-0.522829	-0.650717	-0.766954	-0.852907	-0.913724	-0.96391	-0.98997	-0.973663	-0.910592	-0.808081	-0.692828	-0.588285	-0.488145	-0.383155	-0.285725	-0.211785	-0.173023	-0.18685	-0.261106	-0.374642	-0.494817	-0.603379	-0.69139	-0.745033	-0.754012	-0.725023	-0.670947	-0.587658	-0.452495	-0.250508	
0.12265	0.237282	0.360749	0.492034	0.612735	0.734512	0.860026	0.96481	1.04837	1.11788	1.17777	1.22017	1.23149	1.21997	1.19405	1.13578	1.03607	0.90624	0.758855	0.634145	0.536228	0.450282	0.368063	0.295848	0.248931	0.235321	0.274804	0.365194	0.474466	0.574568	0.639248	0.658323	0.600942	0.468172	0.270954	0.0472766	-0.183942	-0.406167	-0.598917	-0.73396	-0.779054	-0.727442	-0.595669	-0.417255	-0.23323	-0.0656647	0.0678746	0.172775	0.24975	0.311748	0.362636	0.406766	0.444461	0.480216	0.503326	0.51911	0.530648	0.526542	0.510852	0.482482	0.43901	0.374952	0.297219	0.204897	0.0883756	-0.0366661	-0.168303	-0.311287	-0.450767	-0.576859	-0.687118	-0.787438	-0.876701	-0.935401	-0.963746	-0.97465	-0.957042	-0.897074	-0.797096	-0.670515	-0.547029	-0.450816	-0.372406	-0.294929	-0.223516	-0.17034	-0.145504	-0.166708	-0.244695	-0.361682	-0.486288	-0.600259	-0.695135	-0.757285	-0.774844	-0.751933	-0.699796	-0.614166	-0.472881	-0.261654	
0.175787	0.341022	0.50988	0.680685	0.828489	0.962523	1.09084	1.19155	1.26987	1.33033	1.37123	1.3922	1.37178	1.31657	1.2445	1.14119	1.00805	0.85765	0.707064	0.588946	0.509568	0.443761	0.381989	0.323464	0.28594	0.274804	0.314756	0.402778	0.513391	0.613716	0.682943	0.705428	0.655599	0.528657	0.337121	0.11849	-0.110192	-0.326954	-0.519007	-0.651091	-0.695904	-0.643599	-0.507612	-0.325553	-0.135318	0.0392678	0.176826	0.284069	0.362221	0.416929	0.458732	0.490505	0.508506	0.525929	0.530674	0.525517	0.513575	0.482365	0.441053	0.386281	0.313415	0.22331	0.122809	0.00901946	-0.123953	-0.255424	-0.381902	-0.510911	-0.630376	-0.732584	-0.817069	-0.890188	-0.950491	-0.975964	-0.963858	-0.929594	-0.868956	-0.77487	-0.654993	-0.524478	-0.410853	-0.334985	-0.283019	-0.232022	-0.182373	-0.144709	-0.129168	-0.15443	-0.233857	-0.352482	-0.479951	-0.597892	-0.698085	-0.766995	-0.791483	-0.77353	-0.722968	-0.635394	-0.489129	-0.270502	
0.218938	0.421685	0.619805	0.809988	0.970314	1.11187	1.24073	1.34	1.41224	1.45876	1.4834	1.47914	1.4268	1.33791	1.23499	1.11243	0.972504	0.830817	0.69598	0.601026	0.543861	0.500236	0.454329	0.407137	0.374305	0.365194	0.402778	0.490023	0.599044	0.701464	0.771788	0.799029	0.753307	0.632078	0.444932	0.229039	0.00437274	-0.212014	-0.401178	-0.535293	-0.58123	-0.531034	-0.398264	-0.217144	-0.0296987	0.141215	0.273704	0.37367	0.440053	0.484652	0.511631	0.527239	0.528953	0.524247	0.506445	0.475731	0.438015	0.382656	0.313541	0.232656	0.138023	0.0257938	-0.0926061	-0.212241	-0.341364	-0.463051	-0.573119	-0.680629	-0.77647	-0.853963	-0.91157	-0.953412	-0.977226	-0.961362	-0.904928	-0.829319	-0.737774	-0.627746	-0.507837	-0.390459	-0.297997	-0.246922	-0.21999	-0.190708	-0.157158	-0.129949	-0.120039	-0.147199	-0.226828	-0.346085	-0.475366	-0.596133	-0.700264	-0.77427	-0.804039	-0.789894	-0.740536	-0.651451	-0.501372	-0.277147	
0.231921	0.448356	0.658253	0.858125	1.02323	1.16638	1.29744	1.39341	1.45712	1.49003	1.49144	1.46105	1.38278	1.27392	1.16174	1.04257	0.920876	0.803459	0.698831	0.631996	0.599998	0.577188	0.546717	0.508836	0.482497	0.474466	0.513391	0.599044	0.709227	0.81172	0.884058	0.913096	0.870092	0.751642	0.565404	0.351023	0.124499	-0.0915156	-0.284914	-0.421655	-0.474053	-0.429738	-0.303695	-0.12937	0.0507479	0.213746	0.336978	0.424541	0.479069	0.506207	0.515637	0.5111	0.490594	0.464477	0.421502	0.366252	0.303871	0.222305	0.130978	0.0301498	-0.0803286	-0.197421	-0.312394	-0.424412	-0.540715	-0.644005	-0.732048	-0.816229	-0.887422	-0.936878	-0.960988	-0.963307	-0.944034	-0.885693	-0.79198	-0.689833	-0.58667	-0.48016	-0.375924	-0.281423	-0.213714	-0.185893	-0.179114	-0.165568	-0.142757	-0.121995	-0.115229	-0.143139	-0.222513	-0.341935	-0.472303	-0.594928	-0.701719	-0.779205	-0.812608	-0.801095	-0.752568	-0.66243	-0.509719	-0.281666	
0.219987	0.423636	0.623265	0.816762	0.980875	1.12358	1.24761	1.3347	1.38555	1.3978	1.3779	1.32967	1.24171	1.13265	1.03425	0.940741	0.849874	0.768897	0.697169	0.658958	0.650873	0.645788	0.628189	0.599927	0.57793	0.574568	0.613716	0.701464	0.81172	0.915584	0.988737	1.01842	0.976823	0.857879	0.67216	0.454834	0.22711	0.00603097	-0.190902	-0.335027	-0.394215	-0.359257	-0.242095	-0.0784444	0.0911839	0.242212	0.351297	0.42528	0.461603	0.471256	0.460019	0.43399	0.389308	0.337386	0.273129	0.194393	0.110295	0.0132059	-0.0900108	-0.194588	-0.301565	-0.413038	-0.517697	-0.612488	-0.708468	-0.790977	-0.856495	-0.914495	-0.954482	-0.967279	-0.950224	-0.909473	-0.84994	-0.759338	-0.645143	-0.536464	-0.440439	-0.351592	-0.271004	-0.201491	-0.156388	-0.1471	-0.15464	-0.151325	-0.135028	-0.117939	-0.112861	-0.141115	-0.220283	-0.339735	-0.470649	-0.594262	-0.702493	-0.781873	-0.817261	-0.80719	-0.759116	-0.668398	-0.514248	-0.284114	
0.190633	0.368701	0.545657	0.717695	0.85846	0.979072	1.08487	1.14993	1.17647	1.17002	1.13991	1.09098	1.01411	0.931147	0.865259	0.809062	0.758791	0.712915	0.67255	0.660743	0.671218	0.682021	0.67551	0.654606	0.639906	0.639248	0.682943	0.771788	0.884058	0.988737	1.06158	1.09187	1.04799	0.928953	0.739176	0.520238	0.287047	0.0622194	-0.141437	-0.291835	-0.359799	-0.333311	-0.228058	-0.0752936	0.0796009	0.214988	0.307909	0.361048	0.37817	0.366091	0.333026	0.284816	0.221678	0.152019	0.0677707	-0.0231492	-0.113222	-0.21291	-0.313277	-0.412249	-0.509457	-0.604948	-0.691359	-0.767775	-0.843285	-0.901223	-0.937057	-0.960188	-0.961028	-0.932165	-0.873971	-0.79705	-0.710937	-0.606326	-0.491336	-0.393614	-0.317065	-0.252051	-0.195762	-0.148075	-0.120626	-0.124459	-0.14114	-0.143783	-0.131055	-0.115921	-0.111822	-0.140494	-0.219805	-0.339331	-0.470353	-0.594134	-0.70261	-0.782314	-0.818039	-0.808208	-0.760209	-0.669393	-0.515003	-0.284522	
0.15722	0.299071	0.43805	0.571739	0.675695	0.7569	0.819986	0.850494	0.855058	0.837142	0.806591	0.772757	0.723748	0.673186	0.648334	0.633829	0.620633	0.610258	0.599619	0.610397	0.641693	0.665939	0.6711	0.660061	0.651207	0.658323	0.705428	0.799029	0.913096	1.01842	1.09187	1.1193	1.07458	0.95006	0.757862	0.532259	0.294244	0.0616851	-0.149828	-0.309542	-0.387413	-0.373726	-0.280087	-0.144079	-0.00417057	0.114284	0.18783	0.225151	0.223486	0.19366	0.144634	0.0825073	0.00433823	-0.0743903	-0.158164	-0.248912	-0.337389	-0.43077	-0.521146	-0.605597	-0.68696	-0.76643	-0.833266	-0.885845	-0.933014	-0.95748	-0.955998	-0.939169	-0.899141	-0.832473	-0.744065	-0.647753	-0.55434	-0.454153	-0.353623	-0.27709	-0.224384	-0.182529	-0.146539	-0.115235	-0.100112	-0.112462	-0.134406	-0.140038	-0.128994	-0.114857	-0.111516	-0.140968	-0.220928	-0.340656	-0.471388	-0.594536	-0.702074	-0.780535	-0.814947	-0.804157	-0.755853	-0.665422	-0.51199	-0.282894	
0.111563	0.207534	0.299429	0.38225	0.43238	0.466431	0.493248	0.493417	0.475416	0.450299	0.430878	0.416659	0.39601	0.384534	0.39538	0.415575	0.434684	0.450222	0.461451	0.493116	0.537709	0.575808	0.590563	0.587904	0.588073	0.600942	0.655599	0.753307	0.870092	0.976823	1.04799	1.07458	1.02347	0.895794	0.695882	0.46561	0.220098	-0.0197325	-0.238707	-0.406924	-0.493523	-0.488418	-0.40778	-0.282525	-0.157918	-0.0548989	0.0056991	0.0270323	0.0135368	-0.0247945	-0.0808895	-0.147301	-0.221804	-0.297628	-0.382236	-0.466786	-0.543956	-0.624157	-0.700412	-0.770166	-0.832316	-0.887933	-0.927564	-0.948391	-0.959353	-0.945004	-0.903954	-0.849265	-0.777221	-0.687838	-0.587528	-0.490652	-0.406743	-0.323589	-0.245084	-0.192249	-0.161556	-0.138266	-0.116881	-0.09651	-0.0893644	-0.106965	-0.131581	-0.138277	-0.127782	-0.114172	-0.111665	-0.142421	-0.223606	-0.343684	-0.473732	-0.595447	-0.700858	-0.776504	-0.807957	-0.795013	-0.746027	-0.656459	-0.505181	-0.279211	
