0.174029	0.339397	0.475194	0.558059	0.579543	0.558851	0.507657	0.408146	0.273294	0.147168	0.0452785	-0.0402732	-0.119394	-0.186093	-0.21841	-0.205024	-0.156939	-0.097178	-0.0429218	-0.00542868	0.015561	0.0243199	0.0248137	0.0223048	0.0181877	0.0142088	0.0111885	0.008435	0.00713529	0.0060359	0.00609449	0.00665558	0.00804168	0.010265	0.0134067	0.017322	0.022622	0.0282219	0.0349886	0.0417559	0.047453	0.05254	0.0538133	0.0509075	0.0442793	0.030287	0.0137187	-0.00259228	-0.014395	-0.0136346	0.00473272	0.0384228	0.0851941	0.135747	0.17667	0.202383	0.202834	0.177189	0.131479	0.0547753	-0.0432467	-0.128346	-0.202898	-0.284389	-0.348887	-0.371912	-0.37162	-0.363202	-0.327563	-0.253378	-0.163995	-0.0837615	-0.00846705	0.076071	0.163653	0.228263	0.248406	0.224041	0.173007	0.116879	0.0701713	0.037892	0.0185796	0.00833649	0.0034449	0.00131815	0.000469202	0.000155992	4.86091e-05	1.42414e-05	3.93373e-06	1.02696e-06	2.53962e-07	5.96125e-08	1.33065e-08	2.82934e-09	5.73967e-10	1.11247e-10	2.06141e-11	3.56264e-12	
0.339397	0.641696	0.893463	1.0606	1.11425	1.0788	0.970502	0.783808	0.552855	0.329499	0.137947	-0.0343072	-0.203404	-0.346292	-0.424632	-0.417764	-0.341954	-0.234919	-0.131479	-0.0527778	-0.00178615	0.0254343	0.0379256	0.0418728	0.0416158	0.0403437	0.0383312	0.0368916	0.0358171	0.0350331	0.035216	0.035217	0.0366402	0.0375003	0.0401949	0.0420942	0.0458559	0.0490804	0.0531778	0.0572021	0.0606473	0.0626611	0.0637234	0.0602769	0.0549922	0.045953	0.0348064	0.0243134	0.0202037	0.0277683	0.0529808	0.101202	0.170411	0.253483	0.327862	0.373666	0.37643	0.320559	0.216701	0.0826765	-0.0786653	-0.251334	-0.414547	-0.560399	-0.670469	-0.72544	-0.734557	-0.708047	-0.629425	-0.491668	-0.325843	-0.165325	-0.00898607	0.157627	0.321278	0.43986	0.477921	0.434661	0.340462	0.234114	0.143354	0.0790402	0.0395944	0.0181541	0.00766587	0.00299695	0.00108968	0.000369947	0.000117681	3.51833e-05	9.91357e-06	2.63912e-06	6.65272e-07	1.59123e-07	3.61805e-08	7.83362e-09	1.61765e-09	3.19057e-10	6.01406e-11	1.05608e-11	
0.475194	0.893463	1.22769	1.44775	1.53897	1.5083	1.36339	1.13573	0.859237	0.562434	0.277551	0.00307017	-0.257667	-0.472243	-0.599448	-0.612259	-0.528418	-0.389395	-0.24489	-0.124326	-0.0401015	0.0121775	0.0417416	0.056435	0.063896	0.0673702	0.0684288	0.069649	0.0692425	0.0698152	0.069503	0.0694733	0.0695371	0.0689166	0.0687807	0.0677154	0.0664334	0.0647698	0.062231	0.0590852	0.0565999	0.0523077	0.0504576	0.0492001	0.0489615	0.0534423	0.0614833	0.0740896	0.0926811	0.121715	0.160165	0.215286	0.283687	0.359748	0.431949	0.470987	0.465395	0.399935	0.261712	0.0775128	-0.136719	-0.380765	-0.618025	-0.810587	-0.955551	-1.04776	-1.06899	-1.01419	-0.889683	-0.7044	-0.478679	-0.238685	0.00353413	0.245035	0.465233	0.620611	0.673251	0.620645	0.4972	0.35145	0.22181	0.126206	0.0652634	0.0308839	0.013453	0.00542175	0.00203061	0.00070954	0.00023211	7.13053e-05	2.06283e-05	5.63389e-06	1.45594e-06	3.56753e-07	8.30436e-08	1.83957e-08	3.88419e-09	7.82875e-10	1.50709e-10	2.69852e-11	
0.558059	1.0606	1.44775	1.70465	1.83583	1.8164	1.66679	1.4446	1.15701	0.81336	0.440304	0.0664882	-0.269236	-0.541335	-0.708547	-0.749288	-0.674292	-0.523011	-0.35145	-0.198663	-0.0856967	-0.00997687	0.0334173	0.0582752	0.0712543	0.0776173	0.0816832	0.0833599	0.0845064	0.0852128	0.084907	0.0852022	0.0837552	0.0835401	0.0806103	0.0793998	0.0747904	0.0714055	0.0658109	0.0599788	0.0543271	0.0502871	0.0472228	0.0520942	0.0615011	0.0814377	0.110843	0.153152	0.200155	0.252871	0.306746	0.356103	0.404537	0.443846	0.479671	0.495805	0.466992	0.391347	0.247185	0.0280285	-0.234263	-0.517379	-0.793631	-1.02595	-1.2055	-1.32369	-1.34727	-1.26521	-1.10407	-0.884343	-0.609561	-0.294763	0.0287775	0.33132	0.586195	0.760767	0.825102	0.7745	0.638779	0.467633	0.306497	0.181251	0.097388	0.0478438	0.0216105	0.00901941	0.00349366	0.00126089	0.0004255	0.000134683	4.01012e-05	1.12603e-05	2.98885e-06	7.5154e-07	1.79368e-07	4.07065e-08	8.79895e-09	1.81428e-09	3.57039e-10	6.52385e-11	
0.579543	1.11425	1.53897	1.83583	1.99386	1.99536	1.88063	1.68039	1.39241	1.02005	0.579533	0.142488	-0.237042	-0.533396	-0.71909	-0.78789	-0.73415	-0.595838	-0.42001	-0.255085	-0.123708	-0.0364309	0.0162007	0.0451448	0.0589809	0.0655383	0.0695245	0.0697597	0.0720718	0.0711119	0.0721535	0.0716882	0.0710346	0.0713434	0.0695501	0.0699971	0.0686253	0.0689049	0.0691185	0.0714922	0.073695	0.0819265	0.0906096	0.107167	0.130611	0.16377	0.205909	0.259579	0.323375	0.38432	0.443286	0.480124	0.497734	0.496919	0.478332	0.455631	0.400862	0.296397	0.140918	-0.0824201	-0.356862	-0.64926	-0.943114	-1.20859	-1.41184	-1.53298	-1.54982	-1.45471	-1.2722	-1.02269	-0.703488	-0.326706	0.059979	0.404	0.674948	0.855952	0.930756	0.892941	0.761751	0.580377	0.396847	0.244893	0.137184	0.0701601	0.0329353	0.0142611	0.00572137	0.00213526	0.000744007	0.000242828	7.44556e-05	2.15048e-05	5.86504e-06	1.5138e-06	3.7052e-07	8.61613e-08	1.90687e-08	4.02268e-09	8.09325e-10	1.50907e-10	
0.558851	1.0788	1.5083	1.8164	1.99536	2.05851	2.0053	1.82204	1.52749	1.12663	0.659033	0.211852	-0.167754	-0.448508	-0.637806	-0.7263	-0.706498	-0.600599	-0.440908	-0.276743	-0.137938	-0.0442184	0.016262	0.0446839	0.0587294	0.0635042	0.0639578	0.0640566	0.0633795	0.062971	0.0632286	0.0632331	0.0645142	0.0653559	0.068747	0.071197	0.0782963	0.0850918	0.0970149	0.112115	0.131485	0.155663	0.186306	0.218605	0.257733	0.297365	0.34309	0.384647	0.433628	0.478523	0.520585	0.55086	0.546499	0.513468	0.442416	0.351429	0.254043	0.126956	-0.0355429	-0.242375	-0.498258	-0.781964	-1.07628	-1.35035	-1.55404	-1.66341	-1.67529	-1.58225	-1.38825	-1.10851	-0.75115	-0.335326	0.0856555	0.449786	0.72496	0.9069	0.992963	0.976389	0.863826	0.686676	0.490898	0.316652	0.185168	0.0986759	0.0481701	0.0216478	0.00899705	0.0034725	0.00124932	0.000420411	0.000132734	3.9428e-05	1.10471e-05	2.9263e-06	7.344e-07	1.74959e-07	3.96372e-08	8.55342e-09	1.75897e-09	3.34618e-10	
0.507657	0.970502	1.36339	1.66679	1.88063	2.0053	1.99289	1.82376	1.52793	1.13482	0.70552	0.290086	-0.0629508	-0.329225	-0.521974	-0.626859	-0.646755	-0.571049	-0.430277	-0.263482	-0.116604	-0.00393408	0.0653961	0.101845	0.11773	0.121923	0.119383	0.119015	0.11386	0.115082	0.112744	0.115004	0.117552	0.120707	0.128734	0.134907	0.148081	0.160872	0.180111	0.20144	0.230513	0.260626	0.300715	0.340518	0.386993	0.429733	0.472375	0.507807	0.531635	0.54781	0.546785	0.543982	0.516733	0.452344	0.348848	0.206177	0.0562765	-0.0931485	-0.252288	-0.435606	-0.6628	-0.922151	-1.18797	-1.43442	-1.61995	-1.7193	-1.73187	-1.64419	-1.44076	-1.13509	-0.755106	-0.330028	0.0938052	0.459502	0.734223	0.918176	1.01787	1.02789	0.943938	0.783318	0.585686	0.394981	0.241115	0.133866	0.0679412	0.0316797	0.013635	0.00544031	0.00202018	0.000700647	0.00022769	6.95324e-05	2.00069e-05	5.43707e-06	1.39862e-06	3.41239e-07	7.9113e-08	1.74579e-08	3.66855e-09	7.1179e-10	
0.408146	0.783808	1.13573	1.4446	1.68039	1.82204	1.82376	1.67132	1.40197	1.07257	0.717271	0.352761	0.0308957	-0.225713	-0.40975	-0.527905	-0.569693	-0.5167	-0.390754	-0.222262	-0.0603363	0.0728255	0.155486	0.205562	0.223777	0.228811	0.225721	0.220773	0.216138	0.213774	0.213173	0.215357	0.220253	0.227509	0.237672	0.251304	0.266459	0.286719	0.308227	0.33366	0.362226	0.392638	0.425639	0.460812	0.494465	0.530869	0.556337	0.578081	0.581787	0.569096	0.527341	0.466198	0.397929	0.305469	0.182619	0.0243748	-0.151301	-0.324971	-0.492939	-0.658095	-0.842978	-1.05148	-1.26113	-1.4578	-1.61843	-1.71153	-1.72197	-1.63221	-1.42229	-1.10724	-0.72966	-0.324559	0.0764397	0.430871	0.705499	0.89643	1.01285	1.0519	1.00219	0.867441	0.67779	0.477531	0.304092	0.175776	0.0926891	0.0448134	0.0199614	0.00822852	0.00315187	0.001126	0.000376429	0.000118119	3.48854e-05	9.72164e-06	2.56212e-06	6.39924e-07	1.51761e-07	3.4233e-08	7.34795e-09	1.45353e-09	
0.273294	0.552855	0.859237	1.15701	1.39241	1.52749	1.52793	1.40197	1.19267	0.942753	0.66107	0.35697	0.0738187	-0.155678	-0.32388	-0.440717	-0.487587	-0.456862	-0.344446	-0.179614	-0.00285513	0.144771	0.250456	0.311986	0.340494	0.348606	0.348119	0.340965	0.338497	0.332898	0.334717	0.336099	0.3423	0.352185	0.36283	0.380607	0.39681	0.420214	0.4423	0.468898	0.493877	0.520815	0.542687	0.565146	0.576386	0.585803	0.58496	0.570577	0.543584	0.500268	0.431509	0.330342	0.217661	0.101864	-0.0263051	-0.187248	-0.373875	-0.559478	-0.732252	-0.879524	-1.01072	-1.14838	-1.29103	-1.43432	-1.56478	-1.64346	-1.64069	-1.54322	-1.33924	-1.04198	-0.694428	-0.330805	0.032054	0.368349	0.645144	0.848805	0.984946	1.05325	1.0397	0.936957	0.763866	0.561495	0.372578	0.223999	0.12261	0.0614136	0.0282885	0.0120384	0.00475311	0.00174786	0.000600714	0.000193565	5.86438e-05	1.67487e-05	4.51991e-06	1.15506e-06	2.80071e-07	6.45487e-08	1.41459e-08	2.85163e-09	
0.147168	0.329499	0.562434	0.81336	1.02005	1.12663	1.13482	1.07257	0.942753	0.764023	0.545005	0.298458	0.0626588	-0.139589	-0.29471	-0.401443	-0.453896	-0.438352	-0.339348	-0.175973	0.0130568	0.18566	0.319226	0.403087	0.450551	0.469799	0.475516	0.473815	0.47131	0.468561	0.468937	0.470835	0.475921	0.483513	0.493311	0.505879	0.519938	0.535719	0.55251	0.568405	0.584077	0.595994	0.602345	0.603629	0.593562	0.569218	0.536078	0.486439	0.420316	0.347955	0.264067	0.149563	0.0107192	-0.136274	-0.275532	-0.424022	-0.601582	-0.782293	-0.940146	-1.05824	-1.13768	-1.20898	-1.2884	-1.37591	-1.46244	-1.51124	-1.48873	-1.3898	-1.21263	-0.96159	-0.666011	-0.354532	-0.0348621	0.280786	0.561308	0.781894	0.939978	1.03649	1.05836	0.99078	0.841079	0.643972	0.444637	0.277708	0.157618	0.0817093	0.0388841	0.0170677	0.00694039	0.00262499	0.000926773	0.000306435	9.51718e-05	2.78385e-05	7.68797e-06	2.00897e-06	4.9776e-07	1.17149e-07	2.61986e-08	5.37924e-09	
0.0452785	0.137947	0.277551	0.440304	0.579533	0.659033	0.70552	0.717271	0.66107	0.545005	0.38336	0.204802	0.0135488	-0.1777	-0.330713	-0.439441	-0.497478	-0.495531	-0.40598	-0.243024	-0.0375267	0.164843	0.330979	0.446711	0.518523	0.554948	0.572552	0.577739	0.579428	0.57899	0.579565	0.580853	0.583296	0.587376	0.591157	0.596439	0.600678	0.603398	0.606388	0.603596	0.599151	0.590498	0.571899	0.549505	0.517698	0.471011	0.413157	0.343019	0.248956	0.13917	0.0359968	-0.0807291	-0.222961	-0.383331	-0.539615	-0.676681	-0.81586	-0.959201	-1.08663	-1.1764	-1.21803	-1.23693	-1.25669	-1.27998	-1.30715	-1.31783	-1.28299	-1.19978	-1.0699	-0.884723	-0.652731	-0.394751	-0.116341	0.178443	0.462276	0.701312	0.882443	1.00558	1.06054	1.02884	0.90737	0.722273	0.51812	0.335722	0.197339	0.10576	0.0519426	0.0234933	0.00982981	0.00382047	0.00138446	0.000469356	0.000149317	4.46998e-05	1.26236e-05	3.37086e-06	8.52884e-07	2.04853e-07	4.67215e-08	9.76544e-09	
-0.0402732	-0.0343072	0.00307017	0.0664882	0.142488	0.211852	0.290086	0.352761	0.35697	0.298458	0.204802	0.0863508	-0.0881945	-0.278538	-0.434696	-0.541619	-0.60671	-0.612451	-0.530333	-0.375053	-0.158951	0.0643656	0.260974	0.405806	0.504286	0.558576	0.590765	0.60367	0.610911	0.613602	0.613411	0.615476	0.612678	0.614105	0.610579	0.607481	0.603189	0.592537	0.581502	0.564377	0.537552	0.510295	0.469595	0.419	0.366394	0.297026	0.216922	0.133415	0.0369371	-0.0921341	-0.226937	-0.351928	-0.484934	-0.631373	-0.774481	-0.891079	-0.99039	-1.08448	-1.17071	-1.23467	-1.25033	-1.22447	-1.18366	-1.13894	-1.10469	-1.08374	-1.0541	-1.00527	-0.934346	-0.821267	-0.654386	-0.44587	-0.2038	0.0706259	0.355389	0.611701	0.815727	0.963763	1.04884	1.05192	0.961562	0.794161	0.590873	0.39662	0.241131	0.133437	0.0675599	0.0314529	0.0135273	0.00539745	0.0020057	0.000696563	0.000226797	6.94288e-05	2.00351e-05	5.46288e-06	1.41047e-06	3.45503e-07	8.03117e-08	1.70769e-08	
-0.119394	-0.203404	-0.257667	-0.269236	-0.237042	-0.167754	-0.0629508	0.0308957	0.0738187	0.0626588	0.0135488	-0.0881945	-0.254578	-0.429493	-0.577123	-0.688569	-0.764004	-0.771685	-0.71348	-0.57188	-0.357438	-0.119779	0.0978849	0.275745	0.394725	0.474068	0.517016	0.542819	0.553587	0.561117	0.560826	0.560914	0.556839	0.549371	0.54327	0.527524	0.515351	0.494205	0.46806	0.441113	0.400461	0.354495	0.304533	0.233122	0.159059	0.0767981	-0.0275562	-0.137237	-0.238343	-0.354635	-0.48967	-0.617497	-0.729935	-0.843893	-0.960614	-1.04825	-1.10846	-1.16015	-1.20471	-1.23562	-1.22266	-1.15403	-1.05773	-0.957564	-0.878883	-0.842902	-0.834563	-0.830656	-0.818852	-0.772555	-0.665486	-0.500749	-0.29004	-0.0355354	0.246553	0.516901	0.742471	0.913714	1.02584	1.06148	1.00332	0.857989	0.66092	0.458864	0.288135	0.164427	0.0857168	0.0410289	0.0181182	0.00741385	0.0028223	0.00100312	0.000333965	0.000104455	3.07744e-05	8.56132e-06	2.25393e-06	5.62652e-07	1.332e-07	2.87936e-08	
-0.186093	-0.346292	-0.472243	-0.541335	-0.533396	-0.448508	-0.329225	-0.225713	-0.155678	-0.139589	-0.1777	-0.278538	-0.429493	-0.592022	-0.755364	-0.890368	-0.972602	-0.996794	-0.964437	-0.832057	-0.623647	-0.378549	-0.135726	0.0686485	0.211687	0.315843	0.370831	0.409144	0.426323	0.435174	0.439643	0.433773	0.431405	0.415243	0.403663	0.380406	0.353921	0.324663	0.282246	0.239323	0.188379	0.122978	0.060551	-0.016501	-0.107	-0.194675	-0.291792	-0.41146	-0.520137	-0.621963	-0.731293	-0.838542	-0.929975	-1.0034	-1.08205	-1.1469	-1.17687	-1.18682	-1.18337	-1.16904	-1.12247	-1.02058	-0.88781	-0.758567	-0.662234	-0.627954	-0.647451	-0.687492	-0.726018	-0.734737	-0.679169	-0.553083	-0.370066	-0.13531	0.140179	0.420132	0.664878	0.85762	0.993954	1.05932	1.03305	0.912745	0.726596	0.52092	0.337344	0.198247	0.106273	0.0522357	0.0236572	0.00991659	0.00386314	0.00140379	0.00047742	0.000152421	4.58062e-05	1.29903e-05	3.4843e-06	8.8568e-07	2.13374e-07	4.68572e-08	
-0.21841	-0.424632	-0.599448	-0.708547	-0.71909	-0.637806	-0.521974	-0.40975	-0.32388	-0.29471	-0.330713	-0.434696	-0.577123	-0.755364	-0.950798	-1.10641	-1.20508	-1.25588	-1.24292	-1.12735	-0.9393	-0.691056	-0.432699	-0.213108	-0.0424782	0.0765507	0.146622	0.194516	0.216207	0.228622	0.233531	0.226738	0.221668	0.202896	0.184601	0.157475	0.123178	0.0845545	0.0384395	-0.020668	-0.0749256	-0.151337	-0.224745	-0.302918	-0.39184	-0.484993	-0.566173	-0.661139	-0.760543	-0.842184	-0.92476	-1.00167	-1.06761	-1.11351	-1.15334	-1.18482	-1.18145	-1.14931	-1.09646	-1.0328	-0.955704	-0.841333	-0.702126	-0.573013	-0.481726	-0.458164	-0.501836	-0.576307	-0.652257	-0.702615	-0.689867	-0.598531	-0.441025	-0.226006	0.0393493	0.324096	0.584909	0.797332	0.95538	1.04744	1.05166	0.95803	0.786631	0.581371	0.387679	0.234282	0.128971	0.0650131	0.0301604	0.012936	0.00515122	0.0019117	0.000663466	0.000215998	6.61505e-05	1.91062e-05	5.21652e-06	1.34907e-06	3.30478e-07	7.36687e-08	
-0.205024	-0.417764	-0.612259	-0.749288	-0.78789	-0.7263	-0.626859	-0.527905	-0.440717	-0.401443	-0.439441	-0.541619	-0.688569	-0.890368	-1.10641	-1.28604	-1.41334	-1.50054	-1.51173	-1.43559	-1.27516	-1.03623	-0.779302	-0.548809	-0.35717	-0.230528	-0.141823	-0.0910435	-0.0623149	-0.0467233	-0.0439729	-0.0462333	-0.0589418	-0.0731881	-0.10036	-0.126274	-0.164432	-0.207295	-0.25066	-0.311141	-0.365559	-0.430231	-0.505098	-0.573868	-0.649766	-0.73155	-0.805846	-0.871327	-0.945898	-1.00667	-1.06189	-1.11251	-1.14914	-1.16041	-1.1579	-1.15204	-1.11245	-1.03711	-0.942855	-0.845503	-0.754777	-0.650517	-0.531218	-0.423768	-0.35009	-0.337616	-0.3955	-0.491503	-0.592101	-0.672119	-0.694355	-0.634827	-0.501708	-0.306417	-0.0539529	0.231022	0.504365	0.73447	0.912036	1.02783	1.06047	0.993969	0.840183	0.638996	0.438063	0.271823	0.153449	0.0792245	0.0375995	0.0164808	0.00670066	0.00253682	0.000897469	0.000297637	9.27982e-05	2.72714e-05	7.57218e-06	1.99056e-06	4.95391e-07	1.12007e-07	
-0.156939	-0.341954	-0.528418	-0.674292	-0.73415	-0.706498	-0.646755	-0.569693	-0.487587	-0.453896	-0.497478	-0.60671	-0.764004	-0.972602	-1.20508	-1.41334	-1.5834	-1.70309	-1.74753	-1.71666	-1.58327	-1.36702	-1.11843	-0.879864	-0.679047	-0.542826	-0.441691	-0.389768	-0.354188	-0.338261	-0.336155	-0.334336	-0.351784	-0.361173	-0.390725	-0.415326	-0.451075	-0.492112	-0.535208	-0.583392	-0.640002	-0.688357	-0.749595	-0.806629	-0.862672	-0.921459	-0.981418	-1.03142	-1.08089	-1.11398	-1.13625	-1.15326	-1.15834	-1.1372	-1.0876	-1.03479	-0.965533	-0.866605	-0.751386	-0.641738	-0.557781	-0.481479	-0.396144	-0.318447	-0.26508	-0.259639	-0.320824	-0.426117	-0.540862	-0.641087	-0.691613	-0.661368	-0.551998	-0.376314	-0.138602	0.142666	0.424891	0.670488	0.865594	1.00238	1.06097	1.02111	0.886822	0.692823	0.487484	0.310115	0.179263	0.0946617	0.0459	0.0205351	0.00851406	0.00328446	0.00118315	0.00039928	0.000126604	3.78187e-05	1.06685e-05	2.84807e-06	7.19439e-07	1.64846e-07	
-0.097178	-0.234919	-0.389395	-0.523011	-0.595838	-0.600599	-0.571049	-0.5167	-0.456862	-0.438352	-0.495531	-0.612451	-0.771685	-0.996794	-1.25588	-1.50054	-1.70309	-1.84935	-1.9327	-1.93525	-1.83572	-1.64637	-1.4118	-1.17115	-0.972176	-0.822754	-0.722748	-0.663607	-0.62845	-0.612211	-0.607008	-0.608432	-0.618348	-0.631639	-0.651309	-0.675534	-0.703949	-0.736222	-0.774257	-0.81186	-0.856673	-0.899392	-0.945548	-0.987986	-1.02982	-1.06596	-1.097	-1.11721	-1.14276	-1.15275	-1.13823	-1.11432	-1.07921	-1.02361	-0.941922	-0.857966	-0.770644	-0.668753	-0.560126	-0.459999	-0.39373	-0.35082	-0.302332	-0.252952	-0.216296	-0.212968	-0.269195	-0.374452	-0.495597	-0.609	-0.682145	-0.678661	-0.592441	-0.436057	-0.214121	0.0603276	0.347941	0.6067	0.817508	0.972815	1.05472	1.04029	0.926486	0.742154	0.535049	0.3484	0.205915	0.111055	0.0549415	0.0250557	0.0105806	0.00415406	0.00152193	0.000522055	0.000168166	5.10077e-05	1.46043e-05	3.95547e-06	1.01321e-06	2.3507e-07	
-0.0429218	-0.131479	-0.24489	-0.35145	-0.42001	-0.440908	-0.430277	-0.390754	-0.344446	-0.339348	-0.40598	-0.530333	-0.71348	-0.964437	-1.24292	-1.51173	-1.74753	-1.9327	-2.0492	-2.09257	-2.03163	-1.87398	-1.65565	-1.42405	-1.22059	-1.06844	-0.962618	-0.90117	-0.863881	-0.847189	-0.84082	-0.840936	-0.849548	-0.858306	-0.876126	-0.892845	-0.915718	-0.940094	-0.965934	-0.992719	-1.02348	-1.04593	-1.07698	-1.1003	-1.11823	-1.13538	-1.14692	-1.1336	-1.11529	-1.09257	-1.04783	-0.989027	-0.923554	-0.848142	-0.749081	-0.652787	-0.570057	-0.484531	-0.398581	-0.321289	-0.275835	-0.260685	-0.242936	-0.216476	-0.191808	-0.187015	-0.233446	-0.332624	-0.454887	-0.576364	-0.66728	-0.687848	-0.623946	-0.486343	-0.280508	-0.0151236	0.274751	0.544293	0.76904	0.940642	1.04325	1.05256	0.959418	0.786555	0.580012	0.385955	0.232872	0.128085	0.0645628	0.0299732	0.0128748	0.00513813	0.00191231	0.000665992	0.000217701	6.69785e-05	1.94437e-05	5.33739e-06	1.38506e-06	3.25081e-07	
-0.00542868	-0.0527778	-0.124326	-0.198663	-0.255085	-0.276743	-0.263482	-0.222262	-0.179614	-0.175973	-0.243024	-0.375053	-0.57188	-0.832057	-1.12735	-1.43559	-1.71666	-1.93525	-2.09257	-2.17777	-2.15322	-2.02724	-1.83192	-1.60565	-1.4064	-1.24902	-1.14185	-1.07731	-1.04017	-1.02196	-1.0159	-1.01387	-1.01972	-1.02606	-1.03607	-1.04946	-1.06169	-1.07695	-1.094	-1.10333	-1.12194	-1.12691	-1.13153	-1.13303	-1.12364	-1.10279	-1.0855	-1.05102	-1.00336	-0.95177	-0.881373	-0.803448	-0.72225	-0.642654	-0.55232	-0.464919	-0.398451	-0.338734	-0.280899	-0.22797	-0.200269	-0.204238	-0.208004	-0.197781	-0.181285	-0.173702	-0.208588	-0.298313	-0.418229	-0.544102	-0.648647	-0.690372	-0.647611	-0.528047	-0.338091	-0.0831992	0.206306	0.484314	0.721286	0.907196	1.02802	1.05905	0.986091	0.825839	0.621793	0.422119	0.2596	0.145401	0.074568	0.0351929	0.0153567	0.00622187	0.00234953	0.000829797	0.000274944	8.57075e-05	2.51999e-05	7.00382e-06	1.83941e-06	4.36349e-07	
0.015561	-0.00178615	-0.0401015	-0.0856967	-0.123708	-0.137938	-0.116604	-0.0603363	-0.00285513	0.0130568	-0.0375267	-0.158951	-0.357438	-0.623647	-0.9393	-1.27516	-1.58327	-1.83572	-2.03163	-2.15322	-2.16673	-2.08033	-1.90795	-1.6979	-1.50615	-1.3482	-1.24296	-1.1777	-1.14008	-1.12416	-1.11398	-1.11392	-1.11206	-1.11619	-1.11691	-1.12062	-1.12329	-1.12181	-1.12519	-1.11707	-1.11347	-1.1014	-1.08347	-1.06143	-1.03108	-0.989572	-0.941608	-0.885352	-0.817244	-0.75423	-0.67967	-0.598154	-0.522926	-0.457372	-0.384722	-0.3151	-0.270969	-0.238254	-0.206395	-0.173187	-0.156083	-0.170192	-0.187888	-0.188874	-0.177905	-0.167556	-0.191249	-0.270151	-0.385556	-0.513167	-0.627843	-0.687751	-0.664608	-0.562119	-0.387412	-0.143726	0.143348	0.427669	0.675203	0.87362	1.01033	1.06089	1.00714	0.860022	0.659971	0.45632	0.28558	0.162634	0.0847356	0.0405991	0.0179729	0.00738314	0.00282534	0.00101071	0.000339063	0.000106972	3.18213e-05	8.94504e-06	2.37513e-06	5.6895e-07	
0.0243199	0.0254343	0.0121775	-0.00997687	-0.0364309	-0.0442184	-0.00393408	0.0728255	0.144771	0.18566	0.164843	0.0643656	-0.119779	-0.378549	-0.691056	-1.03623	-1.36702	-1.64637	-1.87398	-2.02724	-2.08033	-2.02646	-1.8789	-1.68611	-1.50041	-1.34439	-1.24127	-1.17411	-1.13892	-1.12202	-1.11123	-1.11	-1.10297	-1.10332	-1.09502	-1.091	-1.0807	-1.06857	-1.0537	-1.03294	-1.00766	-0.979251	-0.940639	-0.901765	-0.853998	-0.800042	-0.745747	-0.682936	-0.612179	-0.549728	-0.485139	-0.418243	-0.354477	-0.308019	-0.263855	-0.216033	-0.188817	-0.175016	-0.162338	-0.144454	-0.133317	-0.150291	-0.175405	-0.184263	-0.177698	-0.165398	-0.179237	-0.247198	-0.356882	-0.484358	-0.606273	-0.681445	-0.676116	-0.589529	-0.429137	-0.196774	0.0863828	0.375113	0.631611	0.840895	0.991341	1.05921	1.02328	0.889286	0.694281	0.488076	0.310332	0.179414	0.0948278	0.0460596	0.0206582	0.00859313	0.00332818	0.00120449	0.000408628	0.000130329	3.91812e-05	1.11277e-05	2.98417e-06	7.21167e-07	
0.0248137	0.0379256	0.0417416	0.0334173	0.0162007	0.016262	0.0653961	0.155486	0.250456	0.319226	0.330979	0.260974	0.0978849	-0.135726	-0.432699	-0.779302	-1.11843	-1.4118	-1.65565	-1.83192	-1.90795	-1.8789	-1.75079	-1.57015	-1.38811	-1.2352	-1.12942	-1.06358	-1.02757	-1.01023	-0.999919	-0.994744	-0.987042	-0.979933	-0.968177	-0.954828	-0.937716	-0.915713	-0.892808	-0.861117	-0.829325	-0.790728	-0.745629	-0.69975	-0.649111	-0.590978	-0.538337	-0.488246	-0.425217	-0.375081	-0.326997	-0.279353	-0.237779	-0.209464	-0.184266	-0.153778	-0.140832	-0.140812	-0.13966	-0.130329	-0.121735	-0.13845	-0.167161	-0.181346	-0.178446	-0.165284	-0.171078	-0.228743	-0.332162	-0.458246	-0.585087	-0.672779	-0.683267	-0.611221	-0.463988	-0.242589	0.0357152	0.327253	0.591216	0.80985	0.972066	1.05504	1.03529	0.913929	0.724588	0.517001	0.333419	0.19538	0.104601	0.0514316	0.0233388	0.00981746	0.00384352	0.0014055	0.000481632	0.000155115	4.70754e-05	1.34932e-05	3.65081e-06	8.89236e-07	
0.0223048	0.0418728	0.056435	0.0582752	0.0451448	0.0446839	0.101845	0.205562	0.311986	0.403087	0.446711	0.405806	0.275745	0.0686485	-0.213108	-0.548809	-0.879864	-1.17115	-1.42405	-1.60565	-1.6979	-1.68611	-1.57015	-1.39625	-1.21841	-1.06	-0.955366	-0.884373	-0.848438	-0.830341	-0.817567	-0.814054	-0.800744	-0.795234	-0.776508	-0.761983	-0.739729	-0.713268	-0.686489	-0.6536	-0.615618	-0.583256	-0.538073	-0.498168	-0.457209	-0.411458	-0.36352	-0.325047	-0.281893	-0.247892	-0.219168	-0.188637	-0.160705	-0.147794	-0.140503	-0.122249	-0.115046	-0.12133	-0.12789	-0.124925	-0.116788	-0.130761	-0.160754	-0.178977	-0.179345	-0.166151	-0.165669	-0.214133	-0.311262	-0.435193	-0.565177	-0.662905	-0.687114	-0.628088	-0.492691	-0.281525	-0.00851499	0.284558	0.554606	0.781185	0.953371	1.04931	1.04391	0.934322	0.75086	0.542802	0.354462	0.210197	0.113813	0.0565679	0.0259352	0.0110178	0.00435453	0.00160699	0.000555564	0.000180465	5.52264e-05	1.59583e-05	4.35165e-06	1.0673e-06	
0.0181877	0.0416158	0.063896	0.0712543	0.0589809	0.0587294	0.11773	0.223777	0.340494	0.450551	0.518523	0.504286	0.394725	0.211687	-0.0424782	-0.35717	-0.679047	-0.972176	-1.22059	-1.4064	-1.50615	-1.50041	-1.38811	-1.21841	-1.03122	-0.871484	-0.756711	-0.682452	-0.642508	-0.621684	-0.609306	-0.603103	-0.592994	-0.583944	-0.570334	-0.553796	-0.53508	-0.512976	-0.486633	-0.461445	-0.428757	-0.398699	-0.364353	-0.331243	-0.29865	-0.267442	-0.240733	-0.218024	-0.18581	-0.164246	-0.150165	-0.135246	-0.119653	-0.114772	-0.11656	-0.105672	-0.102461	-0.112364	-0.12209	-0.122396	-0.114653	-0.12584	-0.155651	-0.176673	-0.179965	-0.167407	-0.162229	-0.202774	-0.293964	-0.415384	-0.547203	-0.652789	-0.688601	-0.640948	-0.515937	-0.313992	-0.0462919	0.247373	0.52227	0.755482	0.935984	1.04283	1.04986	0.950871	0.773146	0.565264	0.373139	0.223558	0.122237	0.0613231	0.0283664	0.0121537	0.00484295	0.00180139	0.000627541	0.000205357	6.32973e-05	1.84187e-05	5.05658e-06	1.24761e-06	
0.0142088	0.0403437	0.0673702	0.0776173	0.0655383	0.0635042	0.121923	0.228811	0.348606	0.469799	0.554948	0.558576	0.474068	0.315843	0.0765507	-0.230528	-0.542826	-0.822754	-1.06844	-1.24902	-1.3482	-1.34439	-1.2352	-1.06	-0.871484	-0.701364	-0.582144	-0.500692	-0.4581	-0.434115	-0.421556	-0.415135	-0.405206	-0.399387	-0.38522	-0.374358	-0.357666	-0.339733	-0.321972	-0.301421	-0.278646	-0.262583	-0.237185	-0.217621	-0.20015	-0.176735	-0.153669	-0.145282	-0.129576	-0.118863	-0.113579	-0.106717	-0.0982938	-0.097113	-0.104618	-0.099507	-0.0968629	-0.106899	-0.118812	-0.12181	-0.113959	-0.122301	-0.151446	-0.174527	-0.180289	-0.168692	-0.160138	-0.194132	-0.280013	-0.398886	-0.531634	-0.643211	-0.688548	-0.650529	-0.53436	-0.340412	-0.077683	0.215942	0.494598	0.73322	0.920506	1.03632	1.05377	0.963982	0.791545	0.58424	0.389185	0.235197	0.129663	0.0655594	0.0305536	0.0131849	0.00529011	0.00198081	0.000694481	0.000228679	7.09125e-05	2.07562e-05	5.73069e-06	1.42102e-06	
0.0111885	0.0383312	0.0684288	0.0816832	0.0695245	0.0639578	0.119383	0.225721	0.348119	0.475516	0.572552	0.590765	0.517016	0.370831	0.146622	-0.141823	-0.441691	-0.722748	-0.962618	-1.14185	-1.24296	-1.24127	-1.12942	-0.955366	-0.756711	-0.582144	-0.453228	-0.366917	-0.318768	-0.293312	-0.278579	-0.273259	-0.264898	-0.260231	-0.25223	-0.242696	-0.233534	-0.221795	-0.207594	-0.198028	-0.179397	-0.168755	-0.153918	-0.140782	-0.130342	-0.123312	-0.113163	-0.10998	-0.0988713	-0.0923583	-0.0943792	-0.0925426	-0.0873978	-0.0903411	-0.100389	-0.09584	-0.0935	-0.104457	-0.117153	-0.121494	-0.113769	-0.119866	-0.148079	-0.172583	-0.180376	-0.16984	-0.158943	-0.18774	-0.269141	-0.385685	-0.518788	-0.634784	-0.687642	-0.657454	-0.548511	-0.361185	-0.102804	0.190425	0.471898	0.714781	0.907421	1.03034	1.0562	0.974035	0.806181	0.599636	0.40239	0.244885	0.135905	0.0691526	0.0324237	0.0140732	0.00567805	0.0021375	0.000753313	0.000249301	7.76857e-05	2.2847e-05	6.33692e-06	1.57771e-06	
0.008435	0.0368916	0.069649	0.0833599	0.0697597	0.0640566	0.119015	0.220773	0.340965	0.473815	0.577739	0.60367	0.542819	0.409144	0.194516	-0.0910435	-0.389768	-0.663607	-0.90117	-1.07731	-1.1777	-1.17411	-1.06358	-0.884373	-0.682452	-0.500692	-0.366917	-0.274711	-0.224808	-0.195476	-0.182258	-0.175379	-0.169437	-0.166889	-0.160225	-0.156573	-0.149236	-0.143473	-0.135842	-0.130543	-0.120871	-0.118428	-0.109205	-0.103236	-0.0997063	-0.0921454	-0.0849716	-0.0883897	-0.0844563	-0.0822547	-0.0853819	-0.0876273	-0.0844905	-0.0845868	-0.0964317	-0.0960706	-0.0932192	-0.102508	-0.115504	-0.121346	-0.113929	-0.118268	-0.145534	-0.170951	-0.180303	-0.170763	-0.158319	-0.183219	-0.261104	-0.375725	-0.508869	-0.627967	-0.686434	-0.662237	-0.558851	-0.376662	-0.121785	0.170921	0.454402	0.700463	0.89711	1.02536	1.05762	0.981362	0.817184	0.611397	0.412592	0.252439	0.140811	0.0719961	0.0339131	0.0147849	0.00599056	0.00226439	0.000801195	0.000266165	8.32501e-05	2.45723e-05	6.83932e-06	1.70805e-06	
0.00713529	0.0358171	0.0692425	0.0845064	0.0720718	0.0633795	0.11386	0.216138	0.338497	0.47131	0.579428	0.610911	0.553587	0.426323	0.216207	-0.0623149	-0.354188	-0.62845	-0.863881	-1.04017	-1.14008	-1.13892	-1.02757	-0.848438	-0.642508	-0.4581	-0.318768	-0.224808	-0.170514	-0.14146	-0.126027	-0.120364	-0.114992	-0.113142	-0.110183	-0.106639	-0.104336	-0.100461	-0.0958796	-0.0948841	-0.0876123	-0.0875664	-0.0832113	-0.0808463	-0.0804357	-0.0807261	-0.0754551	-0.0812389	-0.078404	-0.0759896	-0.081784	-0.0832662	-0.0815189	-0.0853332	-0.0966999	-0.0944977	-0.0916296	-0.101768	-0.115186	-0.121402	-0.113891	-0.117113	-0.143818	-0.169816	-0.180191	-0.171406	-0.158024	-0.180278	-0.255702	-0.36894	-0.502001	-0.623088	-0.685339	-0.665273	-0.565737	-0.387125	-0.13475	0.157487	0.442278	0.690489	0.889851	1.02173	1.05838	0.986228	0.824669	0.619494	0.419675	0.257719	0.144259	0.0740052	0.0349704	0.0152922	0.00621425	0.00235556	0.000835723	0.000278369	8.72903e-05	2.5829e-05	7.20642e-06	1.80354e-06	
0.0060359	0.0350331	0.0698152	0.0852128	0.0711119	0.062971	0.115082	0.213774	0.332898	0.468561	0.57899	0.613602	0.561117	0.435174	0.228622	-0.0467233	-0.338261	-0.612211	-0.847189	-1.02196	-1.12416	-1.12202	-1.01023	-0.830341	-0.621684	-0.434115	-0.293312	-0.195476	-0.14146	-0.110059	-0.0954064	-0.0896762	-0.0847585	-0.0849983	-0.0821128	-0.0820124	-0.080105	-0.0797039	-0.0764299	-0.0786824	-0.0727394	-0.0758587	-0.0729983	-0.0710856	-0.0724211	-0.0733469	-0.0714433	-0.0758965	-0.0748186	-0.0742752	-0.0800277	-0.0843614	-0.0817803	-0.0823461	-0.095013	-0.0955059	-0.0924405	-0.101172	-0.114176	-0.121169	-0.114142	-0.116711	-0.142863	-0.169095	-0.180088	-0.171791	-0.157921	-0.178714	-0.252787	-0.365275	-0.498254	-0.620359	-0.68464	-0.666837	-0.56942	-0.392776	-0.141794	0.150152	0.435633	0.685004	0.885835	1.01967	1.05871	0.988823	0.828723	0.623914	0.423561	0.260628	0.146166	0.0751196	0.0355585	0.0155752	0.00633934	0.00240667	0.000855121	0.000285239	8.95696e-05	2.65395e-05	7.41434e-06	1.85772e-06	
0.00609449	0.035216	0.069503	0.084907	0.0721535	0.0632286	0.112744	0.213173	0.334717	0.468937	0.579565	0.613411	0.560826	0.439643	0.233531	-0.0439729	-0.336155	-0.607008	-0.84082	-1.0159	-1.11398	-1.11123	-0.999919	-0.817567	-0.609306	-0.421556	-0.278579	-0.182258	-0.126027	-0.0954064	-0.0804347	-0.0740212	-0.0704499	-0.0694882	-0.068298	-0.0677706	-0.0672633	-0.0670037	-0.0662414	-0.0676425	-0.065749	-0.0691674	-0.0676967	-0.069313	-0.0712536	-0.070537	-0.0662687	-0.075476	-0.0753479	-0.0738635	-0.0795827	-0.0821624	-0.08117	-0.0839162	-0.0956189	-0.0947839	-0.0915462	-0.100953	-0.114635	-0.12148	-0.113957	-0.116438	-0.142752	-0.169028	-0.18006	-0.17187	-0.157917	-0.178423	-0.252284	-0.364694	-0.497658	-0.619891	-0.68449	-0.66708	-0.570037	-0.393727	-0.142973	0.148929	0.434525	0.684088	0.885162	1.01933	1.05876	0.989253	0.829399	0.624651	0.42421	0.261114	0.146485	0.0753062	0.035657	0.0156226	0.0063603	0.00241523	0.000858373	0.000286391	8.99519e-05	2.66587e-05	7.44923e-06	1.86681e-06	
0.00665558	0.035217	0.0694733	0.0852022	0.0716882	0.0632331	0.115004	0.215357	0.336099	0.470835	0.580853	0.615476	0.560914	0.433773	0.226738	-0.0462333	-0.334336	-0.608432	-0.840936	-1.01387	-1.11392	-1.11	-0.994744	-0.814054	-0.603103	-0.415135	-0.273259	-0.175379	-0.120364	-0.0896762	-0.0740212	-0.0696256	-0.0645475	-0.0658885	-0.0645097	-0.0647779	-0.0653651	-0.0657811	-0.0637176	-0.0681895	-0.0623621	-0.0665394	-0.0653869	-0.0640639	-0.0663982	-0.0713017	-0.0708373	-0.0748864	-0.0733059	-0.072627	-0.0796139	-0.0834944	-0.0808465	-0.0833319	-0.095629	-0.094754	-0.0922843	-0.101653	-0.114429	-0.121113	-0.114055	-0.117009	-0.143381	-0.169369	-0.180095	-0.171701	-0.15801	-0.17938	-0.25418	-0.367193	-0.500215	-0.621701	-0.684917	-0.666029	-0.567611	-0.389996	-0.138296	0.153819	0.438964	0.687754	0.88785	1.02071	1.05856	0.987537	0.826703	0.621706	0.421616	0.259169	0.145209	0.0745591	0.0352623	0.0154325	0.00627619	0.00238084	0.000845308	0.00028176	8.84143e-05	2.61791e-05	7.30877e-06	1.83019e-06	
0.00804168	0.0366402	0.0695371	0.0837552	0.0710346	0.0645142	0.117552	0.220253	0.3423	0.475921	0.583296	0.612678	0.556839	0.431405	0.221668	-0.0589418	-0.351784	-0.618348	-0.849548	-1.01972	-1.11206	-1.10297	-0.987042	-0.800744	-0.592994	-0.405206	-0.264898	-0.169437	-0.114992	-0.0847585	-0.0704499	-0.0645475	-0.0607865	-0.0612223	-0.0591704	-0.0606172	-0.0597222	-0.0604634	-0.0610749	-0.062524	-0.0620248	-0.0671574	-0.0654942	-0.06834	-0.0712924	-0.0688677	-0.0645525	-0.0740765	-0.0745783	-0.0745085	-0.0799546	-0.0829216	-0.0817674	-0.0836775	-0.0954749	-0.095233	-0.0923632	-0.101608	-0.115334	-0.12169	-0.113819	-0.117602	-0.144819	-0.170379	-0.180205	-0.171217	-0.158225	-0.181667	-0.25854	-0.372794	-0.505899	-0.625712	-0.685821	-0.663587	-0.562052	-0.381507	-0.127724	0.164816	0.448912	0.69595	0.893831	1.02374	1.058	0.983602	0.820603	0.61508	0.415804	0.254827	0.142367	0.0729009	0.0343884	0.0150125	0.00609076	0.00230516	0.000816612	0.000271606	8.50489e-05	2.51311e-05	7.00233e-06	1.7504e-06	
