0.010265	0.0375003	0.0689166	0.0835401	0.0713434	0.0653559	0.120707	0.227509	0.352185	0.483513	0.587376	0.614105	0.549371	0.415243	0.202896	-0.0731881	-0.361173	-0.631639	-0.858306	-1.02606	-1.11619	-1.10332	-0.979933	-0.795234	-0.583944	-0.399387	-0.260231	-0.166889	-0.113142	-0.0849983	-0.0694882	-0.0658885	-0.0612223	-0.0623013	-0.0619256	-0.0617193	-0.0631898	-0.0637001	-0.0621752	-0.066586	-0.0618461	-0.0653997	-0.0643145	-0.0640159	-0.065471	-0.0703456	-0.071163	-0.0767723	-0.0739564	-0.0729258	-0.0803215	-0.0830504	-0.0801962	-0.0854759	-0.0974128	-0.0940074	-0.092543	-0.103591	-0.116198	-0.121134	-0.113677	-0.119254	-0.147073	-0.171698	-0.18028	-0.170485	-0.158697	-0.185445	-0.265488	-0.381547	-0.51465	-0.631752	-0.686975	-0.659531	-0.553154	-0.368093	-0.111175	0.181897	0.46428	0.708556	0.902952	1.02822	1.05689	0.977293	0.811023	0.604784	0.406837	0.248167	0.13803	0.0703811	0.0330656	0.0143792	0.00581213	0.00219183	0.000773773	0.000256494	8.00545e-05	2.35801e-05	6.55006e-06	1.63292e-06	
0.0134067	0.0401949	0.0687807	0.0806103	0.0695501	0.068747	0.128734	0.237672	0.36283	0.493311	0.591157	0.610579	0.54327	0.403663	0.184601	-0.10036	-0.390725	-0.651309	-0.876126	-1.03607	-1.11691	-1.09502	-0.968177	-0.776508	-0.570334	-0.38522	-0.25223	-0.160225	-0.110183	-0.0821128	-0.068298	-0.0645097	-0.0591704	-0.0619256	-0.0582868	-0.0608674	-0.0601136	-0.0600357	-0.0615937	-0.0626794	-0.0612126	-0.0674316	-0.0653451	-0.0677662	-0.071923	-0.0702976	-0.0666076	-0.074168	-0.0730253	-0.0754293	-0.0814376	-0.0837778	-0.0826617	-0.0853999	-0.096027	-0.0950119	-0.0940787	-0.104076	-0.117166	-0.121684	-0.113682	-0.121064	-0.150007	-0.173539	-0.180319	-0.169461	-0.159587	-0.190982	-0.275215	-0.393511	-0.526364	-0.639541	-0.68802	-0.653517	-0.540601	-0.349499	-0.0885342	0.20502	0.484926	0.725379	0.914968	1.03385	1.05491	0.968371	0.797859	0.590838	0.394816	0.239311	0.132304	0.067075	0.03134	0.0135574	0.00545236	0.00204618	0.000718965	0.000237241	7.37184e-05	2.16204e-05	5.98076e-06	1.48554e-06	
0.017322	0.0420942	0.0677154	0.0793998	0.0699971	0.071197	0.134907	0.251304	0.380607	0.505879	0.596439	0.607481	0.527524	0.380406	0.157475	-0.126274	-0.415326	-0.675534	-0.892845	-1.04946	-1.12062	-1.091	-0.954828	-0.761983	-0.553796	-0.374358	-0.242696	-0.156573	-0.106639	-0.0820124	-0.0677706	-0.0647779	-0.0606172	-0.0617193	-0.0608674	-0.0615377	-0.0620183	-0.0628898	-0.0627372	-0.0650244	-0.0634675	-0.066798	-0.0645183	-0.0667942	-0.0678305	-0.0689129	-0.0700674	-0.0781104	-0.0751775	-0.0753796	-0.0817539	-0.0830902	-0.0803028	-0.0879804	-0.0993832	-0.0938023	-0.093879	-0.106829	-0.119055	-0.120981	-0.113509	-0.124126	-0.153856	-0.17551	-0.180098	-0.16824	-0.161217	-0.19863	-0.287947	-0.408741	-0.540866	-0.648677	-0.688464	-0.645078	-0.523972	-0.3254	-0.0596708	0.234103	0.510644	0.746155	0.929542	1.04021	1.05166	0.956531	0.780983	0.573286	0.379883	0.228427	0.12533	0.0630809	0.0292707	0.0125786	0.00502665	0.00187488	0.00065488	0.000214856	6.63906e-05	1.93658e-05	5.32903e-06	1.31754e-06	
0.022622	0.0458559	0.0664334	0.0747904	0.0686253	0.0782963	0.148081	0.266459	0.39681	0.519938	0.600678	0.603189	0.515351	0.353921	0.123178	-0.164432	-0.451075	-0.703949	-0.915718	-1.06169	-1.12329	-1.0807	-0.937716	-0.739729	-0.53508	-0.357666	-0.233534	-0.149236	-0.104336	-0.080105	-0.0672633	-0.0653651	-0.0597222	-0.0631898	-0.0601136	-0.0620183	-0.062763	-0.0617949	-0.0637053	-0.0647751	-0.0628083	-0.0673113	-0.065967	-0.0674293	-0.0703387	-0.070792	-0.0715205	-0.0767986	-0.0720068	-0.07642	-0.0830304	-0.0842518	-0.0834937	-0.089394	-0.0975925	-0.0940255	-0.0967302	-0.108637	-0.119862	-0.120947	-0.114229	-0.127814	-0.15814	-0.177633	-0.179641	-0.166909	-0.163955	-0.208828	-0.303943	-0.42726	-0.557887	-0.658617	-0.687677	-0.633633	-0.502749	-0.295412	-0.0244598	0.269013	0.541159	0.770534	0.946233	1.04678	1.0466	0.94141	0.760268	0.552204	0.362228	0.215723	0.11728	0.0585164	0.0269273	0.0114796	0.00455238	0.00168547	0.000584525	0.000190449	5.84536e-05	1.69392e-05	4.63188e-06	1.1388e-06	
0.0282219	0.0490804	0.0647698	0.0714055	0.0689049	0.0850918	0.160872	0.286719	0.420214	0.535719	0.603398	0.592537	0.494205	0.324663	0.0845545	-0.207295	-0.492112	-0.736222	-0.940094	-1.07695	-1.12181	-1.06857	-0.915713	-0.713268	-0.512976	-0.339733	-0.221795	-0.143473	-0.100461	-0.0797039	-0.0670037	-0.0657811	-0.0604634	-0.0637001	-0.0600357	-0.0628898	-0.0617949	-0.0615281	-0.0641317	-0.0626781	-0.0638068	-0.0682936	-0.064903	-0.0691564	-0.0725697	-0.0708033	-0.0702321	-0.0769698	-0.0747973	-0.0795582	-0.0841255	-0.0834056	-0.0822725	-0.0917255	-0.100019	-0.0938422	-0.0976112	-0.11157	-0.121953	-0.120257	-0.114873	-0.132728	-0.163214	-0.17962	-0.178688	-0.165679	-0.168377	-0.222095	-0.32345	-0.449029	-0.577029	-0.668658	-0.684895	-0.618491	-0.476327	-0.259117	0.0171891	0.309543	0.576113	0.798078	0.964487	1.05291	1.03914	0.922608	0.735601	0.527716	0.342095	0.201452	0.108355	0.0535146	0.0243869	0.0102999	0.00404809	0.00148585	0.000511004	0.00016515	5.02907e-05	1.44624e-05	3.92545e-06	9.58814e-07	
0.0349886	0.0531778	0.062231	0.0658109	0.0691185	0.0970149	0.180111	0.308227	0.4423	0.55251	0.606388	0.581502	0.46806	0.282246	0.0384395	-0.25066	-0.535208	-0.774257	-0.965934	-1.094	-1.12519	-1.0537	-0.892808	-0.686489	-0.486633	-0.321972	-0.207594	-0.135842	-0.0958796	-0.0764299	-0.0662414	-0.0637176	-0.0610749	-0.0621752	-0.0615937	-0.0627372	-0.0637053	-0.0641317	-0.0662887	-0.0659432	-0.0683328	-0.0680535	-0.0677049	-0.0702616	-0.0693307	-0.0674032	-0.0750382	-0.0801657	-0.0742672	-0.0796603	-0.0837421	-0.084682	-0.0849369	-0.0940369	-0.099461	-0.093938	-0.100995	-0.114651	-0.122627	-0.119472	-0.117036	-0.138891	-0.168379	-0.181169	-0.177309	-0.16495	-0.175148	-0.23897	-0.346675	-0.473904	-0.597723	-0.677918	-0.679218	-0.598864	-0.444031	-0.216097	0.0652967	0.355389	0.615058	0.828247	0.983628	1.05782	1.02858	0.899715	0.70691	0.500008	0.319781	0.185905	0.098777	0.0482185	0.02173	0.00908033	0.00353232	0.00128377	0.000437302	0.000140025	4.22573e-05	1.2046e-05	3.24202e-06	7.85965e-07	
0.0417559	0.0572021	0.0590852	0.0599788	0.0714922	0.112115	0.20144	0.33366	0.468898	0.568405	0.603596	0.564377	0.441113	0.239323	-0.020668	-0.311141	-0.583392	-0.81186	-0.992719	-1.10333	-1.11707	-1.03294	-0.861117	-0.6536	-0.461445	-0.301421	-0.198028	-0.130543	-0.0948841	-0.0786824	-0.0676425	-0.0681895	-0.062524	-0.066586	-0.0626794	-0.0650244	-0.0647751	-0.0626781	-0.0659432	-0.0632954	-0.0640569	-0.0671939	-0.0661085	-0.0692537	-0.0733351	-0.0756101	-0.0767798	-0.0761237	-0.0736926	-0.0825209	-0.0863595	-0.0842034	-0.0859156	-0.0979267	-0.0995044	-0.0938357	-0.104319	-0.117874	-0.123635	-0.119023	-0.120097	-0.145998	-0.173654	-0.182188	-0.175474	-0.165238	-0.185107	-0.260008	-0.373737	-0.501588	-0.619182	-0.685323	-0.669631	-0.573881	-0.405146	-0.165969	0.119777	0.406133	0.657448	0.860392	1.00285	1.06062	1.01419	0.872343	0.674192	0.469342	0.295644	0.169407	0.0887822	0.0427754	0.0190372	0.00786018	0.00302259	0.00108636	0.000366096	0.000116008	3.46564e-05	9.78232e-06	2.60782e-06	6.26897e-07	
0.047453	0.0606473	0.0565999	0.0543271	0.073695	0.131485	0.230513	0.362226	0.493877	0.584077	0.599151	0.537552	0.400461	0.188379	-0.0749256	-0.365559	-0.640002	-0.856673	-1.02348	-1.12194	-1.11347	-1.00766	-0.829325	-0.615618	-0.428757	-0.278646	-0.179397	-0.120871	-0.0876123	-0.0727394	-0.065749	-0.0623621	-0.0620248	-0.0618461	-0.0612126	-0.0634675	-0.0628083	-0.0638068	-0.0683328	-0.0640569	-0.0725209	-0.0701596	-0.0705513	-0.0745785	-0.0740526	-0.0676667	-0.0746487	-0.0783747	-0.0781449	-0.0863891	-0.0849723	-0.0853655	-0.0894853	-0.0982459	-0.0985329	-0.0967924	-0.108823	-0.12054	-0.123875	-0.118669	-0.12488	-0.154392	-0.178545	-0.182229	-0.173385	-0.167423	-0.199213	-0.285673	-0.404604	-0.531571	-0.640367	-0.689611	-0.655018	-0.54261	-0.358941	-0.108441	0.180394	0.461226	0.702624	0.893737	1.02119	1.06032	0.995196	0.840158	0.637535	0.436064	0.270097	0.152309	0.0786149	0.0373306	0.0163849	0.00667566	0.00253444	0.000899738	0.000299608	9.38471e-05	2.77224e-05	7.73997e-06	2.04166e-06	4.86214e-07	
0.05254	0.0626611	0.0523077	0.0502871	0.0819265	0.155663	0.260626	0.392638	0.520815	0.595994	0.590498	0.510295	0.354495	0.122978	-0.151337	-0.430231	-0.688357	-0.899392	-1.04593	-1.12691	-1.1014	-0.979251	-0.790728	-0.583256	-0.398699	-0.262583	-0.168755	-0.118428	-0.0875664	-0.0758587	-0.0691674	-0.0665394	-0.0671574	-0.0653997	-0.0674316	-0.066798	-0.0673113	-0.0682936	-0.0680535	-0.0671939	-0.0701596	-0.0660373	-0.0692723	-0.0711796	-0.0698229	-0.0745606	-0.0842729	-0.0791185	-0.0789148	-0.0846491	-0.0855916	-0.0864429	-0.0910208	-0.103255	-0.0994738	-0.0973365	-0.113021	-0.123731	-0.123637	-0.119297	-0.131923	-0.163305	-0.182326	-0.181303	-0.171644	-0.172587	-0.218419	-0.316286	-0.43905	-0.56307	-0.659942	-0.689344	-0.634196	-0.50408	-0.304723	-0.043365	0.246727	0.519971	0.749814	0.927364	1.03757	1.05583	0.970861	0.802928	0.597151	0.400618	0.243605	0.13498	0.0685165	0.0320214	0.0138423	0.00555796	0.00208068	0.000728715	0.0002395	7.4073e-05	2.16129e-05	5.96223e-06	1.5546e-06	3.66422e-07	
0.0538133	0.0637234	0.0504576	0.0472228	0.0906096	0.186306	0.300715	0.425639	0.542687	0.602345	0.571899	0.469595	0.304533	0.060551	-0.224745	-0.505098	-0.749595	-0.945548	-1.07698	-1.13153	-1.08347	-0.940639	-0.745629	-0.538073	-0.364353	-0.237185	-0.153918	-0.109205	-0.0832113	-0.0729983	-0.0676967	-0.0653869	-0.0654942	-0.0643145	-0.0653451	-0.0645183	-0.065967	-0.064903	-0.0677049	-0.0661085	-0.0705513	-0.0692723	-0.0741133	-0.0748778	-0.0765355	-0.0784477	-0.0793734	-0.0744618	-0.0804556	-0.0893055	-0.0880387	-0.0884429	-0.0970867	-0.102686	-0.0956291	-0.103063	-0.119653	-0.124758	-0.123016	-0.121906	-0.140745	-0.172077	-0.184894	-0.179546	-0.170966	-0.182065	-0.243675	-0.351939	-0.476563	-0.594948	-0.676261	-0.682952	-0.605954	-0.457321	-0.241891	0.0291903	0.318129	0.581524	0.798118	0.960196	1.05071	1.04602	0.940503	0.760562	0.553397	0.363541	0.216673	0.117791	0.0587163	0.0269705	0.0114676	0.004532	0.0016709	0.000576646	0.000186842	5.69946e-05	1.64083e-05	4.46782e-06	1.15035e-06	2.68112e-07	
0.0509075	0.0602769	0.0492001	0.0520942	0.107167	0.218605	0.340518	0.460812	0.565146	0.603629	0.549505	0.419	0.233122	-0.016501	-0.302918	-0.573868	-0.806629	-0.987986	-1.1003	-1.13303	-1.06143	-0.901765	-0.69975	-0.498168	-0.331243	-0.217621	-0.140782	-0.103236	-0.0808463	-0.0710856	-0.069313	-0.0640639	-0.06834	-0.0640159	-0.0677662	-0.0667942	-0.0674293	-0.0691564	-0.0702616	-0.0692537	-0.0745785	-0.0711796	-0.0748778	-0.0748995	-0.0750912	-0.0756497	-0.0798103	-0.0794977	-0.0889386	-0.0903587	-0.0859371	-0.0899932	-0.0989369	-0.103339	-0.0994391	-0.108849	-0.122523	-0.125906	-0.123263	-0.126055	-0.151689	-0.18046	-0.185513	-0.177108	-0.172753	-0.197507	-0.275666	-0.392351	-0.516282	-0.625664	-0.687383	-0.668795	-0.569095	-0.401399	-0.170014	0.108872	0.393716	0.644893	0.846497	0.990983	1.05923	1.02974	0.903577	0.713163	0.506788	0.325461	0.189833	0.101102	0.0494214	0.0222817	0.00930646	0.00361553	0.00131125	0.000445397	0.000142116	4.2711e-05	1.21197e-05	3.25401e-06	8.26518e-07	1.90314e-07	
0.0442793	0.0549922	0.0489615	0.0615011	0.130611	0.257733	0.386993	0.494465	0.576386	0.593562	0.517698	0.366394	0.159059	-0.107	-0.39184	-0.649766	-0.862672	-1.02982	-1.11823	-1.12364	-1.03108	-0.853998	-0.649111	-0.457209	-0.29865	-0.20015	-0.130342	-0.0997063	-0.0804357	-0.0724211	-0.0712536	-0.0663982	-0.0712924	-0.065471	-0.071923	-0.0678305	-0.0703387	-0.0725697	-0.0693307	-0.0733351	-0.0740526	-0.0698229	-0.0765355	-0.0750912	-0.0745709	-0.0800242	-0.0854475	-0.0825309	-0.0883784	-0.0869403	-0.0878318	-0.0960491	-0.104946	-0.103036	-0.0991948	-0.115273	-0.127406	-0.125739	-0.123546	-0.134166	-0.164326	-0.186263	-0.183989	-0.175416	-0.178861	-0.220344	-0.314651	-0.436863	-0.556926	-0.653206	-0.691124	-0.645248	-0.522481	-0.335482	-0.0889283	0.194979	0.472353	0.708948	0.89376	1.01828	1.06163	1.00591	0.85974	0.661062	0.458004	0.287078	0.163619	0.0852463	0.040808	0.0180347	0.00739012	0.00281891	0.00100448	0.000335442	0.000105287	3.11421e-05	8.7012e-06	2.30128e-06	5.76085e-07	1.30935e-07	
0.030287	0.045953	0.0534423	0.0814377	0.16377	0.297365	0.429733	0.530869	0.585803	0.569218	0.471011	0.297026	0.0767981	-0.194675	-0.484993	-0.73155	-0.921459	-1.06596	-1.13538	-1.10279	-0.989572	-0.800042	-0.590978	-0.411458	-0.267442	-0.176735	-0.123312	-0.0921454	-0.0807261	-0.0733469	-0.070537	-0.0713017	-0.0688677	-0.0703456	-0.0702976	-0.0689129	-0.070792	-0.0708033	-0.0674032	-0.0756101	-0.0676667	-0.0745606	-0.0784477	-0.0756497	-0.0800242	-0.0891185	-0.083017	-0.0798327	-0.091121	-0.0898265	-0.0934029	-0.100109	-0.104274	-0.101277	-0.106067	-0.123325	-0.127949	-0.125531	-0.127747	-0.144938	-0.175868	-0.189437	-0.181573	-0.175768	-0.191134	-0.251946	-0.360439	-0.484294	-0.596665	-0.675093	-0.685176	-0.610803	-0.465075	-0.258913	0.00115701	0.286411	0.552677	0.772429	0.938534	1.04045	1.05634	0.973578	0.808922	0.604848	0.407884	0.24914	0.138548	0.070516	0.0330134	0.0142833	0.00573516	0.00214539	0.000750268	0.000246056	7.5891e-05	2.20699e-05	6.06572e-06	1.57878e-06	3.89152e-07	8.723e-08	
0.0137187	0.0348064	0.0614833	0.110843	0.205909	0.34309	0.472375	0.556337	0.58496	0.536078	0.413157	0.216922	-0.0275562	-0.291792	-0.566173	-0.805846	-0.981418	-1.097	-1.14692	-1.0855	-0.941608	-0.745747	-0.538337	-0.36352	-0.240733	-0.153669	-0.113163	-0.0849716	-0.0754551	-0.0714433	-0.0662687	-0.0708373	-0.0645525	-0.071163	-0.0666076	-0.0700674	-0.0715205	-0.0702321	-0.0750382	-0.0767798	-0.0746487	-0.0842729	-0.0793734	-0.0798103	-0.0854475	-0.083017	-0.0744749	-0.0892627	-0.0969507	-0.0911715	-0.0955368	-0.102687	-0.107116	-0.103013	-0.112237	-0.128842	-0.12951	-0.12667	-0.133041	-0.158272	-0.186946	-0.18942	-0.178468	-0.180297	-0.212218	-0.293152	-0.411936	-0.532859	-0.63311	-0.688444	-0.667267	-0.564152	-0.395988	-0.171321	0.0995422	0.381655	0.633138	0.833947	0.979242	1.05566	1.04183	0.932076	0.751398	0.545387	0.357396	0.212411	0.115089	0.0571449	0.0261307	0.0110542	0.00434415	0.00159185	0.000545741	0.000175584	5.31618e-05	1.51852e-05	4.10146e-06	1.04961e-06	2.54519e-07	5.62196e-08	
-0.00259228	0.0243134	0.0740896	0.153152	0.259579	0.384647	0.507807	0.578081	0.570577	0.486439	0.343019	0.133415	-0.137237	-0.41146	-0.661139	-0.871327	-1.03142	-1.11721	-1.1336	-1.05102	-0.885352	-0.682936	-0.488246	-0.325047	-0.218024	-0.145282	-0.10998	-0.0883897	-0.0812389	-0.0758965	-0.075476	-0.0748864	-0.0740765	-0.0767723	-0.074168	-0.0781104	-0.0767986	-0.0769698	-0.0801657	-0.0761237	-0.0783747	-0.0791185	-0.0744618	-0.0794977	-0.0825309	-0.0798327	-0.0892627	-0.101737	-0.0939046	-0.0893934	-0.099747	-0.108637	-0.105568	-0.105012	-0.123997	-0.133627	-0.127025	-0.128237	-0.144695	-0.17473	-0.193037	-0.185273	-0.177906	-0.192479	-0.243955	-0.343551	-0.467316	-0.580244	-0.663242	-0.690108	-0.635363	-0.504263	-0.314532	-0.072766	0.204937	0.478808	0.71205	0.891976	1.01407	1.06197	1.0167	0.881092	0.687843	0.483804	0.307599	0.177621	0.0936384	0.0452991	0.0202067	0.00834824	0.00320726	0.00114998	0.000386096	0.000121741	3.6148e-05	1.01322e-05	2.687e-06	6.75507e-07	1.61008e-07	3.50181e-08	
-0.014395	0.0202037	0.0926811	0.200155	0.323375	0.433628	0.531635	0.581787	0.543584	0.420316	0.248956	0.0369371	-0.238343	-0.520137	-0.760543	-0.945898	-1.08089	-1.14276	-1.11529	-1.00336	-0.817244	-0.612179	-0.425217	-0.281893	-0.18581	-0.129576	-0.0988713	-0.0844563	-0.078404	-0.0748186	-0.0753479	-0.0733059	-0.0745783	-0.0739564	-0.0730253	-0.0751775	-0.0720068	-0.0747973	-0.0742672	-0.0736926	-0.0781449	-0.0789148	-0.0804556	-0.0889386	-0.0883784	-0.091121	-0.0969507	-0.0939046	-0.0854164	-0.0950114	-0.110819	-0.10985	-0.105394	-0.115602	-0.131236	-0.130937	-0.127686	-0.137511	-0.160318	-0.187146	-0.192967	-0.181507	-0.183471	-0.21431	-0.287355	-0.401999	-0.523998	-0.623376	-0.683436	-0.676963	-0.587877	-0.430408	-0.220311	0.036088	0.315403	0.575665	0.787647	0.944818	1.04096	1.05736	0.979843	0.820805	0.619357	0.421447	0.259581	0.145431	0.0744985	0.0350698	0.0152424	0.00614302	0.00230469	0.000807752	0.000265317	8.19087e-05	2.38293e-05	6.54855e-06	1.70365e-06	4.20392e-07	9.8413e-08	2.10595e-08	
-0.0136346	0.0277683	0.121715	0.252871	0.38432	0.478523	0.54781	0.569096	0.500268	0.347955	0.13917	-0.0921341	-0.354635	-0.621963	-0.842184	-1.00667	-1.11398	-1.15275	-1.09257	-0.95177	-0.75423	-0.549728	-0.375081	-0.247892	-0.164246	-0.118863	-0.0923583	-0.0822547	-0.0759896	-0.0742752	-0.0738635	-0.072627	-0.0745085	-0.0729258	-0.0754293	-0.0753796	-0.07642	-0.0795582	-0.0796603	-0.0825209	-0.0863891	-0.0846491	-0.0893055	-0.0903587	-0.0869403	-0.0898265	-0.0911715	-0.0893934	-0.0950114	-0.113057	-0.113987	-0.105161	-0.10893	-0.124145	-0.13614	-0.132196	-0.131941	-0.149101	-0.176367	-0.195196	-0.189687	-0.180953	-0.197229	-0.248453	-0.34306	-0.465767	-0.578293	-0.658518	-0.689755	-0.646255	-0.52379	-0.342165	-0.113372	0.15379	0.428366	0.669843	0.858116	0.990546	1.05761	1.03994	0.930643	0.751977	0.547455	0.359814	0.214386	0.11638	0.0578574	0.0264716	0.0111977	0.00439762	0.00160951	0.000550857	0.000176848	5.34067e-05	1.52101e-05	4.09467e-06	1.04419e-06	2.52714e-07	5.8061e-08	1.22159e-08	
0.00473272	0.0529808	0.160165	0.306746	0.443286	0.520585	0.546785	0.527341	0.431509	0.264067	0.0359968	-0.226937	-0.48967	-0.731293	-0.92476	-1.06189	-1.13625	-1.13823	-1.04783	-0.881373	-0.67967	-0.485139	-0.326997	-0.219168	-0.150165	-0.113579	-0.0943792	-0.0853819	-0.081784	-0.0800277	-0.0795827	-0.0796139	-0.0799546	-0.0803215	-0.0814376	-0.0817539	-0.0830304	-0.0841255	-0.0837421	-0.0863595	-0.0849723	-0.0855916	-0.0880387	-0.0859371	-0.0878318	-0.0934029	-0.0955368	-0.099747	-0.110819	-0.113987	-0.10376	-0.105467	-0.12096	-0.137999	-0.137995	-0.12821	-0.140324	-0.168014	-0.191125	-0.196201	-0.184885	-0.187307	-0.22337	-0.29742	-0.409034	-0.530227	-0.62602	-0.681525	-0.678212	-0.595925	-0.442709	-0.239448	0.00557402	0.277964	0.540748	0.758934	0.921583	1.02695	1.0616	1.00812	0.869134	0.676005	0.474003	0.300458	0.172942	0.0908528	0.0437824	0.019448	0.00799822	0.0030578	0.00109072	0.0003642	0.000114181	3.3702e-05	9.38853e-06	2.47401e-06	6.17964e-07	1.46583e-07	3.30291e-08	6.82811e-09	
0.0384228	0.101202	0.215286	0.356103	0.480124	0.55086	0.543982	0.466198	0.330342	0.149563	-0.0807291	-0.351928	-0.617497	-0.838542	-1.00167	-1.11251	-1.15326	-1.11432	-0.989027	-0.803448	-0.598154	-0.418243	-0.279353	-0.188637	-0.135246	-0.106717	-0.0925426	-0.0876273	-0.0832662	-0.0843614	-0.0821624	-0.0834944	-0.0829216	-0.0830504	-0.0837778	-0.0830902	-0.0842518	-0.0834056	-0.084682	-0.0842034	-0.0853655	-0.0864429	-0.0884429	-0.0899932	-0.0960491	-0.100109	-0.102687	-0.108637	-0.10985	-0.105161	-0.105467	-0.121203	-0.137234	-0.139346	-0.129319	-0.134719	-0.161738	-0.185366	-0.196936	-0.192138	-0.184538	-0.20603	-0.265424	-0.3606	-0.480514	-0.590123	-0.662788	-0.687759	-0.645203	-0.524944	-0.344828	-0.122599	0.134878	0.40528	0.649186	0.840632	0.976034	1.05151	1.05052	0.960903	0.796173	0.594913	0.401108	0.244864	0.135986	0.0690531	0.0322221	0.0138816	0.00554504	0.00206179	0.00071613	0.000233096	7.13071e-05	2.05554e-05	5.59699e-06	1.44268e-06	3.5273e-07	8.19505e-08	1.80991e-08	3.67418e-09	
0.0851941	0.170411	0.283687	0.404537	0.497734	0.546499	0.516733	0.397929	0.217661	0.0107192	-0.222961	-0.484934	-0.729935	-0.929975	-1.06761	-1.14914	-1.15834	-1.07921	-0.923554	-0.72225	-0.522926	-0.354477	-0.237779	-0.160705	-0.119653	-0.0982938	-0.0873978	-0.0844905	-0.0815189	-0.0817803	-0.08117	-0.0808465	-0.0817674	-0.0801962	-0.0826617	-0.0803028	-0.0834937	-0.0822725	-0.0849369	-0.0859156	-0.0894853	-0.0910208	-0.0970867	-0.0989369	-0.104946	-0.104274	-0.107116	-0.105568	-0.105394	-0.10893	-0.12096	-0.137234	-0.138541	-0.132613	-0.133906	-0.154164	-0.180268	-0.19556	-0.197591	-0.187831	-0.194666	-0.242121	-0.324296	-0.434206	-0.551305	-0.639947	-0.683652	-0.672442	-0.588232	-0.433454	-0.230789	0.00739422	0.271685	0.531601	0.750349	0.912775	1.0192	1.06144	1.02229	0.898163	0.713538	0.511256	0.330953	0.194326	0.104005	0.0509957	0.023019	0.00960898	0.00372483	0.00134588	0.000454832	0.000144205	4.30137e-05	1.21013e-05	3.21856e-06	8.10989e-07	1.93971e-07	4.41151e-08	9.54423e-09	1.90157e-09	
0.135747	0.253483	0.359748	0.443846	0.496919	0.513468	0.452344	0.305469	0.101864	-0.136274	-0.383331	-0.631373	-0.843893	-1.0034	-1.11351	-1.16041	-1.1372	-1.02361	-0.848142	-0.642654	-0.457372	-0.308019	-0.209464	-0.147794	-0.114772	-0.097113	-0.0903411	-0.0845868	-0.0853332	-0.0823461	-0.0839162	-0.0833319	-0.0836775	-0.0854759	-0.0853999	-0.0879804	-0.089394	-0.0917255	-0.0940369	-0.0979267	-0.0982459	-0.103255	-0.102686	-0.103339	-0.103036	-0.101277	-0.103013	-0.105012	-0.115602	-0.124145	-0.137999	-0.139346	-0.132613	-0.134666	-0.147677	-0.175747	-0.196999	-0.199886	-0.191714	-0.189959	-0.22449	-0.297932	-0.396854	-0.512112	-0.614277	-0.67375	-0.683385	-0.63156	-0.50642	-0.322558	-0.101631	0.148508	0.41181	0.652354	0.84122	0.97326	1.04843	1.05387	0.975511	0.820902	0.623914	0.427939	0.265606	0.14983	0.0772018	0.0365167	0.015931	0.00643847	0.00242012	0.000849128	0.000279005	8.61065e-05	2.50273e-05	6.86765e-06	1.78315e-06	4.38977e-07	1.02657e-07	2.28434e-08	4.839e-09	9.45775e-10	
0.17667	0.327862	0.431949	0.479671	0.478332	0.442416	0.348848	0.182619	-0.0263051	-0.275532	-0.539615	-0.774481	-0.960614	-1.08205	-1.15334	-1.1579	-1.0876	-0.941922	-0.749081	-0.55232	-0.384722	-0.263855	-0.184266	-0.140503	-0.11656	-0.104618	-0.100389	-0.0964317	-0.0966999	-0.095013	-0.0956189	-0.095629	-0.0954749	-0.0974128	-0.096027	-0.0993832	-0.0975925	-0.100019	-0.099461	-0.0995044	-0.0985329	-0.0994738	-0.0956291	-0.0994391	-0.0991948	-0.106067	-0.112237	-0.123997	-0.131236	-0.13614	-0.137995	-0.129319	-0.133906	-0.147677	-0.173666	-0.199942	-0.200829	-0.191901	-0.190251	-0.21352	-0.277462	-0.36954	-0.477838	-0.586438	-0.661274	-0.685715	-0.657339	-0.562571	-0.400531	-0.194021	0.0409847	0.297258	0.549912	0.763051	0.919252	1.01983	1.06068	1.02626	0.909949	0.731413	0.530746	0.347955	0.206817	0.111971	0.0554952	0.0253017	0.0106604	0.00416824	0.00151824	0.000516939	0.000165047	4.95541e-05	1.40273e-05	3.75243e-06	9.5067e-07	2.2855e-07	5.22346e-08	1.13677e-08	2.35685e-09	4.51696e-10	
0.202383	0.373666	0.470987	0.495805	0.455631	0.351429	0.206177	0.0243748	-0.187248	-0.424022	-0.676681	-0.891079	-1.04825	-1.1469	-1.18482	-1.15204	-1.03479	-0.857966	-0.652787	-0.464919	-0.3151	-0.216033	-0.153778	-0.122249	-0.105672	-0.099507	-0.09584	-0.0960706	-0.0944977	-0.0955059	-0.0947839	-0.094754	-0.095233	-0.0940074	-0.0950119	-0.0938023	-0.0940255	-0.0938422	-0.093938	-0.0938357	-0.0967924	-0.0973365	-0.103063	-0.108849	-0.115273	-0.123325	-0.128842	-0.133627	-0.130937	-0.132196	-0.12821	-0.134719	-0.154164	-0.175747	-0.199942	-0.201219	-0.190013	-0.191959	-0.209637	-0.261558	-0.349478	-0.452566	-0.559745	-0.646422	-0.684611	-0.671356	-0.601824	-0.464722	-0.272848	-0.0501483	0.194335	0.448478	0.68003	0.859831	0.982275	1.04982	1.05271	0.976891	0.82689	0.63326	0.437949	0.274079	0.155851	0.0809144	0.0385455	0.016928	0.00688388	0.00260254	0.000918077	0.000303189	9.40153e-05	2.74481e-05	7.56364e-06	1.97166e-06	4.87205e-07	1.1434e-07	2.55298e-08	5.4319e-09	1.10187e-09	2.07005e-10	
0.202834	0.37643	0.465395	0.466992	0.400862	0.254043	0.0562765	-0.151301	-0.373875	-0.601582	-0.81586	-0.99039	-1.10846	-1.17687	-1.18145	-1.11245	-0.965533	-0.770644	-0.570057	-0.398451	-0.270969	-0.188817	-0.140832	-0.115046	-0.102461	-0.0968629	-0.0935	-0.0932192	-0.0916296	-0.0924405	-0.0915462	-0.0922843	-0.0923632	-0.092543	-0.0940787	-0.093879	-0.0967302	-0.0976112	-0.100995	-0.104319	-0.108823	-0.113021	-0.119653	-0.122523	-0.127406	-0.127949	-0.12951	-0.127025	-0.127686	-0.131941	-0.140324	-0.161738	-0.180268	-0.196999	-0.200829	-0.190013	-0.192718	-0.20964	-0.251319	-0.334654	-0.436674	-0.538672	-0.630053	-0.681581	-0.67955	-0.627072	-0.51414	-0.339615	-0.126967	0.106223	0.354136	0.595489	0.796397	0.939761	1.02815	1.06003	1.02158	0.905564	0.729391	0.53103	0.349488	0.208567	0.113371	0.0564067	0.0258124	0.0109138	0.00428152	0.00156441	0.000534248	0.000171056	5.1496e-05	1.46142e-05	3.91891e-06	9.95143e-07	2.3977e-07	5.49144e-08	1.19754e-08	2.49041e-09	4.94151e-10	9.09749e-11	
0.177189	0.320559	0.399935	0.391347	0.296397	0.126956	-0.0931485	-0.324971	-0.559478	-0.782293	-0.959201	-1.08448	-1.16015	-1.18682	-1.14931	-1.03711	-0.866605	-0.668753	-0.484531	-0.338734	-0.238254	-0.175016	-0.140812	-0.12133	-0.112364	-0.106899	-0.104457	-0.102508	-0.101768	-0.101172	-0.100953	-0.101653	-0.101608	-0.103591	-0.104076	-0.106829	-0.108637	-0.11157	-0.114651	-0.117874	-0.12054	-0.123731	-0.124758	-0.125906	-0.125739	-0.125531	-0.12667	-0.128237	-0.137511	-0.149101	-0.168014	-0.185366	-0.19556	-0.199886	-0.191901	-0.191959	-0.20964	-0.247814	-0.326185	-0.428259	-0.525554	-0.614979	-0.676741	-0.685335	-0.643034	-0.549117	-0.393965	-0.191698	0.0328903	0.27151	0.514113	0.730787	0.894316	1.00075	1.05429	1.04688	0.965428	0.814152	0.622214	0.429864	0.268912	0.152914	0.079411	0.0378461	0.0166303	0.00676719	0.00256023	0.000903832	0.000298718	9.27033e-05	2.70872e-05	7.47034e-06	1.94895e-06	4.81993e-07	1.1321e-07	2.52983e-08	5.38719e-09	1.09481e-09	2.1245e-10	3.83214e-11	
0.131479	0.216701	0.261712	0.247185	0.140918	-0.0355429	-0.252288	-0.492939	-0.732252	-0.940146	-1.08663	-1.17071	-1.20471	-1.18337	-1.09646	-0.942855	-0.751386	-0.560126	-0.398581	-0.280899	-0.206395	-0.162338	-0.13966	-0.12789	-0.12209	-0.118812	-0.117153	-0.115504	-0.115186	-0.114176	-0.114635	-0.114429	-0.115334	-0.116198	-0.117166	-0.119055	-0.119862	-0.121953	-0.122627	-0.123635	-0.123875	-0.123637	-0.123016	-0.123263	-0.123546	-0.127747	-0.133041	-0.144695	-0.160318	-0.176367	-0.191125	-0.196936	-0.197591	-0.191714	-0.190251	-0.209637	-0.251319	-0.326185	-0.425638	-0.519743	-0.604504	-0.671259	-0.689573	-0.653728	-0.571974	-0.435191	-0.245192	-0.0272707	0.202699	0.440582	0.66597	0.847288	0.970722	1.04096	1.05736	1.00717	0.884423	0.706901	0.511401	0.334799	0.198921	0.107728	0.053431	0.0243859	0.0102874	0.00402804	0.0014694	0.000501106	0.000160256	4.81968e-05	1.36664e-05	3.66221e-06	9.29416e-07	2.23826e-07	5.12428e-08	1.11712e-08	2.32267e-09	4.61222e-10	8.75204e-11	1.54651e-11	
0.0547753	0.0826765	0.0775128	0.0280285	-0.0824201	-0.242375	-0.435606	-0.658095	-0.879524	-1.05824	-1.1764	-1.23467	-1.23562	-1.16904	-1.0328	-0.845503	-0.641738	-0.459999	-0.321289	-0.22797	-0.173187	-0.144454	-0.130329	-0.124925	-0.122396	-0.12181	-0.121494	-0.121346	-0.121402	-0.121169	-0.12148	-0.121113	-0.12169	-0.121134	-0.121684	-0.120981	-0.120947	-0.120257	-0.119472	-0.119023	-0.118669	-0.119297	-0.121906	-0.126055	-0.134166	-0.144938	-0.158272	-0.17473	-0.187146	-0.195196	-0.196201	-0.192138	-0.187831	-0.189959	-0.21352	-0.261558	-0.334654	-0.428259	-0.519743	-0.600788	-0.667532	-0.692132	-0.660998	-0.585867	-0.463645	-0.28711	-0.0756729	0.147692	0.378266	0.605629	0.800404	0.939819	1.024	1.05794	1.0335	0.939215	0.781572	0.590231	0.403489	0.250088	0.141065	0.0727427	0.0344549	0.0150585	0.00609862	0.00229768	0.000808164	0.000266232	8.23836e-05	2.40104e-05	6.60672e-06	1.72015e-06	4.2464e-07	9.95781e-08	2.222e-08	4.72556e-09	9.59262e-10	1.86117e-10	3.45339e-11	5.97738e-12	
-0.0432467	-0.0786653	-0.136719	-0.234263	-0.356862	-0.498258	-0.6628	-0.842978	-1.01072	-1.13768	-1.21803	-1.25033	-1.22266	-1.12247	-0.955704	-0.754777	-0.557781	-0.39373	-0.275835	-0.200269	-0.156083	-0.133317	-0.121735	-0.116788	-0.114653	-0.113959	-0.113769	-0.113929	-0.113891	-0.114142	-0.113957	-0.114055	-0.113819	-0.113677	-0.113682	-0.113509	-0.114229	-0.114873	-0.117036	-0.120097	-0.12488	-0.131923	-0.140745	-0.151689	-0.164326	-0.175868	-0.186946	-0.193037	-0.192967	-0.189687	-0.184885	-0.184538	-0.194666	-0.22449	-0.277462	-0.349478	-0.436674	-0.525554	-0.604504	-0.667532	-0.692968	-0.664874	-0.593331	-0.4809	-0.316926	-0.112719	0.105576	0.328759	0.553218	0.756058	0.90935	1.00595	1.05284	1.0481	0.979424	0.84419	0.662971	0.471947	0.30453	0.17863	0.0956494	0.0469695	0.0212491	0.00889475	0.00345886	0.00125408	0.000425358	0.000135373	4.05367e-05	1.14497e-05	3.05745e-06	7.73492e-07	1.85746e-07	4.2415e-08	9.22512e-09	1.91398e-09	3.79341e-10	7.19143e-11	1.30479e-11	2.21215e-12	
-0.128346	-0.251334	-0.380765	-0.517379	-0.64926	-0.781964	-0.922151	-1.05148	-1.14838	-1.20898	-1.23693	-1.22447	-1.15403	-1.02058	-0.841333	-0.650517	-0.481479	-0.35082	-0.260685	-0.204238	-0.170192	-0.150291	-0.13845	-0.130761	-0.12584	-0.122301	-0.119866	-0.118268	-0.117113	-0.116711	-0.116438	-0.117009	-0.117602	-0.119254	-0.121064	-0.124126	-0.127814	-0.132728	-0.138891	-0.145998	-0.154392	-0.163305	-0.172077	-0.18046	-0.186263	-0.189437	-0.18942	-0.185273	-0.181507	-0.180953	-0.187307	-0.20603	-0.242121	-0.297932	-0.36954	-0.452566	-0.538672	-0.614979	-0.671259	-0.692132	-0.664874	-0.595696	-0.488891	-0.334587	-0.13799	0.0755919	0.292268	0.511208	0.716968	0.880787	0.988359	1.04517	1.05472	1.00723	0.894249	0.72714	0.537242	0.35999	0.219161	0.121667	0.0618629	0.0289395	0.0125097	0.00501721	0.00187395	0.000654057	0.000213983	6.58073e-05	1.90729e-05	5.22192e-06	1.35346e-06	3.32752e-07	7.77407e-08	1.72886e-08	3.66548e-09	7.4198e-10	1.43592e-10	2.66005e-11	4.71969e-12	7.83802e-13	
-0.202898	-0.414547	-0.618025	-0.793631	-0.943114	-1.07628	-1.18797	-1.26113	-1.29103	-1.2884	-1.25669	-1.18366	-1.05773	-0.88781	-0.702126	-0.531218	-0.396144	-0.302332	-0.242936	-0.208004	-0.187888	-0.175405	-0.167161	-0.160754	-0.155651	-0.151446	-0.148079	-0.145534	-0.143818	-0.142863	-0.142752	-0.143381	-0.144819	-0.147073	-0.150007	-0.153856	-0.15814	-0.163214	-0.168379	-0.173654	-0.178545	-0.182326	-0.184894	-0.185513	-0.183989	-0.181573	-0.178468	-0.177906	-0.183471	-0.197229	-0.22337	-0.265424	-0.324296	-0.396854	-0.477838	-0.559745	-0.630053	-0.676741	-0.689573	-0.660998	-0.593331	-0.488891	-0.34041	-0.150836	0.0575136	0.268358	0.480904	0.685603	0.855898	0.97238	1.03698	1.05656	1.02539	0.932493	0.781334	0.596886	0.414099	0.26104	0.149964	0.0788322	0.0380852	0.0169832	0.00701889	0.00269864	0.000968618	0.000325585	0.000102786	3.05562e-05	8.57442e-06	2.27617e-06	5.72768e-07	1.36878e-07	3.11182e-08	6.74087e-09	1.39342e-09	2.75238e-10	5.20185e-11	9.41775e-12	1.63426e-12	2.65866e-13	
-0.284389	-0.560399	-0.810587	-1.02595	-1.20859	-1.35035	-1.43442	-1.4578	-1.43432	-1.37591	-1.27998	-1.13894	-0.957564	-0.758567	-0.573013	-0.423768	-0.318447	-0.252952	-0.216476	-0.197781	-0.188874	-0.184263	-0.181346	-0.178977	-0.176673	-0.174527	-0.172583	-0.170951	-0.169816	-0.169095	-0.169028	-0.169369	-0.170379	-0.171698	-0.173539	-0.17551	-0.177633	-0.17962	-0.181169	-0.182188	-0.182229	-0.181303	-0.179546	-0.177108	-0.175416	-0.175768	-0.180297	-0.192479	-0.21431	-0.248453	-0.29742	-0.3606	-0.434206	-0.512112	-0.586438	-0.646422	-0.681581	-0.685335	-0.653728	-0.585867	-0.4809	-0.334587	-0.150836	0.0514562	0.25654	0.462728	0.663794	0.836514	0.959073	1.02955	1.05596	1.03662	0.960468	0.825176	0.64906	0.464635	0.302454	0.179412	0.097331	0.0484904	0.0222791	0.00947844	0.00374818	0.0013825	0.000477156	0.000154552	4.71051e-05	1.35425e-05	3.68081e-06	9.47742e-07	2.31614e-07	5.38178e-08	1.19091e-08	2.51352e-09	5.06687e-10	9.76843e-11	1.80331e-11	3.1913e-12	5.41707e-13	8.63382e-14	
-0.348887	-0.670469	-0.955551	-1.2055	-1.41184	-1.55404	-1.61995	-1.61843	-1.56478	-1.46244	-1.30715	-1.10469	-0.878883	-0.662234	-0.481726	-0.35009	-0.26508	-0.216296	-0.191808	-0.181285	-0.177905	-0.177698	-0.178446	-0.179345	-0.179965	-0.180289	-0.180376	-0.180303	-0.180191	-0.180088	-0.18006	-0.180095	-0.180205	-0.18028	-0.180319	-0.180098	-0.179641	-0.178688	-0.177309	-0.175474	-0.173385	-0.171644	-0.170966	-0.172753	-0.178861	-0.191134	-0.212218	-0.243955	-0.287355	-0.34306	-0.409034	-0.480514	-0.551305	-0.614277	-0.661274	-0.684611	-0.67955	-0.643034	-0.571974	-0.463645	-0.316926	-0.13799	0.0575136	0.25654	0.456683	0.652646	0.824196	0.949468	1.02367	1.05449	1.04319	0.980039	0.859077	0.692663	0.509723	0.341574	0.208687	0.116596	0.0598005	0.0282695	0.0123664	0.00502476	0.00190302	0.000673944	0.000223837	6.99101e-05	2.05834e-05	5.72597e-06	1.50813e-06	3.7681e-07	8.94685e-08	2.02207e-08	4.35678e-09	8.96186e-10	1.76226e-10	3.31684e-11	5.98228e-12	1.03507e-12	1.71901e-13	2.68459e-14	
-0.371912	-0.72544	-1.04776	-1.32369	-1.53298	-1.66341	-1.7193	-1.71153	-1.64346	-1.51124	-1.31783	-1.08374	-0.842902	-0.627954	-0.458164	-0.337616	-0.259639	-0.212968	-0.187015	-0.173702	-0.167556	-0.165398	-0.165284	-0.166151	-0.167407	-0.168692	-0.16984	-0.170763	-0.171406	-0.171791	-0.17187	-0.171701	-0.171217	-0.170485	-0.169461	-0.16824	-0.166909	-0.165679	-0.16495	-0.165238	-0.167423	-0.172587	-0.182065	-0.197507	-0.220344	-0.251946	-0.293152	-0.343551	-0.401999	-0.465767	-0.530227	-0.590123	-0.639947	-0.67375	-0.685715	-0.671356	-0.627072	-0.549117	-0.435191	-0.28711	-0.112719	0.0755919	0.268358	0.462728	0.652646	0.819972	0.944421	1.01992	1.05308	1.04681	0.992995	0.883918	0.727239	0.547937	0.376715	0.236385	0.135703	0.071516	0.0347301	0.0156011	0.00650645	0.00252793	0.000917915	0.000312414	9.99356e-05	3.01196e-05	8.57243e-06	2.30887e-06	5.89623e-07	1.43024e-07	3.30084e-08	7.25928e-09	1.5235e-09	3.05531e-10	5.86246e-11	1.07753e-11	1.89929e-12	3.21376e-13	5.22312e-14	7.99409e-15	
