-0.16745	-0.328733	-0.469322	-0.567098	-0.60933	-0.608289	-0.590811	-0.575031	-0.563579	-0.550631	-0.52823	-0.490897	-0.437403	-0.370519	-0.296538	-0.221028	-0.146617	-0.0759412	-0.0115094	0.0458464	0.0955998	0.137353	0.171615	0.198941	0.220047	0.235997	0.247533	0.255538	0.260639	0.26324	0.263688	0.261881	0.257801	0.250885	0.240769	0.226551	0.207568	0.182887	0.151634	0.11319	0.0669612	0.0126456	-0.0490445	-0.11763	-0.191177	-0.266724	-0.341779	-0.411789	-0.470151	-0.511559	-0.533459	-0.53604	-0.521272	-0.490876	-0.444665	-0.377969	-0.284771	-0.171866	-0.062165	0.0281953	0.107811	0.192739	0.277447	0.334089	0.338867	0.292809	0.218509	0.142699	0.0825111	0.0426675	0.0199013	0.00843382	0.00326771	0.00116384	0.000382845	0.000116801	3.3172e-05	8.79895e-06	2.18632e-06	5.10259e-07	1.1213e-07	2.32527e-08	4.55975e-09	8.47113e-10	1.4936e-10	2.50335e-11	3.99446e-12	6.07653e-13	8.82439e-14	1.22485e-14	1.62686e-15	2.06997e-16	2.52565e-17	2.95801e-18	3.32847e-19	3.60154e-20	3.75053e-21	3.76185e-22	3.63677e-23	3.36524e-24	
-0.328733	-0.643059	-0.905816	-1.07713	-1.15351	-1.16886	-1.15841	-1.13767	-1.10851	-1.06666	-1.00668	-0.926328	-0.825737	-0.70811	-0.579121	-0.443532	-0.306887	-0.175866	-0.0548976	0.0533984	0.14683	0.224986	0.288692	0.338929	0.377622	0.406557	0.427397	0.441836	0.45093	0.455643	0.456419	0.453275	0.446012	0.433766	0.415597	0.390029	0.355381	0.309975	0.251958	0.179806	0.0928677	-0.00944297	-0.125701	-0.253252	-0.388671	-0.525562	-0.657595	-0.779438	-0.884822	-0.967414	-1.02145	-1.04082	-1.02015	-0.955763	-0.8484	-0.705879	-0.536275	-0.344401	-0.142343	0.050738	0.226859	0.390582	0.534358	0.626864	0.636183	0.560173	0.430507	0.291125	0.174735	0.09386	0.0454645	0.0199936	0.00803041	0.00296151	0.00100752	0.000317528	9.30493e-05	2.54394e-05	6.50846e-06	1.5625e-06	3.52874e-07	7.51397e-08	1.51176e-08	2.87942e-09	5.20125e-10	8.92518e-11	1.45715e-11	2.26669e-12	3.36413e-13	4.76971e-14	6.46794e-15	8.39813e-16	1.0452e-16	1.2481e-17	1.43135e-18	1.57787e-19	1.67341e-20	1.70879e-21	1.68125e-22	1.58239e-23	
-0.469322	-0.905816	-1.25921	-1.49431	-1.62023	-1.66826	-1.66475	-1.63111	-1.5801	-1.51067	-1.41841	-1.30091	-1.15834	-0.996037	-0.820008	-0.637363	-0.45826	-0.289975	-0.13633	-0.000990824	0.11423	0.210311	0.288154	0.349717	0.397613	0.433586	0.460045	0.478512	0.490299	0.496545	0.497441	0.493491	0.483888	0.468415	0.445276	0.413519	0.370639	0.314779	0.243687	0.154956	0.0473499	-0.0796017	-0.226222	-0.388959	-0.564426	-0.74674	-0.925923	-1.09277	-1.23899	-1.3551	-1.43189	-1.46005	-1.43116	-1.341	-1.18897	-0.984725	-0.750145	-0.497169	-0.221222	0.0699516	0.345331	0.576194	0.749474	0.852282	0.865424	0.78264	0.627834	0.446793	0.283066	0.160524	0.0819783	0.0379307	0.0159919	0.00617595	0.00219521	0.000721252	0.000219899	6.24327e-05	1.65589e-05	4.11466e-06	9.60428e-07	2.1109e-07	4.37825e-08	8.58713e-09	1.5956e-09	2.81376e-10	4.71666e-11	7.52704e-12	1.14516e-12	1.66315e-13	2.30865e-14	3.06655e-15	3.90196e-16	4.76108e-17	5.57626e-18	6.27477e-19	6.7897e-20	7.07072e-21	7.09172e-22	6.79944e-23	
-0.567098	-1.07713	-1.49431	-1.8068	-2.00614	-2.08718	-2.07642	-2.02089	-1.94554	-1.85201	-1.73565	-1.58945	-1.41464	-1.2196	-1.01316	-0.807888	-0.613528	-0.434493	-0.274807	-0.137442	-0.0212632	0.075397	0.153822	0.21719	0.267146	0.305731	0.334989	0.355735	0.369531	0.376782	0.377862	0.373204	0.36191	0.344246	0.318485	0.284005	0.238966	0.181311	0.109072	0.0201052	-0.088753	-0.217502	-0.368046	-0.539505	-0.727719	-0.929226	-1.13545	-1.3331	-1.50827	-1.64608	-1.7322	-1.75784	-1.71736	-1.61164	-1.44531	-1.21575	-0.92916	-0.608537	-0.266791	0.0912316	0.434496	0.713499	0.902018	1.0031	1.02068	0.950731	0.801196	0.605178	0.408402	0.246608	0.133794	0.065562	0.0291774	0.0118558	0.00442048	0.00151928	0.000483318	0.000142853	3.9362e-05	1.01424e-05	2.45074e-06	5.56749e-07	1.19192e-07	2.40987e-08	4.61065e-09	8.36277e-10	1.44044e-10	2.35986e-11	3.68266e-12	5.48176e-13	7.79331e-14	1.05948e-14	1.37889e-15	1.71988e-16	2.05795e-17	2.36463e-18	2.61139e-19	2.7742e-20	2.83717e-21	2.77173e-22	
-0.60933	-1.15351	-1.62023	-2.00614	-2.2711	-2.38882	-2.39001	-2.31848	-2.20319	-2.06795	-1.91844	-1.75058	-1.56778	-1.3727	-1.17334	-0.979971	-0.797532	-0.631584	-0.486322	-0.361719	-0.254974	-0.165628	-0.0909179	-0.0288333	0.021427	0.0622267	0.0937295	0.117132	0.133077	0.141393	0.143065	0.137153	0.124613	0.103903	0.0760389	0.0387096	-0.00740947	-0.0645002	-0.134037	-0.216941	-0.316334	-0.434531	-0.571149	-0.729017	-0.904581	-1.09322	-1.28883	-1.48061	-1.65393	-1.79513	-1.88839	-1.92172	-1.88825	-1.78017	-1.60271	-1.36174	-1.04838	-0.674757	-0.280567	0.107299	0.470869	0.772606	0.976958	1.0835	1.11096	1.06516	0.94274	0.757128	0.545848	0.352105	0.203567	0.10593	0.049876	0.0213643	0.00836912	0.00301286	0.00100119	0.000308351	8.83386e-05	2.36195e-05	5.91165e-06	1.38885e-06	3.07036e-07	6.40189e-08	1.2616e-08	2.35437e-09	4.16813e-10	7.01205e-11	1.12268e-11	1.71317e-12	2.49496e-13	3.47212e-14	4.62282e-15	5.89502e-16	7.20756e-17	8.45757e-18	9.53382e-19	1.03333e-19	1.07769e-20	1.07286e-21	
-0.608289	-1.16886	-1.66826	-2.08718	-2.38882	-2.55768	-2.59313	-2.50586	-2.34637	-2.16577	-1.98017	-1.79954	-1.62448	-1.45157	-1.2871	-1.13221	-0.990736	-0.865122	-0.754186	-0.654755	-0.565762	-0.487071	-0.416526	-0.355257	-0.302026	-0.257109	-0.221151	-0.193042	-0.174154	-0.163632	-0.161619	-0.168984	-0.183917	-0.208911	-0.241169	-0.28301	-0.332894	-0.391142	-0.457789	-0.533808	-0.617146	-0.712694	-0.819126	-0.938801	-1.07333	-1.22102	-1.37756	-1.53653	-1.68652	-1.81442	-1.90871	-1.9514	-1.93325	-1.84103	-1.6589	-1.40089	-1.08159	-0.702204	-0.294388	0.0946444	0.446123	0.748156	0.971791	1.10086	1.1495	1.13323	1.04856	0.892363	0.686354	0.472944	0.291545	0.161239	0.0803871	0.0363273	0.0149617	0.00564515	0.00196057	0.000629477	0.000187573	5.20589e-05	1.35004e-05	3.28086e-06	7.49157e-07	1.61122e-07	3.27112e-08	6.28182e-09	1.14325e-09	1.97523e-10	3.24504e-11	5.07694e-12	7.57486e-13	1.07921e-13	1.47007e-14	1.91676e-15	2.39481e-16	2.87007e-17	3.30262e-18	3.6523e-19	3.8847e-20	3.94104e-21	
-0.590811	-1.15841	-1.66475	-2.07642	-2.39001	-2.59313	-2.64444	-2.55196	-2.37883	-2.1681	-1.95562	-1.76866	-1.60479	-1.46769	-1.35388	-1.25706	-1.17518	-1.0992	-1.02663	-0.953728	-0.88308	-0.813555	-0.747755	-0.686376	-0.630889	-0.583356	-0.54353	-0.512898	-0.491866	-0.479827	-0.478299	-0.485667	-0.503541	-0.529877	-0.566594	-0.610439	-0.663353	-0.722559	-0.7864	-0.855549	-0.926084	-0.99673	-1.06963	-1.14364	-1.22232	-1.3087	-1.4075	-1.51619	-1.6317	-1.7375	-1.82091	-1.86344	-1.84345	-1.76107	-1.60083	-1.35326	-1.0488	-0.706151	-0.333425	0.0331066	0.363537	0.655968	0.89804	1.06309	1.1464	1.16372	1.11917	1.00292	0.819496	0.601886	0.395245	0.232253	0.122615	0.0584676	0.0253229	0.0100161	0.0036363	0.00121732	0.000377355	0.000108727	2.9218e-05	7.3457e-06	1.73264e-06	3.84401e-07	8.04051e-08	1.58904e-08	2.97305e-09	5.27562e-10	8.8938e-11	1.42667e-11	2.18083e-12	3.18108e-13	4.43339e-14	5.91056e-15	7.54647e-16	9.23727e-17	1.08509e-17	1.22438e-18	1.32817e-19	1.37315e-20	
-0.575031	-1.13767	-1.63111	-2.02089	-2.31848	-2.50586	-2.55196	-2.47404	-2.29841	-2.06755	-1.85126	-1.67436	-1.54383	-1.46068	-1.40301	-1.36342	-1.32487	-1.28235	-1.23395	-1.17907	-1.12168	-1.06216	-1.00438	-0.949072	-0.900363	-0.857468	-0.821791	-0.795348	-0.775619	-0.765832	-0.764089	-0.770495	-0.787151	-0.809695	-0.843292	-0.88205	-0.92925	-0.981686	-1.03899	-1.09671	-1.15768	-1.21279	-1.26371	-1.30689	-1.34608	-1.37873	-1.41485	-1.45797	-1.51212	-1.57417	-1.62429	-1.65572	-1.63967	-1.56228	-1.43582	-1.24529	-0.993941	-0.711198	-0.401966	-0.0763362	0.234362	0.518779	0.775357	0.979538	1.10741	1.1633	1.158	1.08488	0.936208	0.73019	0.509738	0.317908	0.177623	0.0893437	0.0406853	0.0168679	0.00640093	0.00223411	0.000720403	0.000215476	5.99994e-05	1.56043e-05	3.80173e-06	8.70021e-07	1.87482e-07	3.81287e-08	7.33341e-09	1.33645e-09	2.31182e-10	3.80214e-11	5.95431e-12	8.89166e-13	1.26782e-13	1.72822e-14	2.25482e-15	2.81887e-16	3.38015e-17	3.89156e-18	4.30521e-19	4.53575e-20	
-0.563579	-1.10851	-1.5801	-1.94554	-2.20319	-2.34637	-2.37883	-2.29841	-2.10976	-1.88493	-1.68658	-1.53693	-1.45797	-1.42468	-1.41615	-1.41494	-1.40165	-1.38178	-1.34714	-1.30841	-1.26411	-1.22028	-1.17586	-1.13769	-1.10173	-1.07119	-1.04643	-1.02697	-1.01306	-1.00634	-1.00438	-1.00989	-1.0206	-1.03808	-1.06039	-1.08951	-1.1226	-1.16022	-1.20325	-1.2458	-1.29032	-1.33266	-1.36909	-1.39332	-1.40541	-1.40425	-1.38708	-1.36854	-1.34821	-1.34401	-1.34573	-1.34546	-1.34254	-1.30223	-1.22224	-1.10746	-0.940374	-0.731212	-0.490996	-0.21535	0.0754254	0.356382	0.623539	0.861286	1.03643	1.13576	1.16923	1.1381	1.03049	0.84946	0.628526	0.415296	0.245292	0.130052	0.0622339	0.0270335	0.0107187	0.00389925	0.00130753	0.000405874	0.000117076	3.14903e-05	7.92283e-06	1.86986e-06	4.15039e-07	8.68444e-08	1.71676e-08	3.21262e-09	5.70147e-10	9.61245e-11	1.54201e-11	2.35713e-12	3.43813e-13	4.7914e-14	6.38744e-15	8.15471e-16	9.98094e-17	1.17234e-17	1.32258e-18	1.4198e-19	
-0.550631	-1.06666	-1.51067	-1.85201	-2.06795	-2.16577	-2.1681	-2.06755	-1.88493	-1.67984	-1.49184	-1.37225	-1.32864	-1.3273	-1.35366	-1.3711	-1.38045	-1.37609	-1.36235	-1.34658	-1.32554	-1.30501	-1.28464	-1.26661	-1.2466	-1.23147	-1.21762	-1.20502	-1.19912	-1.19272	-1.19329	-1.196	-1.20174	-1.21345	-1.22414	-1.24149	-1.25774	-1.2773	-1.29644	-1.3189	-1.3369	-1.35648	-1.36985	-1.37843	-1.36685	-1.34204	-1.28822	-1.21896	-1.14281	-1.07356	-1.03616	-1.01358	-1.0124	-1.02153	-1.00939	-0.972466	-0.893455	-0.760861	-0.584933	-0.360953	-0.0948017	0.183293	0.457859	0.719903	0.937984	1.08329	1.15643	1.1649	1.09979	0.953095	0.744714	0.520065	0.324197	0.180969	0.0909193	0.0413483	0.0171189	0.00648694	0.00226089	0.000727996	0.000217439	6.04616e-05	1.5703e-05	3.82065e-06	8.73208e-07	1.87929e-07	3.81724e-08	7.33299e-09	1.33481e-09	2.3064e-10	3.7891e-11	5.92768e-12	8.84298e-13	1.25966e-13	1.7155e-14	2.23623e-15	2.79325e-16	3.34672e-17	3.84965e-18	4.21032e-19	
-0.52823	-1.00668	-1.41841	-1.73565	-1.91844	-1.98017	-1.95562	-1.85126	-1.68658	-1.49184	-1.31773	-1.2142	-1.16797	-1.16919	-1.18965	-1.20986	-1.23689	-1.2571	-1.2831	-1.29872	-1.31388	-1.32131	-1.32864	-1.32557	-1.32566	-1.32064	-1.31635	-1.31146	-1.30909	-1.30559	-1.30651	-1.30715	-1.31007	-1.31453	-1.3189	-1.32332	-1.32638	-1.32795	-1.32337	-1.31837	-1.30492	-1.28954	-1.26572	-1.24081	-1.20807	-1.16513	-1.10697	-1.01769	-0.919108	-0.815008	-0.742558	-0.716493	-0.725338	-0.76804	-0.816183	-0.849501	-0.848826	-0.787897	-0.669125	-0.494414	-0.259781	0.0102496	0.288565	0.565761	0.818042	1.0081	1.1223	1.16852	1.14441	1.03701	0.852117	0.6271	0.411737	0.241605	0.127281	0.0605395	0.026148	0.0103126	0.00373295	0.00124598	0.000385099	0.000110634	2.96449e-05	7.43196e-06	1.74813e-06	3.86793e-07	8.06926e-08	1.59065e-08	2.96868e-09	5.25522e-10	8.83884e-11	1.41468e-11	2.15783e-12	3.14099e-13	4.36879e-14	5.81329e-15	7.4087e-16	9.05275e-17	1.0615e-17	1.18252e-18	
-0.490897	-0.926328	-1.30091	-1.58945	-1.75058	-1.79954	-1.76866	-1.67436	-1.53693	-1.37225	-1.2142	-1.08773	-1.00088	-0.959571	-0.947089	-0.971608	-1.01641	-1.07235	-1.12561	-1.17011	-1.21031	-1.2387	-1.26061	-1.27441	-1.28693	-1.29165	-1.29594	-1.29963	-1.2982	-1.30163	-1.29931	-1.30028	-1.29952	-1.29616	-1.2954	-1.28737	-1.28073	-1.26678	-1.24876	-1.22171	-1.18819	-1.14237	-1.09292	-1.03045	-0.969994	-0.906414	-0.852543	-0.785441	-0.702254	-0.61117	-0.528299	-0.490012	-0.503724	-0.567571	-0.655156	-0.73727	-0.79652	-0.799717	-0.733956	-0.605221	-0.407604	-0.154198	0.122603	0.407233	0.683453	0.913355	1.06906	1.15222	1.16648	1.09962	0.946044	0.731289	0.504489	0.31061	0.171325	0.0851134	0.0383066	0.0157077	0.00589957	0.00203938	0.000651709	0.000193289	5.33965e-05	1.37839e-05	3.33472e-06	7.58107e-07	1.62347e-07	3.2822e-08	6.27749e-09	1.13795e-09	1.95858e-10	3.20581e-11	4.99771e-12	7.43106e-13	1.05523e-13	1.43284e-14	1.86254e-15	2.32028e-16	2.77265e-17	3.14523e-18	
-0.437403	-0.825737	-1.15834	-1.41464	-1.56778	-1.62448	-1.60479	-1.54383	-1.45797	-1.32864	-1.16797	-1.00088	-0.854011	-0.755288	-0.718133	-0.739447	-0.789243	-0.849552	-0.90412	-0.959672	-1.00347	-1.04302	-1.07391	-1.10364	-1.12311	-1.14297	-1.15554	-1.16723	-1.17265	-1.17808	-1.17749	-1.1755	-1.17039	-1.16036	-1.14909	-1.13183	-1.11184	-1.08601	-1.05671	-1.019	-0.978921	-0.925004	-0.867831	-0.802614	-0.730409	-0.657948	-0.599353	-0.557818	-0.512612	-0.456171	-0.394741	-0.357081	-0.360055	-0.418683	-0.522863	-0.63474	-0.733392	-0.788729	-0.77351	-0.689207	-0.531895	-0.303677	-0.0349077	0.25078	0.541114	0.803276	0.99902	1.11889	1.16895	1.14142	1.02363	0.828179	0.598672	0.385926	0.222474	0.115264	0.0539814	0.0229851	0.00894689	0.00319964	0.00105612	0.000323069	9.19306e-05	2.44154e-05	6.07055e-06	1.41693e-06	3.11257e-07	6.44968e-08	1.26335e-08	2.3438e-09	4.12581e-10	6.9026e-11	1.09927e-11	1.66882e-12	2.41833e-13	3.34943e-14	4.43904e-15	5.63579e-16	6.86061e-17	7.92198e-18	
-0.370519	-0.70811	-0.996037	-1.2196	-1.3727	-1.45157	-1.46769	-1.46068	-1.42468	-1.3273	-1.16919	-0.959571	-0.755288	-0.615491	-0.554251	-0.556782	-0.583277	-0.62006	-0.663273	-0.709123	-0.75139	-0.793915	-0.832731	-0.867734	-0.898125	-0.924848	-0.945256	-0.961077	-0.972373	-0.977416	-0.978968	-0.974656	-0.965617	-0.952417	-0.932568	-0.91004	-0.879886	-0.847839	-0.80942	-0.767928	-0.725386	-0.680319	-0.629735	-0.581262	-0.527601	-0.464935	-0.408973	-0.377473	-0.365248	-0.352024	-0.317259	-0.286238	-0.28311	-0.322882	-0.417161	-0.538981	-0.661039	-0.755483	-0.786319	-0.745376	-0.630114	-0.434153	-0.180263	0.101182	0.397298	0.682847	0.914898	1.07105	1.15494	1.16422	1.08379	0.914409	0.690622	0.465033	0.279621	0.150821	0.0733851	0.0324002	0.013053	0.00482334	0.00164251	0.000517656	0.000151572	4.13757e-05	1.0563e-05	2.52918e-06	5.69445e-07	1.20846e-07	2.4225e-08	4.59636e-09	8.26966e-10	1.41327e-10	2.29782e-11	3.5596e-12	5.26116e-13	7.42876e-14	1.0033e-14	1.29755e-15	1.60838e-16	1.88966e-17	
-0.296538	-0.579121	-0.820008	-1.01316	-1.17334	-1.2871	-1.35388	-1.40301	-1.41615	-1.35366	-1.18965	-0.947089	-0.718133	-0.554251	-0.469215	-0.431727	-0.413386	-0.423785	-0.450713	-0.489212	-0.52458	-0.565913	-0.601657	-0.636179	-0.664607	-0.690215	-0.709011	-0.725201	-0.734926	-0.740855	-0.742237	-0.737613	-0.730226	-0.715988	-0.698029	-0.67601	-0.647038	-0.616101	-0.581659	-0.540519	-0.501983	-0.463567	-0.4243	-0.391972	-0.369982	-0.339951	-0.295039	-0.264636	-0.258683	-0.274405	-0.277832	-0.259024	-0.246608	-0.265525	-0.338385	-0.453132	-0.583641	-0.704778	-0.775305	-0.775243	-0.701858	-0.543273	-0.310966	-0.0383542	0.25715	0.557269	0.81997	1.01108	1.12737	1.17058	1.1269	0.987891	0.777177	0.545252	0.34124	0.19125	0.0965144	0.0441138	0.0183666	0.00700278	0.00245702	0.000796811	0.000239793	6.72057e-05	1.75983e-05	4.31824e-06	9.95568e-07	2.16184e-07	4.43131e-08	8.59188e-09	1.57875e-09	2.75401e-10	4.56828e-11	7.21653e-12	1.08719e-12	1.56407e-13	2.15138e-14	2.83263e-15	3.57339e-16	4.26952e-17	
-0.221028	-0.443532	-0.637363	-0.807888	-0.979971	-1.13221	-1.25706	-1.36342	-1.41494	-1.3711	-1.20986	-0.971608	-0.739447	-0.556782	-0.431727	-0.337857	-0.293248	-0.293917	-0.31622	-0.337223	-0.361114	-0.391814	-0.413578	-0.435732	-0.456543	-0.472948	-0.488271	-0.498848	-0.508181	-0.510816	-0.513588	-0.509099	-0.502884	-0.49435	-0.478165	-0.464952	-0.444746	-0.421207	-0.401146	-0.373689	-0.343451	-0.321316	-0.290298	-0.25929	-0.245155	-0.24923	-0.236701	-0.212868	-0.203613	-0.220057	-0.243134	-0.247532	-0.238294	-0.237237	-0.282198	-0.379676	-0.506854	-0.642843	-0.745721	-0.782734	-0.748678	-0.629887	-0.425241	-0.165877	0.124384	0.431368	0.717922	0.941394	1.08883	1.16327	1.15436	1.04776	0.85592	0.62402	0.405551	0.235697	0.123134	0.058164	0.0249861	0.00981479	0.00354301	0.00118071	0.000364727	0.000104821	2.81211e-05	7.06366e-06	1.66583e-06	3.6976e-07	7.74269e-08	1.5327e-08	2.87379e-09	5.11285e-10	8.6457e-11	1.39167e-11	2.13547e-12	3.12792e-13	4.37894e-14	5.86605e-15	7.5265e-16	9.13976e-17	
-0.146617	-0.306887	-0.45826	-0.613528	-0.797532	-0.990736	-1.17518	-1.32487	-1.40165	-1.38045	-1.23689	-1.01641	-0.789243	-0.583277	-0.413386	-0.293248	-0.246919	-0.238165	-0.234917	-0.23189	-0.249726	-0.259837	-0.269958	-0.284181	-0.300229	-0.306598	-0.32305	-0.326412	-0.335262	-0.337588	-0.336796	-0.337784	-0.328055	-0.325585	-0.312605	-0.301499	-0.292142	-0.275138	-0.262798	-0.254634	-0.234918	-0.225651	-0.221786	-0.202015	-0.179989	-0.183026	-0.194015	-0.189238	-0.176894	-0.188973	-0.219511	-0.236172	-0.236335	-0.227915	-0.247311	-0.321387	-0.435954	-0.575325	-0.70246	-0.772703	-0.774163	-0.694449	-0.52187	-0.280152	0.00138345	0.30913	0.612526	0.864586	1.04168	1.145	1.16818	1.09419	0.92528	0.699114	0.4707	0.283066	0.152788	0.0744494	0.0329417	0.0133095	0.00493557	0.00168769	0.000534389	0.00015728	4.31744e-05	1.10882e-05	2.67177e-06	6.05547e-07	1.29397e-07	2.61252e-08	4.99358e-09	9.05258e-10	1.5591e-10	2.55505e-11	3.99007e-12	5.94584e-13	8.46547e-14	1.15296e-14	1.50353e-15	1.85441e-16	
-0.0759412	-0.175866	-0.289975	-0.434493	-0.631584	-0.865122	-1.0992	-1.28235	-1.38178	-1.37609	-1.2571	-1.07235	-0.849552	-0.62006	-0.423785	-0.293917	-0.238165	-0.199768	-0.173849	-0.169742	-0.180745	-0.178295	-0.188964	-0.200637	-0.205411	-0.213036	-0.222341	-0.223341	-0.229808	-0.231599	-0.229638	-0.232558	-0.225445	-0.223588	-0.217912	-0.207993	-0.202621	-0.194457	-0.180281	-0.180658	-0.171518	-0.161278	-0.165902	-0.173582	-0.157589	-0.153812	-0.165864	-0.176326	-0.170662	-0.168216	-0.196204	-0.224632	-0.235901	-0.227727	-0.227692	-0.278009	-0.375799	-0.508819	-0.65013	-0.748974	-0.782469	-0.739143	-0.600637	-0.380407	-0.110439	0.193529	0.507288	0.783338	0.988139	1.11825	1.17065	1.12811	0.984507	0.768791	0.534917	0.332121	0.184834	0.0927282	0.042184	0.0175005	0.00665581	0.00233168	0.00075566	0.000227438	6.37966e-05	1.67305e-05	4.11379e-06	9.50897e-07	2.07119e-07	4.2604e-08	8.29276e-09	1.53028e-09	2.68173e-10	4.47013e-11	7.09797e-12	1.07512e-12	1.55544e-13	2.15204e-14	2.85009e-15	3.5676e-16	
-0.0115094	-0.0548976	-0.13633	-0.274807	-0.486322	-0.754186	-1.02663	-1.23395	-1.34714	-1.36235	-1.2831	-1.12561	-0.90412	-0.663273	-0.450713	-0.31622	-0.234917	-0.173849	-0.146887	-0.147968	-0.149026	-0.142229	-0.153994	-0.154003	-0.153012	-0.161272	-0.158948	-0.161998	-0.163798	-0.163102	-0.164038	-0.162896	-0.163123	-0.15918	-0.160798	-0.156755	-0.151851	-0.157245	-0.143145	-0.145046	-0.144869	-0.136136	-0.130546	-0.14688	-0.149456	-0.141506	-0.150552	-0.162808	-0.167388	-0.162866	-0.180941	-0.209727	-0.229663	-0.230545	-0.220479	-0.247481	-0.326523	-0.448299	-0.594515	-0.715386	-0.777162	-0.76686	-0.662423	-0.466457	-0.21037	0.0865918	0.405201	0.700304	0.93032	1.08526	1.16406	1.15096	1.03356	0.831845	0.596642	0.381585	0.218492	0.11263	0.0525801	0.022358	0.00870594	0.00311951	0.00103315	0.00031752	9.08798e-05	2.43029e-05	6.08998e-06	1.43384e-06	3.17955e-07	6.65551e-08	1.31776e-08	2.47256e-09	4.40426e-10	7.45964e-11	1.20319e-11	1.8507e-12	2.71827e-13	3.81711e-14	5.12955e-15	6.51123e-16	
0.0458464	0.0533984	-0.000990824	-0.137442	-0.361719	-0.654755	-0.953728	-1.17907	-1.30841	-1.34658	-1.29872	-1.17011	-0.959672	-0.709123	-0.489212	-0.337223	-0.23189	-0.169742	-0.147968	-0.145129	-0.126225	-0.125668	-0.127917	-0.122374	-0.120922	-0.128686	-0.118225	-0.128852	-0.123107	-0.124565	-0.128663	-0.120229	-0.130564	-0.119286	-0.125938	-0.124234	-0.119946	-0.126205	-0.127837	-0.121785	-0.132951	-0.133651	-0.12465	-0.126461	-0.137906	-0.135751	-0.143327	-0.156292	-0.164961	-0.15729	-0.167349	-0.198377	-0.222804	-0.230528	-0.219366	-0.229021	-0.288107	-0.395203	-0.539793	-0.67621	-0.761871	-0.780649	-0.708776	-0.538669	-0.298249	-0.0104643	0.308632	0.617962	0.870254	1.04806	1.15061	1.16444	1.07295	0.887597	0.654605	0.430235	0.252904	0.133681	0.0639174	0.0278057	0.0110657	0.00404875	0.00136808	0.000428664	0.000125005	3.40387e-05	8.6807e-06	2.07899e-06	4.68748e-07	9.97241e-08	2.00603e-08	3.8228e-09	6.91358e-10	1.18854e-10	1.94526e-11	3.03537e-12	4.52163e-13	6.43821e-14	8.77077e-15	1.12797e-15	
0.0955998	0.14683	0.11423	-0.0212632	-0.254974	-0.565762	-0.88308	-1.12168	-1.26411	-1.32554	-1.31388	-1.21031	-1.00347	-0.75139	-0.52458	-0.361114	-0.249726	-0.180745	-0.149026	-0.126225	-0.111958	-0.115774	-0.112531	-0.108442	-0.11434	-0.111891	-0.111289	-0.115134	-0.111991	-0.113261	-0.115006	-0.111139	-0.115057	-0.112465	-0.11191	-0.113124	-0.112378	-0.107884	-0.115563	-0.109792	-0.113655	-0.121481	-0.126476	-0.127742	-0.135322	-0.129676	-0.134537	-0.147798	-0.162173	-0.159997	-0.159327	-0.183952	-0.21382	-0.229712	-0.220359	-0.218572	-0.260412	-0.351042	-0.488456	-0.634551	-0.73997	-0.783756	-0.741752	-0.597843	-0.37431	-0.0970662	0.219301	0.538488	0.809857	1.00847	1.13229	1.17035	1.10357	0.935832	0.707858	0.476964	0.28719	0.155331	0.0759142	0.033722	0.0136909	0.00510607	0.00175739	0.000560497	0.000166274	4.60341e-05	1.19306e-05	2.90248e-06	6.64498e-07	1.43494e-07	2.92891e-08	5.66179e-09	1.03838e-09	1.8098e-10	3.0023e-11	4.74731e-12	7.16468e-13	1.03335e-13	1.42565e-14	1.8558e-15	
0.137353	0.224986	0.210311	0.075397	-0.165628	-0.487071	-0.813555	-1.06216	-1.22028	-1.30501	-1.32131	-1.2387	-1.04302	-0.793915	-0.565913	-0.391814	-0.259837	-0.178295	-0.142229	-0.125668	-0.115774	-0.115147	-0.110829	-0.109181	-0.109946	-0.105893	-0.106304	-0.105676	-0.103473	-0.105156	-0.103436	-0.104598	-0.104689	-0.105356	-0.106811	-0.107014	-0.110431	-0.109017	-0.113894	-0.110807	-0.114399	-0.113661	-0.113494	-0.117739	-0.133507	-0.133053	-0.131025	-0.141819	-0.157916	-0.158184	-0.154552	-0.174156	-0.204061	-0.227016	-0.222513	-0.212743	-0.240389	-0.316031	-0.443029	-0.593107	-0.714061	-0.779091	-0.763702	-0.645186	-0.439087	-0.173105	0.138347	0.463686	0.75089	0.968122	1.11088	1.17043	1.12655	0.976709	0.755774	0.52083	0.320497	0.176993	0.088236	0.0399452	0.016514	0.00626676	0.00219316	0.000710823	0.000214173	6.01954e-05	1.58307e-05	3.90656e-06	9.06886e-07	1.98512e-07	4.10605e-08	8.04119e-09	1.49369e-09	2.6362e-10	4.4274e-11	7.08605e-12	1.08226e-12	1.57938e-13	2.20435e-14	2.90147e-15	
0.171615	0.288692	0.288154	0.153822	-0.0909179	-0.416526	-0.747755	-1.00438	-1.17586	-1.28464	-1.32864	-1.26061	-1.07391	-0.832731	-0.601657	-0.413578	-0.269958	-0.188964	-0.153994	-0.127917	-0.112531	-0.110829	-0.105485	-0.100946	-0.102411	-0.0983551	-0.099207	-0.0982193	-0.0978219	-0.0977816	-0.0979614	-0.097687	-0.0980505	-0.0991482	-0.0982507	-0.100999	-0.101912	-0.101553	-0.109211	-0.107237	-0.111455	-0.118987	-0.118491	-0.113184	-0.126511	-0.130299	-0.129438	-0.135088	-0.152578	-0.160821	-0.153123	-0.164919	-0.193237	-0.221842	-0.225166	-0.211538	-0.226362	-0.288161	-0.404112	-0.554293	-0.686643	-0.769179	-0.776916	-0.682144	-0.493351	-0.238805	0.0664261	0.394969	0.694914	0.928489	1.08797	1.16631	1.14313	1.01066	0.798009	0.561077	0.352041	0.198069	0.100514	0.0462823	0.0194466	0.00749525	0.00266257	0.000875484	0.000267485	7.62009e-05	2.03046e-05	5.07499e-06	1.1929e-06	2.64318e-07	5.53277e-08	1.09626e-08	2.05985e-09	3.67661e-10	6.24357e-11	1.01025e-11	1.55966e-12	2.30032e-13	3.24432e-14	4.31331e-15	
0.198941	0.338929	0.349717	0.21719	-0.0288333	-0.355257	-0.686376	-0.949072	-1.13769	-1.26661	-1.32557	-1.27441	-1.10364	-0.867734	-0.636179	-0.435732	-0.284181	-0.200637	-0.154003	-0.122374	-0.108442	-0.109181	-0.100946	-0.10027	-0.103198	-0.0981266	-0.100531	-0.0996928	-0.0982082	-0.0997959	-0.0982851	-0.0995187	-0.0986732	-0.100307	-0.0995444	-0.0997253	-0.103612	-0.0973825	-0.106665	-0.103257	-0.105345	-0.111294	-0.119245	-0.113233	-0.122435	-0.130056	-0.127646	-0.133475	-0.147555	-0.157231	-0.151695	-0.160475	-0.185935	-0.215548	-0.224942	-0.211784	-0.217872	-0.267184	-0.371535	-0.519182	-0.659656	-0.756312	-0.783586	-0.710254	-0.538008	-0.294605	0.00381982	0.333382	0.643263	0.890872	1.06492	1.15945	1.15453	1.03829	0.834454	0.597129	0.381127	0.217983	0.112367	0.0525195	0.022385	0.00874679	0.00314835	0.00104844	0.000324284	9.34879e-05	2.52007e-05	6.37012e-06	1.51389e-06	3.39068e-07	7.17259e-08	1.43593e-08	2.7256e-09	4.91366e-10	8.42662e-11	1.37673e-11	2.14581e-12	3.19476e-13	4.54784e-14	6.10036e-15	
0.220047	0.377622	0.397613	0.267146	0.021427	-0.302026	-0.630889	-0.900363	-1.10173	-1.2466	-1.32566	-1.28693	-1.12311	-0.898125	-0.664607	-0.456543	-0.300229	-0.205411	-0.153012	-0.120922	-0.11434	-0.109946	-0.102411	-0.103198	-0.103094	-0.0955032	-0.101548	-0.094903	-0.0965799	-0.0974549	-0.0930341	-0.0997953	-0.0927357	-0.10067	-0.097276	-0.0992682	-0.104468	-0.101226	-0.104937	-0.108512	-0.104549	-0.107224	-0.112792	-0.113965	-0.120743	-0.128855	-0.126634	-0.128205	-0.143846	-0.1584	-0.151657	-0.154705	-0.177883	-0.210283	-0.22547	-0.212653	-0.211934	-0.251523	-0.345399	-0.488757	-0.634479	-0.742271	-0.785682	-0.731066	-0.574034	-0.341065	-0.0494524	0.279646	0.597035	0.8564	1.0429	1.15115	1.16194	1.0603	0.865179	0.628578	0.407167	0.2362	0.123417	0.0584343	0.0252155	0.00997006	0.00362971	0.00122207	0.000382017	0.00011127	3.02955e-05	7.7329e-06	1.85532e-06	4.19422e-07	8.95363e-08	1.80859e-08	3.46326e-09	6.29771e-10	1.08925e-10	1.79461e-11	2.82038e-12	4.23355e-13	6.07542e-14	8.21269e-15	
