7.6209e-15	6.93207e-14	5.85375e-13	4.57799e-12	3.30747e-11	2.20176e-10	1.34689e-09	7.55109e-09	3.8692e-08	1.80725e-07	7.67585e-07	2.95793e-06	1.03238e-05	3.25984e-05	9.30978e-05	0.000240669	0.000564344	0.00120447	0.00235081	0.00421972	0.00701033	0.0108491	0.015739	0.0215288	0.0279116	0.0344535	0.0406458	0.0459687	0.0499556	0.0522487	0.0526396	0.0510927	0.0477488	0.04291	0.0370052	0.0305403	0.0240364	0.0179645	0.0126872	0.0084196	0.00521836	0.0030012	0.00159139	0.000773328	0.000342602	0.000137814	5.01967e-05	1.65318e-05	4.92184e-06	1.32564e-06	3.235e-07	7.16771e-08	1.44545e-08	2.6601e-09	4.47994e-10	6.9237e-11	9.84687e-12	1.29218e-12	1.56871e-13	1.76622e-14	1.84866e-15	1.80286e-16	1.64171e-17	1.39873e-18	1.11715e-19	8.37955e-21	5.91291e-22	3.93151e-23	2.46696e-24	1.46297e-25	8.21075e-27	4.36681e-28	2.20352e-29	1.05621e-30	4.81444e-32	2.08911e-33	8.63841e-35	3.40704e-36	1.2829e-37	4.66311e-39	1.55608e-39	3.94005e-38	1.06159e-36	2.73175e-35	6.70675e-34	1.5695e-32	3.4975e-31	7.41402e-30	1.49339e-28	2.85509e-27	5.17446e-26	8.87887e-25	1.4405e-23	2.20656e-22	3.18651e-21	4.33138e-20	5.53253e-19	6.6289e-18	7.43654e-17	7.79578e-16	
6.93207e-14	6.0815e-13	4.94638e-12	3.72051e-11	2.58116e-10	1.64719e-09	9.64221e-09	5.1627e-08	2.52128e-07	1.12e-06	4.51406e-06	1.64708e-05	5.43176e-05	0.000161753	0.000435015	0.00105804	0.0023339	0.00468964	0.00863265	0.0146549	0.0231067	0.0340797	0.0473342	0.0622928	0.0780979	0.0937144	0.108052	0.120081	0.128933	0.133967	0.134821	0.131433	0.124048	0.113199	0.0996687	0.0844346	0.0685752	0.0531627	0.0391397	0.0272055	0.0177377	0.0107722	0.00605029	0.00312109	0.00146966	0.000628539	0.000243273	8.50336e-05	2.68236e-05	7.63958e-06	1.96718e-06	4.58905e-07	9.72248e-08	1.87585e-08	3.30545e-09	5.33514e-10	7.91035e-11	1.08045e-11	1.36319e-12	1.59287e-13	1.72804e-14	1.74463e-15	1.64284e-16	1.44593e-17	1.19186e-18	9.21819e-20	6.70161e-21	4.58728e-22	2.96117e-23	1.80531e-24	1.04097e-25	5.68464e-27	2.94374e-28	1.44728e-29	6.76321e-31	3.00729e-32	1.2737e-33	5.14343e-35	1.98218e-36	7.37267e-38	2.45701e-38	6.06688e-37	1.59783e-35	4.01763e-34	9.63443e-33	2.2013e-31	4.78727e-30	9.89901e-29	1.94403e-27	3.62166e-26	6.39245e-25	1.0676e-23	1.68475e-22	2.50845e-21	3.51845e-20	4.64154e-19	5.74894e-18	6.6732e-17	7.24539e-16	7.34318e-15	
5.85375e-13	4.94638e-12	3.86924e-11	2.79449e-10	1.85831e-09	1.13456e-08	6.34088e-08	3.23436e-07	1.50125e-06	6.3227e-06	2.40991e-05	8.29454e-05	0.000257395	0.000719691	0.00181421	0.00413176	0.00853359	0.016071	0.0277862	0.0444445	0.066291	0.092914	0.123254	0.15574	0.188502	0.219598	0.247206	0.269763	0.28604	0.295184	0.296727	0.290591	0.277089	0.256919	0.231162	0.201256	0.168932	0.136103	0.104694	0.0764246	0.0525797	0.0338389	0.0202117	0.0111166	0.0055895	0.0025536	0.00105518	0.000393217	0.000131983	3.99051e-05	1.08813e-05	2.68124e-06	5.9853e-07	1.21385e-07	2.24326e-08	3.78931e-09	5.86848e-10	8.35728e-11	1.09754e-11	1.33284e-12	1.50062e-13	1.57025e-14	1.53068e-15	1.39308e-16	1.18616e-17	9.4675e-19	7.09667e-20	5.00446e-21	3.32549e-22	2.08557e-23	1.23623e-24	6.9355e-26	3.68752e-27	1.86039e-28	8.91664e-30	4.06451e-31	1.76394e-32	7.29572e-34	2.8786e-35	1.09598e-36	3.64813e-37	8.78107e-36	2.25986e-34	5.55042e-33	1.29959e-31	2.89796e-30	6.14798e-29	1.23951e-27	2.37216e-26	4.30416e-25	7.39473e-24	1.20132e-22	1.8428e-21	2.66515e-20	3.62822e-19	4.6415e-18	5.56976e-17	6.25754e-16	6.56878e-15	6.42917e-14	
4.57799e-12	3.72051e-11	2.79449e-10	1.93447e-09	1.23059e-08	7.17192e-08	3.81739e-07	1.84981e-06	8.13487e-06	3.23687e-05	0.000116217	0.000375676	0.00109178	0.00285163	0.00670183	0.0142142	0.0273413	0.0480187	0.0776275	0.116531	0.163868	0.217656	0.275132	0.33319	0.388798	0.439283	0.48248	0.516753	0.540958	0.55437	0.55662	0.547647	0.527696	0.497341	0.45755	0.409753	0.355902	0.298476	0.240391	0.184769	0.134562	0.0921132	0.0587609	0.0346245	0.0186868	0.00916914	0.00406683	0.00162419	0.000582918	0.000187945	5.44922e-05	1.42352e-05	3.3592e-06	7.18206e-07	1.39566e-07	2.47309e-08	4.00892e-09	5.96362e-10	8.16583e-11	1.03218e-11	1.20771e-12	1.31146e-13	1.32492e-14	1.24817e-15	1.09886e-16	9.05921e-18	7.00724e-19	5.09449e-20	3.48732e-21	2.25122e-22	1.37258e-23	7.91542e-25	4.32329e-26	2.23931e-27	1.10129e-28	5.14846e-30	2.2904e-31	9.70633e-33	3.92231e-34	1.52915e-35	5.08499e-36	1.19264e-34	2.99823e-33	7.19049e-32	1.64323e-30	3.5747e-29	7.3947e-28	1.45295e-26	2.7084e-25	4.78367e-24	7.99506e-23	1.26266e-21	1.88152e-20	2.64127e-19	3.48717e-18	4.3224e-17	5.02063e-16	5.45396e-15	5.52931e-14	5.21997e-13	
3.30747e-11	2.58116e-10	1.85831e-09	1.23059e-08	7.47224e-08	4.14683e-07	2.09629e-06	9.61994e-06	3.99405e-05	0.000149546	0.00050351	0.00152101	0.00411694	0.00998554	0.0217443	0.0426841	0.0760137	0.123833	0.186317	0.261495	0.345648	0.434102	0.522083	0.605386	0.680743	0.745884	0.799389	0.840482	0.868817	0.884281	0.886857	0.876548	0.853357	0.817346	0.768746	0.708137	0.63665	0.556193	0.469626	0.380809	0.294354	0.21507	0.14716	0.0933717	0.0543991	0.028843	0.0138168	0.00594942	0.00229611	0.000793576	0.0002458	6.83602e-05	1.71166e-05	3.87073e-06	7.93244e-07	1.47832e-07	2.51406e-08	3.91463e-09	5.59902e-10	7.37864e-11	8.98557e-12	1.01394e-12	1.06291e-13	1.03765e-14	9.45507e-16	8.05876e-17	6.43773e-18	4.82923e-19	3.40781e-20	2.26596e-21	1.42196e-22	8.43397e-24	4.73468e-25	2.51907e-26	1.27181e-27	6.10036e-29	2.78308e-30	1.20892e-31	5.00512e-33	1.99875e-34	6.6418e-35	1.51728e-33	3.72473e-32	8.71919e-31	1.94402e-29	4.12398e-28	8.31463e-27	1.59138e-25	2.88787e-24	4.96238e-23	8.06337e-22	1.23716e-20	1.78959e-19	2.43662e-18	3.11732e-17	3.74054e-16	4.20147e-15	4.40838e-14	4.31133e-13	3.92083e-12	
2.20176e-10	1.64719e-09	1.13456e-08	7.17192e-08	4.14683e-07	2.18547e-06	1.04602e-05	4.52997e-05	0.000176854	0.00062027	0.00194832	0.00546824	0.0136977	0.0306424	0.061394	0.110783	0.181521	0.27287	0.380579	0.498022	0.617828	0.733345	0.839523	0.933193	1.01284	1.07812	1.12939	1.16736	1.19284	1.20651	1.20878	1.1997	1.17901	1.14612	1.10028	1.04068	0.966792	0.878631	0.777178	0.664894	0.546084	0.426829	0.31436	0.215795	0.136514	0.0787309	0.0410174	0.019174	0.0080097	0.00298533	0.000993167	0.000295472	7.88318e-05	1.89256e-05	4.10354e-06	8.06611e-07	1.44274e-07	2.3567e-08	3.52794e-09	4.85585e-10	6.16432e-11	7.2385e-12	7.88391e-13	7.98508e-14	7.53879e-15	6.64946e-16	5.49094e-17	4.25345e-18	3.09653e-19	2.12229e-20	1.37164e-21	8.37241e-23	4.83359e-24	2.64297e-25	1.37051e-26	6.7479e-28	3.15834e-29	1.40679e-30	5.96952e-32	2.44274e-33	8.11402e-34	1.80468e-32	4.32458e-31	9.87748e-30	2.14774e-28	4.44099e-27	8.72263e-26	1.62541e-24	2.86995e-23	4.79512e-22	7.57045e-21	1.12768e-19	1.58233e-18	2.08796e-17	2.58628e-16	3.00139e-15	3.25669e-14	3.29679e-13	3.1064e-12	2.71769e-11	
1.34689e-09	9.64221e-09	6.34088e-08	3.81739e-07	2.09629e-06	1.04602e-05	4.72398e-05	0.000192302	0.000702767	0.00229681	0.00669086	0.0173317	0.0398868	0.0816658	0.149399	0.246084	0.368907	0.509775	0.657933	0.802946	0.936765	1.05451	1.15419	1.23599	1.30121	1.35162	1.38918	1.41577	1.43299	1.44201	1.4435	1.43755	1.42372	1.40103	1.36806	1.32302	1.26395	1.18899	1.09658	0.98596	0.85816	0.716834	0.568795	0.423695	0.292476	0.184671	0.105413	0.0539087	0.0245575	0.00993882	0.00357348	0.00114349	0.000326638	8.35978e-05	1.92474e-05	4.00308e-06	7.55156e-07	1.29722e-07	2.03684e-08	2.93365e-09	3.88882e-10	4.75926e-11	5.39309e-12	5.67408e-13	5.55666e-14	5.07719e-15	4.33796e-16	3.47297e-17	2.61043e-18	1.84548e-19	1.22923e-20	7.72649e-22	4.58999e-23	2.58072e-24	1.37515e-25	6.95337e-27	3.34036e-28	1.5263e-29	6.64059e-31	2.78547e-32	9.25276e-33	2.00281e-31	4.68314e-30	1.04326e-28	2.21133e-27	4.45493e-26	8.52005e-25	1.54496e-23	2.65275e-22	4.307e-21	6.60256e-20	9.54173e-19	1.29777e-17	1.65826e-16	1.9869e-15	2.22787e-14	2.33273e-13	2.27562e-12	2.06315e-11	1.73387e-10	
7.55109e-09	5.1627e-08	3.23436e-07	1.84981e-06	9.61994e-06	4.52997e-05	0.000192302	0.000732605	0.00249339	0.00754908	0.0202581	0.0480679	0.100807	0.187344	0.31057	0.464266	0.634857	0.806722	0.966979	1.10763	1.22544	1.32057	1.3951	1.45181	1.49334	1.52239	1.54177	1.55398	1.56102	1.56438	1.56492	1.56274	1.55732	1.54739	1.53113	1.50623	1.47	1.41968	1.35264	1.26607	1.1575	1.02582	0.872733	0.704242	0.531365	0.369063	0.232427	0.131087	0.065656	0.029079	0.0113794	0.00394099	0.00121179	0.000332169	8.15364e-05	1.80053e-05	3.59313e-06	6.50807e-07	1.0743e-07	1.62245e-08	2.24986e-09	2.87432e-10	3.39364e-11	3.7137e-12	3.77686e-13	3.57872e-14	3.16674e-15	2.62261e-16	2.03692e-17	1.48649e-18	1.02111e-19	6.61358e-21	4.04513e-22	2.33993e-23	1.28191e-24	6.65982e-26	3.28519e-27	1.54049e-28	6.87469e-30	2.95706e-31	9.82816e-32	2.06951e-30	4.72017e-29	1.02516e-27	2.11736e-26	4.15405e-25	7.73203e-24	1.36364e-22	2.27562e-21	3.5881e-20	5.33739e-19	7.47794e-18	9.85077e-17	1.21783e-15	1.41019e-14	1.52621e-13	1.54035e-12	1.44623e-11	1.2599e-10	1.01553e-09	
3.8692e-08	2.52128e-07	1.50125e-06	8.13487e-06	3.99405e-05	0.000176854	0.000702767	0.00249339	0.00785844	0.021896	0.0537223	0.115799	0.219411	0.367224	0.548578	0.743124	0.930414	1.09686	1.23648	1.34861	1.43525	1.49924	1.5436	1.57106	1.58461	1.58816	1.58567	1.58031	1.57481	1.5712	1.57053	1.573	1.57791	1.58363	1.58766	1.58694	1.57786	1.55633	1.51907	1.46332	1.38611	1.2845	1.15597	0.999886	0.819785	0.626003	0.436745	0.27358	0.151921	0.0742562	0.0318748	0.0120305	0.00400597	0.00118219	0.000310753	7.31377e-05	1.54903e-05	2.9667e-06	5.16118e-07	8.19081e-08	1.19045e-08	1.59031e-09	1.95928e-10	2.2331e-11	2.36137e-12	2.32286e-13	2.1309e-14	1.82719e-15	1.46762e-16	1.10643e-17	7.84382e-19	5.23821e-20	3.30067e-21	1.96543e-22	1.10758e-23	5.91493e-25	2.99737e-26	1.44302e-27	6.60784e-29	2.91572e-30	9.70213e-31	1.98663e-29	4.41811e-28	9.35133e-27	1.88119e-25	3.59252e-24	6.50466e-23	1.11514e-21	1.80759e-20	2.76618e-19	3.99005e-18	5.41566e-17	6.90415e-16	8.25108e-15	9.22462e-14	9.62617e-13	9.35373e-12	8.44156e-11	7.05602e-10	5.44621e-09	
1.80725e-07	1.12e-06	6.3227e-06	3.23687e-05	0.000149546	0.00062027	0.00229681	0.00754908	0.021896	0.0557443	0.124045	0.240853	0.409129	0.61361	0.826475	1.02295	1.19095	1.328	1.43497	1.51351	1.56513	1.59191	1.59687	1.58393	1.55903	1.52858	1.49734	1.46927	1.44798	1.43564	1.43344	1.44181	1.45964	1.48537	1.51588	1.54726	1.5751	1.59358	1.59629	1.57869	1.53731	1.46977	1.37434	1.24942	1.09378	0.907914	0.69925	0.487947	0.30247	0.164509	0.0780991	0.0323662	0.011748	0.00375346	0.00106164	0.000267394	6.03166e-05	1.22514e-05	2.2521e-06	3.76425e-07	5.74544e-08	8.03973e-09	1.03518e-09	1.23053e-10	1.35462e-11	1.38493e-12	1.31844e-13	1.17159e-14	9.74003e-16	7.59146e-17	5.55807e-18	3.82959e-19	2.48746e-20	1.52557e-21	8.84784e-23	4.85944e-24	2.53081e-25	1.25143e-26	5.88236e-28	2.66368e-29	8.88034e-30	1.76755e-28	3.8314e-27	7.89993e-26	1.54722e-24	2.87479e-23	5.06082e-22	8.42931e-21	1.32642e-19	1.96882e-18	2.75195e-17	3.61586e-16	4.45749e-15	5.14504e-14	5.54821e-13	5.57646e-12	5.21074e-11	4.51421e-10	3.61506e-09	2.66748e-08	
7.67585e-07	4.51406e-06	2.40991e-05	0.000116217	0.00050351	0.00194832	0.00669086	0.0202581	0.0537223	0.124045	0.248388	0.431337	0.654229	0.881773	1.08492	1.25461	1.39211	1.49671	1.56632	1.60029	1.60045	1.57201	1.52155	1.45744	1.38882	1.32175	1.26048	1.20994	1.17345	1.1528	1.14931	1.16325	1.1936	1.23879	1.29624	1.36173	1.43033	1.49733	1.55421	1.59234	1.60436	1.58432	1.5291	1.43819	1.31353	1.15689	0.966851	0.746546	0.517429	0.315072	0.166699	0.0764327	0.0304488	0.010595	0.00324087	0.000877298	0.000211534	4.57103e-05	8.90241e-06	1.57078e-06	2.52288e-07	3.70453e-08	4.99276e-09	6.19857e-10	7.11255e-11	7.56597e-12	7.48215e-13	6.89661e-14	5.93924e-15	4.78937e-16	3.62387e-17	2.57781e-18	1.727e-19	1.0915e-20	6.51828e-22	3.68347e-23	1.97243e-24	1.00216e-25	4.83728e-27	2.24872e-28	7.51756e-29	1.45399e-27	3.0708e-26	6.16562e-25	1.17514e-23	2.12342e-22	3.63268e-21	5.87537e-20	8.97003e-19	1.2906e-17	1.74693e-16	2.22037e-15	2.64469e-14	2.94569e-13	3.06095e-12	2.96002e-11	2.6566e-10	2.20635e-09	1.69026e-08	1.19029e-07	
2.95793e-06	1.64708e-05	8.29454e-05	0.000375676	0.00152101	0.00546824	0.0173317	0.0480679	0.115799	0.240853	0.431337	0.667991	0.909035	1.11993	1.29406	1.43606	1.54002	1.5973	1.60733	1.57462	1.508	1.41753	1.31256	1.20356	1.09743	0.998179	0.911635	0.843185	0.794208	0.766979	0.762766	0.78074	0.821579	0.882372	0.961882	1.05674	1.16069	1.26919	1.37696	1.4742	1.55167	1.59903	1.60702	1.56906	1.483	1.35507	1.19397	0.998019	0.766195	0.522464	0.309635	0.158113	0.0695866	0.0265267	0.00881998	0.00257719	0.000666689	0.000153746	3.18089e-05	5.93847e-06	1.00568e-06	1.55228e-07	2.19321e-08	2.84769e-09	3.41004e-10	3.77833e-11	3.8852e-12	3.71788e-13	3.31933e-14	2.77137e-15	2.16857e-16	1.59355e-17	1.10176e-18	7.17958e-20	4.4169e-21	2.56927e-22	1.41515e-23	7.3907e-25	3.6646e-26	1.74952e-27	5.87038e-28	1.10295e-26	2.26883e-25	4.43427e-24	8.22138e-23	1.44409e-21	2.39969e-20	3.76686e-19	5.5766e-18	7.77292e-17	1.01819e-15	1.25098e-14	1.43857e-13	1.54485e-12	1.54543e-11	1.43637e-10	1.23674e-09	9.83381e-09	7.19623e-08	4.82828e-07	
1.03238e-05	5.43176e-05	0.000257395	0.00109178	0.00411694	0.0136977	0.0398868	0.100807	0.219411	0.409129	0.654229	0.909035	1.13119	1.31311	1.46247	1.56703	1.60999	1.5949	1.53199	1.43128	1.30453	1.16046	1.00937	0.86032	0.718491	0.590946	0.485025	0.402114	0.343569	0.3117	0.306739	0.327767	0.375997	0.449358	0.546288	0.66509	0.80245	0.948864	1.10041	1.24818	1.38303	1.49546	1.57465	1.61039	1.59184	1.51089	1.37729	1.20865	1.00318	0.757831	0.502614	0.286916	0.140234	0.0588733	0.021379	0.0067709	0.00188579	0.000465496	0.00010257	2.03057e-05	3.6327e-06	5.9038e-07	8.75732e-08	1.19069e-08	1.48966e-09	1.72095e-10	1.84173e-11	1.8312e-12	1.69617e-13	1.46724e-14	1.18804e-15	9.02361e-17	6.44176e-18	4.33015e-19	2.7455e-20	1.64458e-21	9.32091e-23	5.00545e-24	2.55035e-25	1.2508e-26	4.21692e-27	7.69449e-26	1.54112e-24	2.93089e-23	5.28408e-22	9.01871e-21	1.45509e-19	2.21576e-18	3.17923e-17	4.29052e-16	5.43567e-15	6.45143e-14	7.15737e-13	7.40462e-12	7.12481e-11	6.35823e-10	5.24628e-09	3.9889e-08	2.7844e-07	1.77711e-06	
3.25984e-05	0.000161753	0.000719691	0.00285163	0.00998554	0.0306424	0.0816658	0.187344	0.367224	0.61361	0.881773	1.11993	1.31311	1.47136	1.57961	1.61197	1.5773	1.49308	1.3642	1.20202	1.0168	0.819853	0.624625	0.439383	0.272191	0.129923	0.0146224	-0.0755412	-0.136278	-0.169375	-0.175527	-0.152381	-0.103582	-0.0248097	0.0807729	0.2118	0.369615	0.548499	0.74067	0.938564	1.12954	1.30261	1.44592	1.5488	1.60478	1.60148	1.52216	1.38088	1.2024	0.982657	0.721564	0.459654	0.250085	0.116053	0.0462026	0.0159155	0.00478699	0.00126816	0.000298277	6.27375e-05	1.18766e-05	2.03525e-06	3.17351e-07	4.52343e-08	5.91853e-09	7.13535e-10	7.95356e-11	8.22261e-12	7.90681e-13	7.09051e-14	5.94412e-15	4.66878e-16	3.4429e-17	2.38828e-18	1.56123e-19	9.63371e-21	5.62012e-22	3.10428e-23	1.62574e-24	8.19337e-26	2.77844e-26	4.92258e-25	9.59701e-24	1.77546e-22	3.11159e-21	5.15858e-20	8.07773e-19	1.19276e-17	1.65793e-16	2.16527e-15	2.65168e-14	3.03844e-13	3.25e-12	3.23681e-11	2.99332e-10	2.56261e-09	2.0243e-08	1.47013e-07	9.77656e-07	5.92715e-06	
9.30978e-05	0.000435015	0.00181421	0.00670183	0.0217443	0.061394	0.149399	0.31057	0.548578	0.826475	1.08492	1.29406	1.46247	1.57961	1.61148	1.56604	1.46889	1.3154	1.11598	0.890037	0.649901	0.413862	0.191635	-0.00802773	-0.180378	-0.32348	-0.438151	-0.522883	-0.578882	-0.609219	-0.615216	-0.594473	-0.549193	-0.475806	-0.373585	-0.24067	-0.0812003	0.109009	0.322093	0.554697	0.794223	1.02801	1.2399	1.41383	1.53323	1.60055	1.60267	1.51699	1.36589	1.17456	0.935095	0.658372	0.397802	0.204249	0.0893376	0.0335513	0.0109224	0.0031116	0.000782581	0.000175149	3.51317e-05	6.35541e-06	1.04276e-06	1.55953e-07	2.13566e-08	2.6888e-09	3.12365e-10	3.35961e-11	3.3555e-12	3.12085e-13	2.70984e-14	2.20186e-15	1.67786e-16	1.20148e-17	8.10004e-19	5.15018e-20	3.09336e-21	1.75782e-22	9.46432e-24	4.90252e-25	1.67403e-25	2.87941e-24	5.46303e-23	9.82909e-22	1.67407e-20	2.69506e-19	4.09458e-18	5.86082e-17	7.88906e-16	9.96691e-15	1.17936e-13	1.30407e-12	1.34414e-11	1.28799e-10	1.14404e-09	9.38927e-09	7.0951e-08	4.91737e-07	3.11232e-06	1.79031e-05	
0.000240669	0.00105804	0.00413176	0.0142142	0.0426841	0.110783	0.246084	0.464266	0.743124	1.02295	1.25461	1.43606	1.56703	1.61197	1.56604	1.46103	1.28881	1.05534	0.797212	0.522685	0.252199	-0.00322381	-0.233734	-0.433022	-0.599266	-0.730312	-0.828381	-0.896407	-0.942201	-0.965131	-0.968861	-0.955448	-0.917777	-0.859387	-0.773438	-0.655476	-0.503646	-0.31698	-0.0989447	0.147908	0.413473	0.688241	0.954637	1.20044	1.40098	1.53093	1.60263	1.59659	1.4955	1.33213	1.12234	0.858634	0.571503	0.323772	0.155545	0.0637327	0.0224794	0.00689392	0.00185585	0.000442363	9.40889e-05	1.79806e-05	3.10618e-06	4.87704e-07	6.99352e-08	9.19877e-09	1.11418e-09	1.24712e-10	1.29416e-11	1.24871e-12	1.12331e-13	9.44447e-15	7.43841e-16	5.4995e-17	3.82433e-18	2.50592e-19	1.54986e-20	9.06198e-22	5.01666e-23	2.67131e-24	9.19387e-25	1.53521e-23	2.83413e-22	4.95833e-21	8.20559e-20	1.28255e-18	1.8902e-17	2.62209e-16	3.41717e-15	4.17522e-14	4.77226e-13	5.09055e-12	5.05444e-11	4.65822e-10	3.97247e-09	3.12405e-08	2.25715e-07	1.49206e-06	8.98217e-06	4.89892e-05	
0.000564344	0.0023339	0.00853359	0.0273413	0.0760137	0.181521	0.368907	0.634857	0.930414	1.19095	1.39211	1.54002	1.60999	1.5773	1.46889	1.28881	1.0331	0.750748	0.448798	0.141094	-0.146165	-0.408401	-0.62769	-0.80784	-0.943297	-1.041	-1.10885	-1.15322	-1.17901	-1.19225	-1.19375	-1.18443	-1.16572	-1.12995	-1.07047	-0.987135	-0.865964	-0.705436	-0.500368	-0.255764	0.0243551	0.324056	0.632907	0.921908	1.19333	1.40686	1.54168	1.60882	1.57973	1.45759	1.27763	1.04119	0.753448	0.467798	0.246076	0.109857	0.0419611	0.0138511	0.00399118	0.00101329	0.000228565	4.61475e-05	8.39455e-06	1.38384e-06	2.07809e-07	2.85587e-08	3.60674e-09	4.20165e-10	4.53032e-11	4.53505e-12	4.22675e-13	3.67728e-14	2.99348e-15	2.28513e-16	1.63913e-17	1.1069e-18	7.04949e-20	4.24107e-21	2.41405e-22	1.32143e-23	4.58754e-24	7.43691e-23	1.33583e-21	2.2724e-20	3.65388e-19	5.54451e-18	7.92628e-17	1.06555e-15	1.34437e-14	1.58847e-13	1.75367e-12	1.80444e-11	1.72575e-10	1.52954e-09	1.25219e-08	9.43503e-08	6.51704e-07	4.10835e-06	2.35205e-05	0.000121612	
0.00120447	0.00468964	0.016071	0.0480187	0.123833	0.27287	0.509775	0.806722	1.09686	1.328	1.49671	1.5973	1.5949	1.49308	1.3154	1.05534	0.750748	0.425107	0.0800274	-0.23494	-0.522196	-0.757185	-0.944503	-1.07876	-1.17096	-1.2246	-1.25414	-1.26314	-1.26512	-1.26616	-1.26401	-1.26368	-1.26467	-1.25867	-1.24057	-1.19639	-1.12025	-1.00493	-0.837539	-0.62363	-0.353738	-0.0506082	0.286443	0.623954	0.935815	1.22095	1.43127	1.5641	1.61052	1.54726	1.40206	1.19688	0.9272	0.624607	0.357663	0.173377	0.0715586	0.025387	0.0078216	0.00211327	0.000505176	0.000107695	2.06182e-05	3.56703e-06	5.60724e-07	8.04843e-08	1.0595e-08	1.28419e-09	1.43831e-10	1.49341e-11	1.44175e-12	1.29766e-13	1.09162e-14	8.60233e-16	6.36377e-17	4.42811e-18	2.9035e-19	1.79706e-20	1.0516e-21	5.91681e-23	2.07271e-23	3.26253e-22	5.70251e-21	9.43338e-20	1.47396e-18	2.17169e-17	3.01186e-16	3.92437e-15	4.79414e-14	5.47889e-13	5.84347e-12	5.80111e-11	5.34532e-10	4.55724e-09	3.58265e-08	2.58722e-07	1.70907e-06	1.02789e-05	5.59908e-05	0.000274598	
0.00235081	0.00863265	0.0277862	0.0776275	0.186317	0.380579	0.657933	0.966979	1.23648	1.43497	1.56632	1.60733	1.53199	1.3642	1.11598	0.797212	0.448798	0.0800274	-0.264533	-0.57165	-0.832671	-1.02656	-1.16535	-1.24185	-1.27551	-1.27235	-1.25084	-1.22795	-1.20491	-1.19012	-1.18817	-1.20009	-1.21661	-1.24099	-1.26674	-1.27667	-1.2616	-1.20126	-1.0903	-0.916764	-0.684359	-0.390759	-0.0639462	0.302626	0.659569	0.994379	1.27545	1.47394	1.5906	1.5966	1.4963	1.32397	1.08204	0.781633	0.483371	0.253076	0.112446	0.0427541	0.0140524	0.00403303	0.00102012	0.000229312	4.61503e-05	8.37022e-06	1.37606e-06	2.06119e-07	2.82607e-08	3.56151e-09	4.1409e-10	4.45694e-11	4.45449e-12	4.14574e-13	3.60222e-14	2.92911e-15	2.23383e-16	1.60103e-17	1.08043e-18	6.8772e-20	4.13592e-21	2.39122e-22	8.45061e-23	1.29185e-21	2.19789e-20	3.53683e-19	5.37188e-18	7.68775e-17	1.03475e-15	1.30733e-14	1.54709e-13	1.71092e-12	1.76378e-11	1.69035e-10	1.50155e-09	1.23228e-08	9.30964e-08	6.44881e-07	4.07784e-06	2.3423e-05	0.000121537	0.000566136	
0.00421972	0.0146549	0.0444445	0.116531	0.261495	0.498022	0.802946	1.10763	1.34861	1.51351	1.60029	1.57462	1.43128	1.20202	0.890037	0.522685	0.141094	-0.23494	-0.57165	-0.859954	-1.06776	-1.20804	-1.2695	-1.28023	-1.24078	-1.1883	-1.12462	-1.07105	-1.02934	-1.0049	-1.00373	-1.01822	-1.05039	-1.10245	-1.1619	-1.22132	-1.26929	-1.27865	-1.24208	-1.13127	-0.953417	-0.693861	-0.375332	-0.0120612	0.371239	0.745876	1.08672	1.34909	1.52906	1.6053	1.55974	1.42357	1.21319	0.928745	0.614661	0.34527	0.164315	0.0666888	0.0233066	0.00708528	0.00189168	0.000447424	9.44788e-05	1.79336e-05	3.07866e-06	4.80574e-07	6.85422e-08	8.9708e-09	1.08161e-09	1.20561e-10	1.24631e-11	1.1984e-12	1.0747e-13	9.01069e-15	7.07936e-16	5.22284e-17	3.62527e-18	2.37181e-19	1.46515e-20	8.69977e-22	3.09854e-22	4.60198e-21	7.62529e-20	1.19432e-18	1.76439e-17	2.4542e-16	3.20811e-15	3.93305e-14	4.51228e-13	4.83299e-12	4.82023e-11	4.46403e-10	3.82698e-09	3.02679e-08	2.20031e-07	1.46406e-06	8.8758e-06	4.87738e-05	0.000241535	0.0010709	
0.00701033	0.0231067	0.066291	0.163868	0.345648	0.617828	0.936765	1.22544	1.43525	1.56513	1.60045	1.508	1.30453	1.0168	0.649901	0.252199	-0.146165	-0.522196	-0.832671	-1.06776	-1.21613	-1.28116	-1.27071	-1.20765	-1.11228	-1.0083	-0.918609	-0.847401	-0.805137	-0.780088	-0.774114	-0.792634	-0.828494	-0.887159	-0.968643	-1.07208	-1.17073	-1.25178	-1.28385	-1.2526	-1.13666	-0.936995	-0.654529	-0.302539	0.0926445	0.492061	0.87762	1.19937	1.43726	1.57863	1.59286	1.49731	1.31981	1.05951	0.743459	0.444736	0.225348	0.0971455	0.0359476	0.0115334	0.00323978	0.000803964	0.000177664	3.52122e-05	6.29887e-06	1.02269e-06	1.51463e-07	2.0554e-08	2.56605e-09	2.95796e-10	3.15874e-11	3.13427e-12	2.89773e-13	2.50252e-14	2.02352e-15	1.53526e-16	1.09514e-17	7.35828e-19	4.66527e-20	2.84279e-21	1.01843e-21	1.4703e-20	2.37465e-19	3.62332e-18	5.21133e-17	7.05245e-16	8.96273e-15	1.06744e-13	1.18868e-12	1.23465e-11	1.19296e-10	1.06918e-09	8.85999e-09	6.76478e-08	4.74059e-07	3.03603e-06	1.76846e-05	9.31907e-05	0.000441591	0.0018689	
0.0108491	0.0340797	0.092914	0.217656	0.434102	0.733345	1.05451	1.32057	1.49924	1.59191	1.57201	1.41753	1.16046	0.819853	0.413862	-0.00322381	-0.408401	-0.757185	-1.02656	-1.20804	-1.28116	-1.26855	-1.17919	-1.05168	-0.911082	-0.79211	-0.70549	-0.648071	-0.609827	-0.591876	-0.589448	-0.600736	-0.631083	-0.67861	-0.752418	-0.859804	-0.994336	-1.13169	-1.23953	-1.28633	-1.24878	-1.11154	-0.874246	-0.556816	-0.168357	0.246364	0.662686	1.03443	1.32528	1.52496	1.59888	1.54733	1.40316	1.17087	0.863433	0.545849	0.292576	0.133222	0.051942	0.0175115	0.00515539	0.00133753	0.000308336	6.36231e-05	1.18278e-05	1.99251e-06	3.05736e-07	4.29286e-08	5.53861e-09	6.59076e-10	7.25813e-11	7.42014e-12	7.06195e-13	6.27319e-14	5.21365e-15	4.06295e-16	2.97492e-17	2.05053e-18	1.33293e-19	8.32634e-21	2.99179e-21	4.20136e-20	6.62191e-19	9.8555e-18	1.38185e-16	1.82193e-15	2.25439e-14	2.6123e-13	2.8282e-12	2.85367e-11	2.67618e-10	2.32569e-09	1.86678e-08	1.37903e-07	9.33821e-07	5.77088e-06	3.23865e-05	0.000164143	0.000746644	0.0030268	
0.015739	0.0473342	0.123254	0.275132	0.522083	0.839523	1.15419	1.3951	1.5436	1.59687	1.52155	1.31256	1.00937	0.624625	0.191635	-0.233734	-0.62769	-0.944503	-1.16535	-1.2695	-1.27071	-1.17919	-1.03078	-0.862004	-0.716062	-0.609411	-0.55403	-0.521077	-0.506367	-0.498195	-0.493712	-0.501111	-0.515283	-0.538905	-0.581782	-0.668692	-0.798877	-0.964714	-1.12391	-1.24506	-1.28114	-1.22188	-1.04542	-0.766133	-0.397476	0.019162	0.453734	0.864246	1.20177	1.45289	1.58315	1.57681	1.46566	1.26226	0.97039	0.643485	0.36243	0.173279	0.0708047	0.0249621	0.0076679	0.00207148	0.000496305	0.000106255	2.04634e-05	3.56631e-06	5.65412e-07	8.19351e-08	1.08988e-08	1.33584e-09	1.51393e-10	1.5915e-11	1.55634e-12	1.41957e-13	1.21064e-14	9.67519e-16	7.26094e-17	5.1269e-18	3.41234e-19	2.18211e-20	7.83568e-21	1.07136e-19	1.65049e-18	2.40001e-17	3.28615e-16	4.22881e-15	5.10421e-14	5.76598e-13	6.08173e-12	5.97417e-11	5.45022e-10	4.60376e-09	3.58854e-08	2.57175e-07	1.6876e-06	1.00942e-05	5.47549e-05	0.000267828	0.00117378	0.00457583	
0.0215288	0.0622928	0.15574	0.33319	0.605386	0.933193	1.23599	1.45181	1.57106	1.58393	1.45744	1.20356	0.86032	0.439383	-0.00802773	-0.433022	-0.80784	-1.07876	-1.24185	-1.28023	-1.20765	-1.05168	-0.862004	-0.684799	-0.567933	-0.515552	-0.505649	-0.499605	-0.482997	-0.48531	-0.487261	-0.482316	-0.494223	-0.504097	-0.509122	-0.539068	-0.629103	-0.786464	-0.976432	-1.15278	-1.26237	-1.27198	-1.15745	-0.92932	-0.592062	-0.183005	0.260468	0.69907	1.07506	1.37005	1.55158	1.58972	1.51052	1.33484	1.06214	0.733553	0.431282	0.21519	0.0916372	0.0336088	0.0107207	0.00300234	0.000744527	0.000164747	3.27516e-05	5.88515e-06	9.61028e-07	1.43306e-07	1.95983e-08	2.46773e-09	2.87102e-10	3.0962e-11	3.10421e-12	2.90117e-13	2.53377e-14	2.07265e-15	1.59135e-16	1.14906e-17	7.81759e-19	5.10901e-20	1.82634e-20	2.43445e-19	3.67301e-18	5.22895e-17	7.00645e-16	8.8195e-15	1.04079e-13	1.14891e-12	1.18353e-11	1.13477e-10	1.00981e-09	8.31418e-09	6.31202e-08	4.402e-07	2.80835e-06	1.63137e-05	8.58422e-05	0.00040678	0.00172455	0.0064928	
0.0279116	0.0780979	0.188502	0.388798	0.680743	1.01284	1.30121	1.49334	1.58461	1.55903	1.38882	1.09743	0.718491	0.272191	-0.180378	-0.599266	-0.943297	-1.17096	-1.27551	-1.24078	-1.11228	-0.911082	-0.716062	-0.567933	-0.509338	-0.50493	-0.511522	-0.500721	-0.485124	-0.48825	-0.489425	-0.483219	-0.493235	-0.509417	-0.508401	-0.504147	-0.533788	-0.649155	-0.828795	-1.03777	-1.1987	-1.27753	-1.2278	-1.05022	-0.747354	-0.353598	0.0888184	0.546709	0.953677	1.28391	1.50976	1.59009	1.5412	1.3908	1.13812	0.813165	0.495842	0.25662	0.113236	0.0429729	0.0141629	0.00409229	0.00104571	0.000238162	4.86815e-05	8.98592e-06	1.50609e-06	2.30334e-07	3.22844e-08	4.16365e-09	4.95864e-10	5.47105e-11	5.60907e-12	5.35806e-13	4.78087e-14	3.99388e-15	3.13039e-16	2.30664e-17	1.60092e-18	1.06705e-19	3.78441e-20	4.92656e-19	7.29645e-18	1.01937e-16	1.33997e-15	1.65408e-14	1.91345e-13	2.06967e-12	2.0881e-11	1.95983e-10	1.70627e-09	1.37364e-08	1.01901e-07	6.93909e-07	4.31915e-06	2.44574e-05	0.000125323	0.000577672	0.00237926	0.00869031	
