-0.00710782	-0.0194135	-0.00405607	0.0111763	0.00236191	-0.0308534	-0.0828492	-0.127254	-0.15207	-0.132453	-0.0863729	-0.0274118	0.0610039	0.145616	0.211799	0.256634	0.293262	0.304649	0.281069	0.229252	0.169517	0.111617	0.0412431	-0.0402901	-0.118633	-0.173876	-0.188277	-0.172163	-0.133672	-0.0937001	-0.0588727	-0.0340862	-0.0197422	-0.00955877	-0.00702908	-0.00197815	-0.00276302	0.00117072	0.00136976	0.00465774	0.00667853	0.0104261	0.0114442	0.0164469	0.0143444	0.0157095	0.0122631	0.00667357	0.000939903	-0.00325666	-0.00396632	-0.00384221	0.00979822	0.0180198	0.0262179	0.0238821	0.00479259	-0.00440361	-0.00840001	0.0100214	0.0423753	0.0405768	0.0215539	0.00546237	-0.0117646	-0.00111857	0.0415142	0.0860834	0.126799	0.153491	0.142478	0.101652	0.0488157	-0.0212054	-0.104285	-0.175285	-0.225309	-0.264748	-0.289771	-0.282596	-0.242081	-0.187395	-0.131638	-0.0694315	0.00671358	0.0883017	0.153631	0.184618	0.17863	0.147052	0.106026	0.0682011	0.0396521	0.0210434	0.0102733	0.00464281	0.00195243	0.000766813	0.000280218	8.83288e-05	
-0.0194135	-0.0174741	0.0100899	0.0204378	-0.022027	-0.101812	-0.18298	-0.24987	-0.270942	-0.222798	-0.139118	-0.0217073	0.127783	0.279082	0.401649	0.490168	0.557688	0.580207	0.539549	0.444825	0.33772	0.220392	0.0859689	-0.0708677	-0.219623	-0.321529	-0.351312	-0.318888	-0.246679	-0.168741	-0.100201	-0.0521037	-0.0215832	-0.00390966	0.00402933	0.00909712	0.00998932	0.0112016	0.0111437	0.0110781	0.0108386	0.010921	0.0100004	0.0105655	0.0100583	0.0103486	0.0115713	0.0114531	0.0145926	0.0129014	0.0164256	0.0162636	0.0177063	0.0198357	0.0200328	0.0250502	0.0203601	0.0127386	0.0138579	0.0279268	0.0518557	0.0614841	0.0465467	0.0141519	-0.00833274	0.0202366	0.0925956	0.172037	0.245229	0.287516	0.266079	0.191455	0.0862866	-0.0517799	-0.209087	-0.345892	-0.447116	-0.524211	-0.568288	-0.552213	-0.475781	-0.370387	-0.258005	-0.131634	0.0185415	0.175551	0.300185	0.359788	0.349349	0.289615	0.210744	0.137006	0.0805815	0.0432893	0.021402	0.00979779	0.00417443	0.00166112	0.000614808	0.000195894	
-0.00405607	0.0100899	0.0136154	-0.0115295	-0.0819802	-0.181583	-0.272248	-0.341933	-0.350999	-0.289555	-0.169712	0.00160501	0.200729	0.410349	0.584515	0.719947	0.810071	0.837138	0.778158	0.653069	0.496793	0.31854	0.117331	-0.107526	-0.315657	-0.455484	-0.501683	-0.455747	-0.3594	-0.245936	-0.148705	-0.0761679	-0.0295675	-0.00359821	0.0118234	0.016415	0.0215378	0.019719	0.0213925	0.0185336	0.0178073	0.0144862	0.0136344	0.00908399	0.0105761	0.00805704	0.0119397	0.0151599	0.0222745	0.0285622	0.0325327	0.0363304	0.030092	0.0259719	0.0152774	0.0156466	0.0312354	0.0399798	0.0490948	0.0536393	0.0555562	0.0604937	0.0498337	0.0312944	0.0353725	0.0762741	0.15481	0.256019	0.346251	0.387492	0.356639	0.256535	0.10092	-0.0981996	-0.314438	-0.508842	-0.66153	-0.771549	-0.824965	-0.798016	-0.693386	-0.543539	-0.373276	-0.180429	0.0389635	0.259928	0.433047	0.517117	0.505131	0.423599	0.312846	0.20685	0.123893	0.0678291	0.0341897	0.0159608	0.00693448	0.00281337	0.00106083	0.000343292	
0.0111763	0.0204378	-0.0115295	-0.0734201	-0.150311	-0.247872	-0.344772	-0.404317	-0.404552	-0.334203	-0.174893	0.0453948	0.296858	0.551646	0.775853	0.951458	1.05153	1.06792	0.989723	0.838366	0.628057	0.3884	0.116922	-0.163444	-0.41571	-0.584546	-0.643162	-0.592499	-0.478132	-0.337731	-0.214601	-0.119137	-0.0568536	-0.0206671	0.000379964	0.00827964	0.0143289	0.0148093	0.0165355	0.0166932	0.0176549	0.0181369	0.020314	0.0209	0.0241903	0.0257883	0.0282112	0.0321132	0.0310278	0.0365067	0.0351506	0.0344224	0.031676	0.0301509	0.0282527	0.0274261	0.0455537	0.0697991	0.080403	0.0686534	0.0512932	0.0477985	0.0527927	0.0739038	0.112259	0.15837	0.233259	0.336291	0.418038	0.444955	0.405631	0.283875	0.0835365	-0.16257	-0.420703	-0.663479	-0.863387	-0.997805	-1.0509	-1.01264	-0.887996	-0.699785	-0.471111	-0.211723	0.0686348	0.338428	0.546548	0.650133	0.640546	0.545635	0.41103	0.277861	0.170374	0.0955459	0.0493399	0.0235943	0.0104974	0.00435887	0.00168014	0.000553628	
0.00236191	-0.022027	-0.0819802	-0.150311	-0.216699	-0.297175	-0.380927	-0.427316	-0.417861	-0.332589	-0.146812	0.112314	0.400723	0.687636	0.956954	1.15924	1.2623	1.26491	1.1763	0.998779	0.744254	0.44063	0.109314	-0.213921	-0.493329	-0.682497	-0.750949	-0.706364	-0.580247	-0.425135	-0.277496	-0.162693	-0.0833434	-0.0349979	-0.0086876	0.00603577	0.0113922	0.0167624	0.0174782	0.021695	0.0233097	0.028167	0.0312986	0.0368365	0.0396625	0.044308	0.0433854	0.0446304	0.039305	0.0333149	0.0302177	0.0276272	0.0300037	0.0405919	0.0578344	0.0652498	0.0691643	0.0791874	0.0856837	0.0729743	0.0486046	0.0485342	0.0844759	0.140705	0.200623	0.258337	0.32739	0.403036	0.452479	0.458969	0.406596	0.26278	0.0309678	-0.243567	-0.529786	-0.810112	-1.0454	-1.19307	-1.24005	-1.19208	-1.05307	-0.830699	-0.545555	-0.224401	0.10498	0.406987	0.636433	0.754839	0.752179	0.653276	0.504024	0.349785	0.220399	0.127042	0.0674145	0.0331098	0.015119	0.00643766	0.00254048	0.000853255	
-0.0308534	-0.101812	-0.181583	-0.247872	-0.297175	-0.334697	-0.377815	-0.396283	-0.361198	-0.259238	-0.065681	0.200534	0.498246	0.805793	1.09822	1.3147	1.42049	1.42163	1.32863	1.134	0.84371	0.48523	0.110825	-0.240783	-0.532716	-0.732642	-0.814086	-0.780103	-0.655648	-0.491944	-0.327077	-0.193377	-0.0966102	-0.0351175	0.000157358	0.0203917	0.0293627	0.0359716	0.0378461	0.0409065	0.0416719	0.0428221	0.0435294	0.0431846	0.0421474	0.04215	0.038903	0.0372578	0.0380285	0.0346186	0.0363919	0.0441747	0.0505634	0.0623578	0.0852896	0.0954337	0.086282	0.0712637	0.0659129	0.0733874	0.0761726	0.0901922	0.14075	0.215843	0.29744	0.368262	0.415081	0.442673	0.45268	0.431577	0.353212	0.189772	-0.0533697	-0.339716	-0.644348	-0.946972	-1.19869	-1.34917	-1.38965	-1.33412	-1.18189	-0.927856	-0.592631	-0.220763	0.142707	0.461151	0.700253	0.829863	0.838698	0.74506	0.59061	0.421975	0.273896	0.162599	0.0888029	0.044849	0.0210383	0.00919197	0.00371515	0.00127195	
-0.0828492	-0.18298	-0.272248	-0.344772	-0.380927	-0.377815	-0.360369	-0.314538	-0.237472	-0.115499	0.0717625	0.32057	0.614193	0.921748	1.21114	1.42213	1.52826	1.52808	1.42691	1.21561	0.893122	0.499348	0.0981912	-0.263444	-0.55545	-0.758196	-0.852333	-0.832937	-0.719703	-0.554041	-0.378654	-0.228487	-0.115242	-0.0414152	0.00331084	0.027764	0.0396689	0.0460918	0.0480898	0.0482614	0.0485348	0.0449615	0.0436156	0.040252	0.0353322	0.0351983	0.0335037	0.0345562	0.0429771	0.0528584	0.0628562	0.0781611	0.0896876	0.0840074	0.0841629	0.0907277	0.0856046	0.0729455	0.0679012	0.0879825	0.122885	0.163539	0.223986	0.305669	0.394641	0.458504	0.471621	0.453826	0.422968	0.359886	0.245643	0.0723554	-0.164246	-0.451757	-0.764092	-1.068	-1.31541	-1.46225	-1.49917	-1.43614	-1.26784	-0.985078	-0.611919	-0.206223	0.175098	0.497023	0.73754	0.876209	0.900625	0.820442	0.669681	0.493459	0.330373	0.202169	0.113703	0.0590671	0.0284666	0.0127611	0.00528121	0.00184245	
-0.127254	-0.24987	-0.341933	-0.404317	-0.427316	-0.396283	-0.314538	-0.20886	-0.0942495	0.0534498	0.239019	0.478515	0.762049	1.05652	1.31737	1.50452	1.60499	1.59144	1.47291	1.23582	0.891085	0.477992	0.0699049	-0.290932	-0.573483	-0.778011	-0.88195	-0.883767	-0.786119	-0.627083	-0.446326	-0.282047	-0.155488	-0.0667085	-0.0156478	0.015872	0.0285494	0.0356738	0.0385613	0.0376232	0.0395587	0.0395129	0.0388591	0.0441589	0.0437264	0.0483116	0.0563069	0.0586387	0.0674904	0.0783801	0.0836608	0.0889025	0.102943	0.100345	0.082101	0.0775979	0.0819838	0.0853286	0.0964374	0.134743	0.195014	0.258631	0.328019	0.401668	0.467762	0.505463	0.492024	0.436852	0.355887	0.242089	0.0971291	-0.0762384	-0.299638	-0.579592	-0.882067	-1.16455	-1.39228	-1.53296	-1.56788	-1.49398	-1.30592	-1.00079	-0.607318	-0.188157	0.195686	0.512174	0.749721	0.89672	0.939891	0.879651	0.740298	0.563046	0.388988	0.245402	0.142113	0.0759179	0.037575	0.0172746	0.00731617	0.00259929	
-0.15207	-0.270942	-0.350999	-0.404552	-0.417861	-0.361198	-0.237472	-0.0942495	0.0618269	0.239762	0.42838	0.652869	0.914516	1.17587	1.38927	1.55917	1.6484	1.62141	1.48167	1.225	0.870379	0.461884	0.0588772	-0.290754	-0.566266	-0.771102	-0.889849	-0.91427	-0.840931	-0.692681	-0.514165	-0.337221	-0.198119	-0.0941795	-0.0316925	0.00552708	0.0259937	0.0327381	0.0398648	0.0404285	0.0419981	0.0474461	0.047683	0.0552888	0.0641363	0.0676489	0.0820395	0.0899512	0.0926445	0.101226	0.102476	0.0900112	0.0870402	0.0919726	0.0858475	0.0810964	0.0948042	0.123822	0.157227	0.212138	0.293328	0.368654	0.427898	0.473629	0.502613	0.510814	0.474173	0.378869	0.244242	0.0894744	-0.0738212	-0.247209	-0.457849	-0.715857	-0.985993	-1.23056	-1.43154	-1.56351	-1.59284	-1.50307	-1.29528	-0.979367	-0.58643	-0.174162	0.19978	0.506167	0.739746	0.895368	0.959311	0.923505	0.801748	0.629464	0.448661	0.291692	0.173844	0.0954439	0.0484831	0.0228432	0.00989355	0.00357707	
-0.132453	-0.222798	-0.289555	-0.334203	-0.332589	-0.259238	-0.115499	0.0534498	0.239762	0.430054	0.609746	0.811775	1.03722	1.24754	1.42963	1.58699	1.6581	1.62028	1.46164	1.19512	0.850524	0.464946	0.0764464	-0.254813	-0.530645	-0.734608	-0.873457	-0.92171	-0.876565	-0.746865	-0.572016	-0.390835	-0.234631	-0.120364	-0.0402746	0.00299841	0.0330796	0.0456533	0.0547267	0.0631512	0.0647743	0.0732448	0.0777868	0.0801213	0.0905065	0.0916603	0.0949578	0.103399	0.100934	0.0970638	0.103001	0.0941829	0.0814183	0.0841358	0.0931858	0.109872	0.140869	0.19593	0.258461	0.319039	0.392836	0.459477	0.498212	0.512178	0.503274	0.473727	0.403086	0.269838	0.0980921	-0.0802065	-0.257455	-0.435859	-0.628809	-0.845156	-1.06529	-1.26611	-1.43778	-1.55394	-1.56956	-1.46161	-1.24113	-0.930597	-0.558675	-0.170278	0.185395	0.480578	0.711522	0.876569	0.962096	0.953234	0.853601	0.691499	0.508191	0.340243	0.208533	0.117572	0.0612483	0.0295511	0.0130778	0.00480823	
-0.0863729	-0.139118	-0.169712	-0.174893	-0.146812	-0.065681	0.0717625	0.239019	0.42838	0.609746	0.778204	0.948586	1.1184	1.28318	1.44114	1.56789	1.61518	1.56611	1.39514	1.13901	0.827652	0.474923	0.119978	-0.196772	-0.468512	-0.675314	-0.831886	-0.904275	-0.887143	-0.780838	-0.612305	-0.431699	-0.260659	-0.135758	-0.0416215	0.0111606	0.0459234	0.0651798	0.07481	0.085087	0.0907338	0.0946211	0.104713	0.10272	0.109063	0.109347	0.103524	0.100082	0.0978498	0.0842064	0.0822299	0.0894544	0.0907323	0.109129	0.138523	0.179111	0.232738	0.297834	0.366201	0.420745	0.473486	0.51844	0.531871	0.512452	0.461195	0.383506	0.275488	0.120673	-0.0666611	-0.259887	-0.451177	-0.630265	-0.792317	-0.952543	-1.1171	-1.27488	-1.41254	-1.50116	-1.49546	-1.37382	-1.15482	-0.867338	-0.532875	-0.179768	0.153369	0.438563	0.669312	0.844616	0.951463	0.970324	0.895732	0.748109	0.566372	0.390144	0.245679	0.142118	0.0758587	0.0374473	0.0169187	0.00632058	
-0.0274118	-0.0217073	0.00160501	0.0453948	0.112314	0.200534	0.32057	0.478515	0.652869	0.811775	0.948586	1.05773	1.16251	1.27819	1.39597	1.47733	1.50253	1.44418	1.28295	1.06521	0.799427	0.496827	0.18341	-0.119589	-0.381539	-0.596213	-0.76541	-0.860738	-0.872757	-0.788471	-0.634784	-0.452968	-0.275592	-0.136516	-0.0335058	0.0300707	0.0678063	0.0890691	0.0995068	0.102978	0.10915	0.103357	0.10808	0.102778	0.0985637	0.0982184	0.091558	0.0862876	0.0868191	0.0885964	0.0907271	0.112461	0.137728	0.175889	0.227428	0.280547	0.337992	0.400916	0.462563	0.50024	0.522773	0.538362	0.521107	0.461034	0.363235	0.24234	0.109645	-0.0515651	-0.245647	-0.450013	-0.644925	-0.808148	-0.928609	-1.03203	-1.14419	-1.25775	-1.35218	-1.40239	-1.37433	-1.25118	-1.05149	-0.802219	-0.515251	-0.202814	0.106777	0.384155	0.617212	0.803311	0.930393	0.976397	0.92833	0.798507	0.622089	0.440438	0.284674	0.168796	0.0922309	0.04654	0.021447	0.00813478	
0.0610039	0.127783	0.200729	0.296858	0.400723	0.498246	0.614193	0.762049	0.914516	1.03722	1.1184	1.16251	1.20051	1.25748	1.31434	1.34113	1.33959	1.27406	1.14502	0.971114	0.758044	0.508857	0.232961	-0.054847	-0.308153	-0.534193	-0.709553	-0.830263	-0.865796	-0.806445	-0.67049	-0.488854	-0.311687	-0.156335	-0.0496472	0.0270071	0.0651952	0.0895924	0.0989514	0.100315	0.101713	0.0973257	0.0916799	0.0910236	0.0819594	0.0829745	0.0837602	0.0891506	0.101364	0.122863	0.147496	0.183968	0.224406	0.272617	0.332743	0.390311	0.440343	0.484112	0.52775	0.548197	0.535042	0.504392	0.446366	0.35052	0.220193	0.0707601	-0.0788059	-0.24346	-0.438491	-0.639806	-0.817261	-0.949561	-1.02948	-1.08485	-1.14683	-1.20938	-1.25171	-1.26063	-1.21826	-1.11021	-0.94626	-0.744794	-0.508525	-0.237084	0.0499516	0.321565	0.558809	0.755806	0.901501	0.973114	0.951872	0.842204	0.67439	0.490188	0.32485	0.197235	0.110211	0.0567929	0.0266698	0.0102621	
0.145616	0.279082	0.410349	0.551646	0.687636	0.805793	0.921748	1.05652	1.17587	1.24754	1.28318	1.27819	1.25748	1.24533	1.22749	1.19986	1.16434	1.10434	1.00914	0.878846	0.71366	0.510767	0.263049	-0.00646844	-0.261409	-0.491932	-0.678739	-0.818446	-0.877324	-0.843339	-0.724917	-0.550099	-0.370383	-0.206759	-0.0893865	-0.00662615	0.0393354	0.0647743	0.0764418	0.0808201	0.0814178	0.0838821	0.0831736	0.0884657	0.0933108	0.1032	0.116438	0.135657	0.161508	0.195452	0.23302	0.284853	0.335421	0.37969	0.433261	0.483744	0.522371	0.544053	0.553079	0.537353	0.484263	0.410403	0.316066	0.194794	0.0475279	-0.119596	-0.285472	-0.45119	-0.631195	-0.806421	-0.949808	-1.04853	-1.09621	-1.10999	-1.11819	-1.12236	-1.11173	-1.0877	-1.04553	-0.968223	-0.850834	-0.700126	-0.512229	-0.278802	-0.0125198	0.254638	0.497033	0.704585	0.867002	0.962115	0.967078	0.879009	0.722538	0.538535	0.365511	0.226999	0.129583	0.0681238	0.0325681	0.0127025	
0.211799	0.401649	0.584515	0.775853	0.956954	1.09822	1.21114	1.31737	1.38927	1.42963	1.44114	1.39597	1.31434	1.22749	1.14579	1.0694	1.01899	0.97558	0.917344	0.829963	0.705645	0.537338	0.313918	0.055271	-0.204113	-0.441404	-0.643239	-0.799564	-0.882948	-0.874358	-0.773956	-0.610416	-0.426474	-0.257135	-0.12602	-0.033811	0.0216455	0.0549085	0.0719311	0.0821262	0.0899365	0.0973656	0.106223	0.122006	0.135679	0.161472	0.188746	0.219853	0.257343	0.30179	0.340245	0.386772	0.44314	0.485088	0.521434	0.549766	0.559655	0.544715	0.514126	0.462938	0.373695	0.265619	0.147992	0.0103344	-0.149803	-0.32862	-0.501164	-0.653262	-0.79866	-0.933083	-1.03948	-1.10882	-1.12793	-1.09888	-1.04892	-0.99542	-0.942701	-0.90237	-0.875555	-0.83894	-0.771619	-0.669004	-0.523794	-0.32388	-0.0765467	0.186546	0.434151	0.651554	0.828739	0.944966	0.974845	0.909016	0.76602	0.584732	0.405977	0.257612	0.150075	0.0804073	0.0390957	0.0154437	
0.256634	0.490168	0.719947	0.951458	1.15924	1.3147	1.42213	1.50452	1.55917	1.58699	1.56789	1.47733	1.34113	1.19986	1.0694	0.974266	0.929324	0.90787	0.889405	0.837842	0.744273	0.601779	0.396392	0.14271	-0.119523	-0.369721	-0.582865	-0.75808	-0.863153	-0.878607	-0.799578	-0.644293	-0.463122	-0.28241	-0.14197	-0.0349856	0.0316205	0.0745467	0.102312	0.120934	0.136557	0.156984	0.17059	0.198146	0.221545	0.250125	0.287862	0.326295	0.365749	0.415324	0.460197	0.494108	0.5295	0.551015	0.561118	0.557054	0.532951	0.482062	0.4112	0.32997	0.219957	0.0879092	-0.0507876	-0.201441	-0.366175	-0.541317	-0.701013	-0.823364	-0.925455	-1.01863	-1.09131	-1.13054	-1.11597	-1.04096	-0.936763	-0.838555	-0.763201	-0.724759	-0.723699	-0.730137	-0.709939	-0.649281	-0.539858	-0.368761	-0.138943	0.119701	0.371861	0.598154	0.788226	0.923126	0.976192	0.932553	0.804555	0.628174	0.445613	0.288578	0.171375	0.0934786	0.0461799	0.0184606	
0.293262	0.557688	0.810071	1.05153	1.2623	1.42049	1.52826	1.60499	1.6484	1.6581	1.61518	1.50253	1.33959	1.16434	1.01899	0.929324	0.894222	0.899941	0.914407	0.890745	0.822315	0.701926	0.508645	0.266377	-0.00375992	-0.259405	-0.487373	-0.676374	-0.802119	-0.840934	-0.780741	-0.639574	-0.456925	-0.273601	-0.11734	-0.00235609	0.0791463	0.130914	0.166491	0.196461	0.217222	0.24703	0.271719	0.302792	0.338037	0.372046	0.408806	0.447152	0.480479	0.510964	0.540484	0.557451	0.57021	0.561217	0.533676	0.495455	0.439163	0.359647	0.262244	0.157656	0.0292243	-0.121534	-0.274764	-0.428196	-0.580118	-0.729872	-0.8606	-0.949615	-1.01243	-1.06747	-1.10391	-1.10503	-1.05078	-0.934544	-0.792187	-0.67096	-0.593615	-0.570456	-0.598383	-0.643671	-0.663595	-0.637511	-0.557295	-0.410847	-0.197522	0.0558113	0.311411	0.545483	0.746708	0.897925	0.972192	0.950136	0.838072	0.668408	0.483851	0.319407	0.193145	0.107141	0.0537231	0.0217154	
0.304649	0.580207	0.837138	1.06792	1.26491	1.42163	1.52808	1.59144	1.62141	1.62028	1.56611	1.44418	1.27406	1.10434	0.97558	0.90787	0.899941	0.937706	0.982862	0.987107	0.944459	0.839431	0.664393	0.428146	0.156698	-0.106736	-0.346269	-0.549008	-0.692069	-0.753766	-0.710884	-0.585006	-0.402828	-0.216067	-0.0484113	0.0786979	0.1704	0.232802	0.275527	0.310167	0.338023	0.366774	0.395106	0.423817	0.45501	0.482883	0.513307	0.537058	0.556547	0.568873	0.570535	0.554206	0.534005	0.500094	0.444715	0.376009	0.295746	0.194711	0.070869	-0.0556555	-0.194526	-0.351078	-0.502153	-0.639733	-0.762974	-0.876539	-0.974501	-1.03401	-1.06153	-1.07528	-1.06722	-1.024	-0.933444	-0.792265	-0.635634	-0.513734	-0.449499	-0.447359	-0.501177	-0.577238	-0.628805	-0.630282	-0.573775	-0.44857	-0.250983	-0.00399618	0.253712	0.49439	0.705203	0.870554	0.963919	0.962412	0.86668	0.70513	0.520209	0.349632	0.21503	0.121171	0.0616068	0.0251592	
0.281069	0.539549	0.778158	0.989723	1.1763	1.32863	1.42691	1.47291	1.48167	1.46164	1.39514	1.28295	1.14502	1.00914	0.917344	0.889405	0.914407	0.982862	1.05737	1.09118	1.07034	0.986943	0.829396	0.605126	0.336597	0.0696651	-0.17854	-0.390224	-0.549927	-0.628587	-0.606059	-0.492351	-0.316222	-0.126636	0.0486531	0.183582	0.284514	0.350775	0.3983	0.432767	0.459532	0.485036	0.507019	0.526067	0.546098	0.557172	0.566215	0.570753	0.563053	0.549096	0.531065	0.490386	0.442057	0.380804	0.300545	0.207822	0.101399	-0.0181558	-0.154912	-0.291954	-0.428975	-0.57286	-0.703421	-0.812099	-0.90144	-0.979741	-1.04663	-1.07629	-1.06453	-1.03017	-0.974043	-0.89177	-0.780299	-0.636966	-0.489122	-0.382561	-0.338163	-0.35593	-0.428894	-0.526614	-0.601768	-0.624956	-0.587901	-0.481226	-0.298717	-0.0590361	0.199427	0.445543	0.664552	0.842057	0.952412	0.970109	0.890633	0.73818	0.554294	0.378822	0.236679	0.135332	0.0696955	0.028733	
0.229252	0.444825	0.653069	0.838366	0.998779	1.134	1.21561	1.23582	1.225	1.19512	1.13901	1.06521	0.971114	0.878846	0.829963	0.837842	0.890745	0.987107	1.09118	1.15257	1.16098	1.10154	0.967559	0.761466	0.502081	0.236658	-0.0141456	-0.232963	-0.402922	-0.498378	-0.492388	-0.393553	-0.22441	-0.0361476	0.142135	0.281609	0.383822	0.451405	0.493569	0.523428	0.540521	0.554688	0.565228	0.568182	0.572908	0.567078	0.556798	0.538967	0.51279	0.470564	0.42629	0.363785	0.289023	0.206462	0.1031	-0.0102569	-0.129137	-0.25694	-0.396419	-0.525817	-0.641071	-0.757171	-0.860341	-0.940255	-0.998206	-1.04136	-1.07236	-1.06517	-1.00923	-0.927228	-0.83209	-0.728109	-0.617016	-0.49209	-0.368412	-0.284229	-0.259138	-0.291689	-0.376223	-0.487439	-0.57951	-0.619881	-0.599081	-0.508734	-0.340594	-0.108946	0.149033	0.399475	0.625445	0.81334	0.938641	0.973989	0.910297	0.76752	0.58581	0.406595	0.257751	0.149379	0.0778419	0.0323704	
0.169517	0.33772	0.496793	0.628057	0.744254	0.84371	0.893122	0.891085	0.870379	0.850524	0.827652	0.799427	0.758044	0.71366	0.705645	0.744273	0.822315	0.944459	1.07034	1.16098	1.19547	1.15969	1.05067	0.863703	0.615684	0.356288	0.102967	-0.11782	-0.297641	-0.405999	-0.415692	-0.331979	-0.170127	0.0132353	0.193945	0.333505	0.437246	0.501172	0.539641	0.558835	0.568624	0.565956	0.564678	0.549138	0.535127	0.510696	0.479398	0.440642	0.392331	0.33107	0.261424	0.176343	0.081	-0.0195864	-0.133754	-0.255696	-0.377431	-0.493203	-0.612828	-0.723178	-0.813445	-0.899516	-0.973623	-1.02409	-1.04911	-1.05229	-1.03941	-0.990438	-0.894554	-0.778555	-0.664436	-0.560468	-0.467932	-0.37353	-0.279722	-0.217472	-0.207021	-0.248164	-0.337772	-0.456194	-0.560118	-0.614268	-0.607286	-0.531396	-0.376789	-0.153593	0.102867	0.356614	0.58845	0.785178	0.92349	0.974816	0.926111	0.793216	0.614548	0.432623	0.277926	0.163065	0.0858922	0.0359998	
0.111617	0.220392	0.31854	0.3884	0.44063	0.48523	0.499348	0.477992	0.461884	0.464946	0.474923	0.496827	0.508857	0.510767	0.537338	0.601779	0.701926	0.839431	0.986943	1.10154	1.15969	1.1478	1.06328	0.894275	0.663217	0.407431	0.158084	-0.0657402	-0.251642	-0.370187	-0.396117	-0.323396	-0.174336	0.00781255	0.183628	0.325864	0.425567	0.486692	0.518003	0.528111	0.525913	0.512277	0.493333	0.464731	0.431121	0.387314	0.335134	0.274825	0.205027	0.122342	0.0400849	-0.0576976	-0.166162	-0.27056	-0.381923	-0.492889	-0.598912	-0.696779	-0.793312	-0.878722	-0.940972	-0.996678	-1.04054	-1.05678	-1.04132	-0.998643	-0.941158	-0.857678	-0.738366	-0.610456	-0.49937	-0.412617	-0.348197	-0.286901	-0.2211	-0.176216	-0.174677	-0.2191	-0.30916	-0.430467	-0.542588	-0.607931	-0.612825	-0.549717	-0.407656	-0.192999	0.0611489	0.317301	0.554034	0.758223	0.907748	0.973321	0.938552	0.815414	0.640378	0.456632	0.29691	0.176154	0.0936913	0.0395469	
0.0412431	0.0859689	0.117331	0.116922	0.109314	0.110825	0.0981912	0.0699049	0.0588772	0.0764464	0.119978	0.18341	0.232961	0.263049	0.313918	0.396392	0.508645	0.664393	0.829396	0.967559	1.05067	1.06328	1.00087	0.855389	0.636612	0.391616	0.14336	-0.0796401	-0.270525	-0.398535	-0.436451	-0.377856	-0.236661	-0.0624981	0.113324	0.251097	0.349643	0.404094	0.426927	0.426244	0.410729	0.380042	0.348029	0.298868	0.250358	0.19149	0.123302	0.0492917	-0.0297049	-0.123344	-0.217152	-0.31123	-0.412309	-0.507275	-0.60403	-0.699049	-0.785263	-0.858194	-0.927931	-0.988679	-1.02262	-1.04242	-1.04686	-1.02183	-0.96433	-0.880889	-0.790541	-0.690536	-0.569978	-0.451465	-0.359083	-0.29761	-0.26198	-0.229593	-0.186077	-0.152987	-0.155502	-0.199551	-0.287295	-0.408804	-0.526541	-0.601044	-0.616162	-0.564275	-0.433631	-0.227295	0.024012	0.281804	0.522579	0.733022	0.892103	0.97019	0.948115	0.834314	0.663239	0.478405	0.314444	0.188423	0.101088	0.0429374	
-0.0402901	-0.0708677	-0.107526	-0.163444	-0.213921	-0.240783	-0.263444	-0.290932	-0.290754	-0.254813	-0.196772	-0.119589	-0.054847	-0.00646844	0.055271	0.14271	0.266377	0.428146	0.605126	0.761466	0.863703	0.894275	0.855389	0.724215	0.523643	0.283612	0.0410428	-0.182525	-0.376308	-0.511584	-0.561277	-0.513197	-0.383247	-0.21262	-0.0432013	0.0954317	0.187994	0.238883	0.255195	0.243777	0.220639	0.178412	0.133084	0.0767724	0.0133643	-0.0547684	-0.129056	-0.208555	-0.28896	-0.373546	-0.456898	-0.543753	-0.634602	-0.713361	-0.789359	-0.862379	-0.926687	-0.975065	-1.01532	-1.04396	-1.04079	-1.01843	-0.981106	-0.917108	-0.826416	-0.718656	-0.616334	-0.520739	-0.417268	-0.321316	-0.25384	-0.217344	-0.205446	-0.194837	-0.16717	-0.14115	-0.144447	-0.18609	-0.270194	-0.390414	-0.511956	-0.593944	-0.617808	-0.575649	-0.45518	-0.256674	-0.00848341	0.250327	0.494391	0.710025	0.877149	0.966042	0.95528	0.850154	0.683122	0.49777	0.330302	0.199667	0.107937	0.0460993	
-0.118633	-0.219623	-0.315657	-0.41571	-0.493329	-0.532716	-0.55545	-0.573483	-0.566266	-0.530645	-0.468512	-0.381539	-0.308153	-0.261409	-0.204113	-0.119523	-0.00375992	0.156698	0.336597	0.502081	0.615684	0.663217	0.636612	0.523643	0.332605	0.101068	-0.139312	-0.361895	-0.558994	-0.699717	-0.760034	-0.721162	-0.60032	-0.435185	-0.267517	-0.132456	-0.039738	0.0064116	0.0184136	0.00323769	-0.0281107	-0.0733706	-0.122408	-0.182817	-0.243033	-0.308494	-0.379994	-0.451682	-0.523886	-0.604341	-0.677432	-0.743688	-0.814886	-0.875898	-0.93165	-0.980116	-1.01677	-1.03383	-1.03603	-1.02537	-0.983487	-0.921271	-0.848797	-0.759583	-0.655221	-0.544637	-0.450068	-0.373926	-0.296935	-0.2272	-0.183057	-0.166362	-0.171172	-0.17525	-0.158034	-0.135829	-0.138127	-0.176555	-0.256663	-0.374898	-0.49897	-0.587014	-0.618251	-0.584378	-0.472759	-0.281366	-0.0363295	0.223025	0.469719	0.689602	0.863385	0.961424	0.960502	0.863184	0.700057	0.514604	0.344291	0.209704	0.114106	0.0489648	
-0.173876	-0.321529	-0.455484	-0.584546	-0.682497	-0.732642	-0.758196	-0.778011	-0.771102	-0.734608	-0.675314	-0.596213	-0.534193	-0.491932	-0.441404	-0.369721	-0.259405	-0.106736	0.0696651	0.236658	0.356288	0.407431	0.391616	0.283612	0.101068	-0.129455	-0.368549	-0.593705	-0.79309	-0.940893	-1.00791	-0.978476	-0.86323	-0.701115	-0.534865	-0.396207	-0.303965	-0.253899	-0.24097	-0.256154	-0.28334	-0.329303	-0.375599	-0.430799	-0.490188	-0.549149	-0.610582	-0.674359	-0.732249	-0.791838	-0.850088	-0.901697	-0.95426	-0.990496	-1.01632	-1.03388	-1.03511	-1.01348	-0.97771	-0.931056	-0.85573	-0.766046	-0.677039	-0.582945	-0.484438	-0.388183	-0.31371	-0.262905	-0.21285	-0.166164	-0.139866	-0.13652	-0.15164	-0.164815	-0.154198	-0.133884	-0.134483	-0.169659	-0.245994	-0.362063	-0.487768	-0.580616	-0.617926	-0.590935	-0.486786	-0.30161	-0.0595551	0.200007	0.448757	0.672049	0.851225	0.95681	0.96419	0.87365	0.714101	0.528816	0.356255	0.218374	0.119478	0.0514727	
-0.188277	-0.351312	-0.501683	-0.643162	-0.750949	-0.814086	-0.852333	-0.88195	-0.889849	-0.873457	-0.831886	-0.76541	-0.709553	-0.678739	-0.643239	-0.582865	-0.487373	-0.346269	-0.17854	-0.0141456	0.102967	0.158084	0.14336	0.0410428	-0.139312	-0.368549	-0.609339	-0.835958	-1.03992	-1.19109	-1.26662	-1.2416	-1.1327	-0.971307	-0.803968	-0.663664	-0.565709	-0.513895	-0.495806	-0.506536	-0.530977	-0.568835	-0.609588	-0.656749	-0.704459	-0.752513	-0.803711	-0.851902	-0.897193	-0.942656	-0.978533	-1.00235	-1.02455	-1.03134	-1.02406	-1.00413	-0.970993	-0.916565	-0.846844	-0.774352	-0.684876	-0.588526	-0.5014	-0.419007	-0.33978	-0.266397	-0.215258	-0.188066	-0.160002	-0.130281	-0.115718	-0.120222	-0.140979	-0.15944	-0.152923	-0.1335	-0.132345	-0.164661	-0.237762	-0.351804	-0.47852	-0.575063	-0.617202	-0.595723	-0.497631	-0.317632	-0.0782101	0.181347	0.431657	0.657599	0.841003	0.952591	0.966702	0.881781	0.725323	0.540346	0.366067	0.225544	0.123949	0.0535692	
-0.172163	-0.318888	-0.455747	-0.592499	-0.706364	-0.780103	-0.832937	-0.883767	-0.91427	-0.92171	-0.904275	-0.860738	-0.830263	-0.818446	-0.799564	-0.75808	-0.676374	-0.549008	-0.390224	-0.232963	-0.11782	-0.0657402	-0.0796401	-0.182525	-0.361895	-0.593705	-0.835958	-1.06698	-1.27292	-1.42993	-1.50896	-1.48985	-1.38295	-1.22199	-1.05312	-0.907198	-0.806373	-0.746769	-0.724378	-0.728544	-0.745341	-0.776959	-0.808692	-0.845336	-0.88306	-0.917112	-0.949588	-0.980114	-0.999972	-1.01778	-1.02788	-1.02232	-1.01424	-0.986932	-0.945778	-0.895991	-0.833176	-0.755775	-0.673901	-0.596286	-0.507842	-0.420208	-0.349585	-0.288724	-0.233034	-0.182489	-0.151555	-0.142443	-0.129802	-0.111012	-0.103254	-0.111816	-0.135309	-0.156697	-0.152714	-0.133715	-0.13108	-0.161132	-0.231699	-0.344055	-0.47136	-0.570601	-0.616372	-0.599065	-0.5056	-0.329635	-0.0923526	0.167095	0.41853	0.64643	0.832979	0.949084	0.968332	0.887776	0.733793	0.549156	0.373629	0.231107	0.127436	0.0552097	
-0.133672	-0.246679	-0.3594	-0.478132	-0.580247	-0.655648	-0.719703	-0.786119	-0.840931	-0.876565	-0.887143	-0.872757	-0.865796	-0.877324	-0.882948	-0.863153	-0.802119	-0.692069	-0.549927	-0.402922	-0.297641	-0.251642	-0.270525	-0.376308	-0.558994	-0.79309	-1.03992	-1.27292	-1.48339	-1.64243	-1.72612	-1.70899	-1.60391	-1.44207	-1.26944	-1.11997	-1.0112	-0.946405	-0.914429	-0.910316	-0.916707	-0.935899	-0.953955	-0.97486	-0.994135	-1.00754	-1.01959	-1.02445	-1.02013	-1.00909	-0.989122	-0.953994	-0.914641	-0.861873	-0.797778	-0.72905	-0.657868	-0.577232	-0.494648	-0.425294	-0.353862	-0.286078	-0.236297	-0.197057	-0.162468	-0.130509	-0.114355	-0.117139	-0.113957	-0.101461	-0.0972808	-0.107717	-0.132376	-0.155304	-0.152841	-0.134052	-0.130352	-0.158823	-0.227631	-0.338767	-0.466387	-0.567418	-0.615659	-0.601209	-0.51093	-0.337784	-0.102038	0.157282	0.409458	0.638675	0.827346	0.946527	0.96931	0.891796	0.739573	0.555224	0.37887	0.234982	0.129874	0.0563594	
-0.0937001	-0.168741	-0.245936	-0.337731	-0.425135	-0.491944	-0.554041	-0.627083	-0.692681	-0.746865	-0.780838	-0.788471	-0.806445	-0.843339	-0.874358	-0.878607	-0.840934	-0.753766	-0.628587	-0.498378	-0.405999	-0.370187	-0.398535	-0.511584	-0.699717	-0.940893	-1.19109	-1.42993	-1.64243	-1.80505	-1.89044	-1.87414	-1.76913	-1.60373	-1.42806	-1.27079	-1.15601	-1.0806	-1.03942	-1.02231	-1.01583	-1.01858	-1.02009	-1.02081	-1.01855	-1.00972	-0.99543	-0.975453	-0.944614	-0.910616	-0.866838	-0.809093	-0.754612	-0.68916	-0.618135	-0.548303	-0.478462	-0.407016	-0.341319	-0.290652	-0.238176	-0.190112	-0.160292	-0.13968	-0.120916	-0.101335	-0.0943733	-0.104213	-0.106313	-0.0970884	-0.0946324	-0.105883	-0.130996	-0.154649	-0.15298	-0.13429	-0.129987	-0.15759	-0.225448	-0.335907	-0.46366	-0.565638	-0.615217	-0.602325	-0.513789	-0.342195	-0.107308	0.151925	0.404494	0.634418	0.824235	0.945083	0.969795	0.893953	0.74271	0.558537	0.381743	0.237112	0.131217	0.056994	
-0.0588727	-0.100201	-0.148705	-0.214601	-0.277496	-0.327077	-0.378654	-0.446326	-0.514165	-0.572016	-0.612305	-0.634784	-0.67049	-0.724917	-0.773956	-0.799578	-0.780741	-0.710884	-0.606059	-0.492388	-0.415692	-0.396117	-0.436451	-0.561277	-0.760034	-1.00791	-1.26662	-1.50896	-1.72612	-1.89044	-1.97611	-1.95981	-1.85082	-1.68273	-1.49932	-1.33568	-1.2102	-1.1244	-1.06969	-1.03911	-1.01549	-1.00302	-0.984769	-0.967391	-0.946607	-0.916688	-0.88455	-0.846197	-0.798051	-0.745992	-0.693092	-0.631047	-0.571682	-0.507498	-0.441724	-0.382364	-0.329208	-0.27468	-0.225641	-0.193589	-0.160436	-0.130296	-0.115552	-0.106974	-0.0980107	-0.0862003	-0.0847847	-0.0983294	-0.102858	-0.0951523	-0.0935935	-0.105292	-0.130604	-0.154461	-0.152997	-0.134336	-0.129905	-0.157363	-0.225093	-0.335452	-0.463212	-0.565327	-0.615126	-0.602504	-0.514268	-0.342934	-0.108189	0.151031	0.403666	0.633708	0.823714	0.94484	0.969874	0.894312	0.743233	0.55909	0.382223	0.237468	0.131442	0.0571001	
-0.0340862	-0.0521037	-0.0761679	-0.119137	-0.162693	-0.193377	-0.228487	-0.282047	-0.337221	-0.390835	-0.431699	-0.452968	-0.488854	-0.550099	-0.610416	-0.644293	-0.639574	-0.585006	-0.492351	-0.393553	-0.331979	-0.323396	-0.377856	-0.513197	-0.721162	-0.978476	-1.2416	-1.48985	-1.70899	-1.87414	-1.95981	-1.93947	-1.82879	-1.65404	-1.46684	-1.29539	-1.16261	-1.06758	-1.00247	-0.959441	-0.924754	-0.89616	-0.865889	-0.83363	-0.797584	-0.757226	-0.71374	-0.666686	-0.615519	-0.566463	-0.511975	-0.450959	-0.401128	-0.349289	-0.298827	-0.254968	-0.217215	-0.180554	-0.149591	-0.133589	-0.114319	-0.0957194	-0.0905147	-0.0899989	-0.0870502	-0.0791322	-0.0805067	-0.0959624	-0.101441	-0.0943216	-0.093322	-0.105453	-0.130948	-0.154623	-0.152835	-0.134154	-0.130084	-0.15813	-0.226556	-0.3374	-0.465045	-0.566496	-0.615402	-0.601762	-0.512382	-0.340014	-0.104686	0.154602	0.406979	0.63655	0.825796	0.945813	0.969562	0.892882	0.741146	0.556882	0.380305	0.236045	0.130543	0.0566754	
-0.0197422	-0.0215832	-0.0295675	-0.0568536	-0.0833434	-0.0966102	-0.115242	-0.155488	-0.198119	-0.234631	-0.260659	-0.275592	-0.311687	-0.370383	-0.426474	-0.463122	-0.456925	-0.402828	-0.316222	-0.22441	-0.170127	-0.174336	-0.236661	-0.383247	-0.60032	-0.86323	-1.1327	-1.38295	-1.60391	-1.76913	-1.85082	-1.82879	-1.71126	-1.53429	-1.34095	-1.16536	-1.02732	-0.925225	-0.853674	-0.803942	-0.759975	-0.727917	-0.689543	-0.653838	-0.617184	-0.573871	-0.53152	-0.488412	-0.439121	-0.391707	-0.349907	-0.305337	-0.269003	-0.23058	-0.194214	-0.167192	-0.145491	-0.121761	-0.104092	-0.0994343	-0.0882682	-0.0776223	-0.0790632	-0.0822739	-0.0815732	-0.0758061	-0.0792191	-0.0955443	-0.100852	-0.0938538	-0.0934588	-0.106191	-0.131923	-0.155062	-0.152456	-0.133746	-0.130552	-0.159929	-0.229874	-0.34176	-0.469137	-0.569101	-0.61599	-0.60004	-0.50807	-0.333388	-0.0967794	0.162633	0.414413	0.642916	0.830433	0.947943	0.9688	0.889622	0.73643	0.551916	0.376007	0.232861	0.128538	0.0557289	
-0.00955877	-0.00390966	-0.00359821	-0.0206671	-0.0349979	-0.0351175	-0.0414152	-0.0667085	-0.0941795	-0.120364	-0.135758	-0.136516	-0.156335	-0.206759	-0.257135	-0.28241	-0.273601	-0.216067	-0.126636	-0.0361476	0.0132353	0.00781255	-0.0624981	-0.21262	-0.435185	-0.701115	-0.971307	-1.22199	-1.44207	-1.60373	-1.68273	-1.65404	-1.53429	-1.35328	-1.15933	-0.983923	-0.844644	-0.744009	-0.671407	-0.620665	-0.578748	-0.543814	-0.507955	-0.474149	-0.437508	-0.400573	-0.365318	-0.32889	-0.293322	-0.264464	-0.232541	-0.197178	-0.173865	-0.150092	-0.128902	-0.113055	-0.102277	-0.0897339	-0.0796227	-0.0808856	-0.0758854	-0.0696836	-0.0733724	-0.0786348	-0.079593	-0.0746987	-0.0791828	-0.095903	-0.100608	-0.0935579	-0.0938794	-0.10743	-0.133477	-0.155719	-0.151823	-0.133134	-0.131378	-0.162849	-0.235125	-0.348555	-0.475435	-0.57304	-0.616768	-0.5972	-0.501195	-0.322959	-0.0844334	0.175111	0.425927	0.652733	0.837522	0.951097	0.967458	0.884438	0.729046	0.544201	0.369365	0.227964	0.125463	0.0542806	
-0.00702908	0.00402933	0.0118234	0.000379964	-0.0086876	0.000157358	0.00331084	-0.0156478	-0.0316925	-0.0402746	-0.0416215	-0.0335058	-0.0496472	-0.0893865	-0.12602	-0.14197	-0.11734	-0.0484113	0.0486531	0.142135	0.193945	0.183628	0.113324	-0.0432013	-0.267517	-0.534865	-0.803968	-1.05312	-1.26944	-1.42806	-1.49932	-1.46684	-1.34095	-1.15933	-0.965981	-0.791827	-0.657419	-0.558161	-0.489714	-0.443422	-0.403245	-0.376592	-0.345557	-0.319399	-0.294266	-0.266697	-0.241046	-0.21769	-0.19066	-0.16714	-0.147905	-0.128215	-0.118253	-0.103693	-0.0900828	-0.0842552	-0.0798724	-0.070519	-0.0677051	-0.0741678	-0.0694195	-0.0652467	-0.0720298	-0.0780695	-0.0784601	-0.0739992	-0.0800671	-0.0969338	-0.100413	-0.0932429	-0.0945667	-0.109197	-0.135581	-0.156509	-0.150892	-0.13237	-0.132677	-0.167029	-0.242426	-0.357813	-0.483849	-0.578149	-0.617544	-0.593026	-0.491549	-0.308581	-0.0675963	0.192011	0.441451	0.66589	0.846893	0.955067	0.965334	0.877186	0.718935	0.533756	0.360443	0.221425	0.121376	0.0523611	
-0.00197815	0.00909712	0.016415	0.00827964	0.00603577	0.0203917	0.027764	0.015872	0.00552708	0.00299841	0.0111606	0.0300707	0.0270071	-0.00662615	-0.033811	-0.0349856	-0.00235609	0.0786979	0.183582	0.281609	0.333505	0.325864	0.251097	0.0954317	-0.132456	-0.396207	-0.663664	-0.907198	-1.11997	-1.27079	-1.33568	-1.29539	-1.16536	-0.983923	-0.791827	-0.62547	-0.495018	-0.4045	-0.34261	-0.301795	-0.271019	-0.249418	-0.22578	-0.208811	-0.188789	-0.169415	-0.154205	-0.137915	-0.121991	-0.114086	-0.103118	-0.0896621	-0.0844746	-0.0757502	-0.0702568	-0.0680967	-0.0681267	-0.0647152	-0.0632024	-0.0689723	-0.0666576	-0.0652122	-0.0717809	-0.0774148	-0.0781043	-0.0742137	-0.0814523	-0.0980707	-0.100134	-0.0929994	-0.0955834	-0.111507	-0.138188	-0.157327	-0.149617	-0.131536	-0.134613	-0.172657	-0.25193	-0.369557	-0.494245	-0.584203	-0.618049	-0.587225	-0.47885	-0.290063	-0.0462097	0.213294	0.460886	0.682228	0.858316	0.959569	0.96216	0.867684	0.70603	0.520611	0.349326	0.213339	0.116352	0.0500113	
-0.00276302	0.00998932	0.0215378	0.0143289	0.0113922	0.0293627	0.0396689	0.0285494	0.0259937	0.0330796	0.0459234	0.0678063	0.0651952	0.0393354	0.0216455	0.0316205	0.0791463	0.1704	0.284514	0.383822	0.437246	0.425567	0.349643	0.187994	-0.039738	-0.303965	-0.565709	-0.806373	-1.0112	-1.15601	-1.2102	-1.16261	-1.02732	-0.844644	-0.657419	-0.495018	-0.373373	-0.288823	-0.233422	-0.200466	-0.174317	-0.160502	-0.1441	-0.133785	-0.122129	-0.112475	-0.103286	-0.0954054	-0.085999	-0.0804958	-0.0732734	-0.0660824	-0.0683354	-0.0643492	-0.0610463	-0.063019	-0.0639354	-0.0584385	-0.0608389	-0.0699017	-0.0656909	-0.0640628	-0.0724423	-0.0783752	-0.0778569	-0.0741846	-0.0832777	-0.0995276	-0.0997423	-0.0927816	-0.0969834	-0.114419	-0.141243	-0.158035	-0.147956	-0.13076	-0.137403	-0.179968	-0.26381	-0.383789	-0.506433	-0.590902	-0.617943	-0.579424	-0.462752	-0.267187	-0.0202187	0.238894	0.484095	0.701535	0.871485	0.964241	0.957602	0.855712	0.690261	0.504818	0.336129	0.20383	0.110488	0.0472814	
0.00117072	0.0112016	0.019719	0.0148093	0.0167624	0.0359716	0.0460918	0.0356738	0.0327381	0.0456533	0.0651798	0.0890691	0.0895924	0.0647743	0.0549085	0.0745467	0.130914	0.232802	0.350775	0.451405	0.501172	0.486692	0.404094	0.238883	0.0064116	-0.253899	-0.513895	-0.746769	-0.946405	-1.0806	-1.1244	-1.06758	-0.925225	-0.744009	-0.558161	-0.4045	-0.288823	-0.211654	-0.164004	-0.135282	-0.116126	-0.107613	-0.0952492	-0.0912291	-0.0843075	-0.0775429	-0.0738835	-0.0698145	-0.0640996	-0.064331	-0.060969	-0.0592632	-0.0618721	-0.0569102	-0.0565791	-0.0589435	-0.0607789	-0.0592964	-0.0624127	-0.0680563	-0.0642462	-0.0658113	-0.0739235	-0.0782889	-0.0774048	-0.0749388	-0.0856949	-0.100852	-0.0990926	-0.0927467	-0.098905	-0.117965	-0.144639	-0.158472	-0.145897	-0.130228	-0.141322	-0.189242	-0.278253	-0.400475	-0.520149	-0.59787	-0.616802	-0.569171	-0.442853	-0.239714	0.0104159	0.268718	0.510903	0.723543	0.886021	0.968642	0.95127	0.841029	0.671564	0.486452	0.320996	0.193047	0.103894	0.0442298	
0.00136976	0.0111437	0.0213925	0.0165355	0.0174782	0.0378461	0.0480898	0.0385613	0.0398648	0.0547267	0.07481	0.0995068	0.0989514	0.0764418	0.0719311	0.102312	0.166491	0.275527	0.3983	0.493569	0.539641	0.518003	0.426927	0.255195	0.0184136	-0.24097	-0.495806	-0.724378	-0.914429	-1.03942	-1.06969	-1.00247	-0.853674	-0.671407	-0.489714	-0.34261	-0.233422	-0.164004	-0.120921	-0.0975642	-0.0831782	-0.0771854	-0.0690913	-0.0692006	-0.0626224	-0.0613813	-0.0601859	-0.0575064	-0.0546314	-0.0582735	-0.0555336	-0.0531333	-0.0565653	-0.0544728	-0.0562097	-0.0600446	-0.0611039	-0.0572158	-0.0621051	-0.0694111	-0.0647288	-0.0661898	-0.074787	-0.0791231	-0.0773801	-0.0757193	-0.0883381	-0.102142	-0.0983128	-0.0929713	-0.101422	-0.122168	-0.148241	-0.158454	-0.143466	-0.130194	-0.146703	-0.200797	-0.295439	-0.419517	-0.535043	-0.604647	-0.614123	-0.555937	-0.418702	-0.207409	0.0457032	0.30263	0.541085	0.747912	0.901457	0.972255	0.942727	0.823385	0.649896	0.465624	0.304106	0.181164	0.0966991	0.0409219	
0.00465774	0.0110781	0.0185336	0.0166932	0.021695	0.0409065	0.0482614	0.0376232	0.0404285	0.0631512	0.085087	0.102978	0.100315	0.0808201	0.0821262	0.120934	0.196461	0.310167	0.432767	0.523428	0.558835	0.528111	0.426244	0.243777	0.00323769	-0.256154	-0.506536	-0.728544	-0.910316	-1.02231	-1.03911	-0.959441	-0.803942	-0.620665	-0.443422	-0.301795	-0.200466	-0.135282	-0.0975642	-0.0769354	-0.0646362	-0.0607046	-0.0552693	-0.055143	-0.0529925	-0.053417	-0.0528375	-0.052849	-0.0532001	-0.0547206	-0.0494783	-0.0528069	-0.0577381	-0.054446	-0.0560404	-0.0587212	-0.0598829	-0.0585611	-0.0647084	-0.0688109	-0.063702	-0.0681721	-0.0767949	-0.0792538	-0.0768141	-0.0772019	-0.0916095	-0.103118	-0.0972723	-0.0936228	-0.104696	-0.127022	-0.15184	-0.157794	-0.140766	-0.131001	-0.153941	-0.214976	-0.315517	-0.440727	-0.550663	-0.610682	-0.609316	-0.539122	-0.389822	-0.170054	0.0856069	0.340447	0.574358	0.774226	0.917241	0.974487	0.9315	0.802535	0.62525	0.442485	0.285671	0.168376	0.0890425	0.0374282	
0.00667853	0.0108386	0.0178073	0.0176549	0.0233097	0.0416719	0.0485348	0.0395587	0.0419981	0.0647743	0.0907338	0.10915	0.101713	0.0814178	0.0899365	0.136557	0.217222	0.338023	0.459532	0.540521	0.568624	0.525913	0.410729	0.220639	-0.0281107	-0.28334	-0.530977	-0.745341	-0.916707	-1.01583	-1.01549	-0.924754	-0.759975	-0.578748	-0.403245	-0.271019	-0.174317	-0.116126	-0.0831782	-0.0646362	-0.0569403	-0.054772	-0.0497576	-0.054196	-0.0500536	-0.0505994	-0.0512078	-0.0502723	-0.0476986	-0.0519767	-0.0522084	-0.0551896	-0.0560122	-0.0524459	-0.0566109	-0.0607911	-0.0602	-0.0583455	-0.0661161	-0.0691298	-0.0641616	-0.0699786	-0.0778615	-0.079382	-0.0769181	-0.0793525	-0.0949144	-0.103591	-0.096213	-0.0949323	-0.108807	-0.132442	-0.155175	-0.156333	-0.138005	-0.133084	-0.163482	-0.232132	-0.338574	-0.4638	-0.566441	-0.615333	-0.601706	-0.518059	-0.355725	-0.127478	0.13003	0.38193	0.610372	0.801979	0.932722	0.974679	0.917098	0.778261	0.597663	0.417233	0.265938	0.154899	0.0810734	0.0338224	
