-0.459195	-0.514049	-0.550723	-0.565344	-0.543359	-0.501619	-0.515288	-0.586534	-0.719113	-0.910729	-1.10964	-1.27384	-1.37089	-1.38698	-1.28097	-1.0543	-0.739636	-0.353731	0.0953276	0.568247	0.996408	1.34663	1.60716	1.7738	1.81743	1.70953	1.4619	1.12433	0.770779	0.460716	0.224594	0.0663992	-0.0305929	-0.0824864	-0.110712	-0.121358	-0.128864	-0.128825	-0.131555	-0.130649	-0.131798	-0.132367	-0.134661	-0.13569	-0.142299	-0.144624	-0.153236	-0.15901	-0.165877	-0.168957	-0.171586	-0.172242	-0.167965	-0.174217	-0.180594	-0.199262	-0.220577	-0.227741	-0.22939	-0.218761	-0.226455	-0.269921	-0.310447	-0.335622	-0.340089	-0.320993	-0.322917	-0.379127	-0.48899	-0.657162	-0.86154	-1.04575	-1.17622	-1.23529	-1.18711	-1.01255	-0.735177	-0.38044	0.0443921	0.512895	0.965092	1.34793	1.64448	1.85165	1.94837	1.9026	1.70636	1.39639	1.04089	0.707884	0.440732	0.252271	0.133333	0.0653479	0.0298175	0.0127132	0.00508315	0.0019162	0.000698656	0.000298812	
-0.514049	-0.506174	-0.518675	-0.528027	-0.526336	-0.54058	-0.572597	-0.642063	-0.75836	-0.910414	-1.08252	-1.22519	-1.31772	-1.3278	-1.22798	-1.01967	-0.716913	-0.339581	0.0971415	0.546632	0.96786	1.31328	1.57519	1.73626	1.77457	1.67173	1.43865	1.1203	0.784127	0.481468	0.248628	0.085848	-0.0141535	-0.0721771	-0.102424	-0.118473	-0.126276	-0.131982	-0.135141	-0.139138	-0.142452	-0.145496	-0.148533	-0.151099	-0.15102	-0.152656	-0.150549	-0.150432	-0.149637	-0.155537	-0.159579	-0.170779	-0.184709	-0.193447	-0.201718	-0.197327	-0.198553	-0.210203	-0.221524	-0.24187	-0.259359	-0.270577	-0.29356	-0.318781	-0.328781	-0.333424	-0.356341	-0.416553	-0.524472	-0.678122	-0.855444	-1.02007	-1.13912	-1.18492	-1.13042	-0.963625	-0.696547	-0.348128	0.0651851	0.51352	0.947883	1.3232	1.61691	1.81766	1.9059	1.8582	1.67151	1.37909	1.04122	0.719819	0.456785	0.266985	0.144271	0.0723498	0.0337941	0.0147531	0.00604032	0.00233215	0.000872028	0.000382992	
-0.550723	-0.518675	-0.496919	-0.491514	-0.526728	-0.590349	-0.639628	-0.711038	-0.813695	-0.930819	-1.05762	-1.16984	-1.23846	-1.2211	-1.12284	-0.93124	-0.644629	-0.281312	0.122046	0.534812	0.927455	1.26199	1.51472	1.65973	1.68582	1.5895	1.38057	1.09923	0.790382	0.506381	0.275038	0.108785	0.000774037	-0.0642925	-0.0980967	-0.118512	-0.12522	-0.13324	-0.134057	-0.138864	-0.1403	-0.143719	-0.145058	-0.149169	-0.147839	-0.15259	-0.150352	-0.15362	-0.154354	-0.158063	-0.165646	-0.173302	-0.186702	-0.193364	-0.203717	-0.201602	-0.193771	-0.203372	-0.22556	-0.259766	-0.279543	-0.278831	-0.28317	-0.29066	-0.312774	-0.362218	-0.417942	-0.485122	-0.58674	-0.711293	-0.842479	-0.97123	-1.06486	-1.08603	-1.02206	-0.868635	-0.619783	-0.286	0.102818	0.513531	0.915202	1.27492	1.56084	1.74875	1.82236	1.77282	1.60518	1.34617	1.04167	0.742472	0.487594	0.295525	0.165725	0.0862441	0.0417802	0.0189005	0.00801085	0.00319953	0.00123864	0.000563574	
-0.565344	-0.528027	-0.491514	-0.49647	-0.557883	-0.636324	-0.708905	-0.792233	-0.879369	-0.956297	-1.02748	-1.09819	-1.12018	-1.07404	-0.97288	-0.795956	-0.531945	-0.198388	0.156461	0.520402	0.869515	1.18608	1.41735	1.54232	1.55529	1.4698	1.29722	1.0641	0.794988	0.535486	0.308171	0.136981	0.017818	-0.0561412	-0.0973067	-0.120312	-0.12963	-0.135147	-0.136221	-0.137005	-0.136621	-0.137057	-0.136882	-0.138715	-0.140892	-0.145244	-0.151176	-0.157583	-0.167705	-0.171372	-0.179236	-0.182295	-0.184136	-0.184836	-0.18876	-0.201668	-0.207714	-0.214992	-0.23839	-0.269878	-0.286713	-0.281312	-0.269832	-0.274563	-0.322161	-0.407062	-0.491692	-0.572855	-0.661932	-0.744388	-0.82098	-0.901004	-0.953693	-0.943735	-0.871014	-0.732424	-0.506808	-0.199339	0.150577	0.511132	0.869814	1.2047	1.4747	1.64387	1.70083	1.65294	1.51354	1.30059	1.04184	0.773585	0.53074	0.336217	0.19688	0.106804	0.0538259	0.0252781	0.0111004	0.00458653	0.00183734	0.000864854	
-0.543359	-0.526336	-0.526728	-0.557883	-0.615261	-0.692654	-0.787752	-0.875444	-0.930337	-0.958053	-0.976974	-0.988367	-0.963832	-0.902131	-0.798411	-0.639296	-0.406542	-0.119785	0.183766	0.490867	0.799888	1.08538	1.29265	1.39795	1.40531	1.33877	1.21395	1.03467	0.817288	0.583461	0.366552	0.187196	0.0564277	-0.0295587	-0.081663	-0.108659	-0.124637	-0.129449	-0.13476	-0.13458	-0.137272	-0.137569	-0.140411	-0.14217	-0.147569	-0.150579	-0.159775	-0.16407	-0.172825	-0.180181	-0.181509	-0.182399	-0.182024	-0.179919	-0.181336	-0.202852	-0.230245	-0.246886	-0.253505	-0.261101	-0.274765	-0.274694	-0.269737	-0.296749	-0.364616	-0.461451	-0.568965	-0.663861	-0.729975	-0.766054	-0.788438	-0.808376	-0.807792	-0.767081	-0.687731	-0.561124	-0.362673	-0.0961942	0.201085	0.504793	0.814222	1.11354	1.35697	1.50322	1.54657	1.50732	1.40439	1.24602	1.04108	0.810155	0.582991	0.386773	0.236579	0.133674	0.0699701	0.0340411	0.0154512	0.00658851	0.00272418	0.0013228	
-0.501619	-0.54058	-0.590349	-0.636324	-0.692654	-0.781357	-0.886666	-0.944974	-0.948602	-0.930552	-0.891246	-0.837135	-0.77755	-0.706486	-0.606506	-0.467388	-0.278407	-0.0500235	0.195322	0.448654	0.712473	0.954673	1.13424	1.22285	1.23527	1.19821	1.12481	1.00604	0.841667	0.639913	0.434442	0.249083	0.105597	0.00509542	-0.0583569	-0.0942315	-0.115302	-0.12523	-0.133329	-0.137579	-0.143331	-0.148335	-0.153332	-0.159026	-0.163716	-0.166136	-0.169952	-0.169956	-0.167766	-0.170161	-0.170716	-0.172175	-0.182617	-0.195363	-0.202166	-0.218717	-0.244646	-0.263938	-0.261408	-0.245196	-0.249841	-0.274347	-0.306668	-0.356513	-0.427322	-0.527274	-0.646416	-0.735942	-0.771369	-0.768348	-0.73902	-0.690915	-0.633917	-0.567245	-0.4813	-0.362684	-0.197039	0.0137122	0.248492	0.493455	0.749194	1.00123	1.20732	1.32962	1.36711	1.34592	1.28596	1.18611	1.03852	0.848832	0.640696	0.444526	0.283399	0.166359	0.0902053	0.0453482	0.0212254	0.00932012	0.0039696	0.00198421	
-0.515288	-0.572597	-0.639628	-0.708905	-0.787752	-0.886666	-0.97101	-0.982375	-0.950523	-0.889395	-0.784529	-0.667856	-0.570364	-0.48456	-0.381226	-0.266249	-0.132173	0.0244365	0.203056	0.398272	0.599932	0.787315	0.930072	1.00825	1.03579	1.03561	1.01468	0.956558	0.843987	0.678147	0.48574	0.297109	0.140949	0.024884	-0.0507947	-0.0965352	-0.122604	-0.136185	-0.144494	-0.150045	-0.152972	-0.158156	-0.15997	-0.162695	-0.166073	-0.164833	-0.165478	-0.165912	-0.162863	-0.163202	-0.170245	-0.177511	-0.191321	-0.221682	-0.2394	-0.23961	-0.242094	-0.247195	-0.249077	-0.244545	-0.255904	-0.300472	-0.364205	-0.43457	-0.511901	-0.606186	-0.706487	-0.769875	-0.778752	-0.743343	-0.662021	-0.54927	-0.44358	-0.353969	-0.258867	-0.148506	-0.0237401	0.121246	0.289552	0.475695	0.672824	0.86673	1.02792	1.12942	1.1719	1.17866	1.1656	1.12391	1.0332	0.886321	0.700187	0.506668	0.335737	0.204219	0.114444	0.0593297	0.0285849	0.0129057	0.00565453	0.00290525	
-0.586534	-0.642063	-0.711038	-0.792233	-0.875444	-0.944974	-0.982375	-0.981376	-0.943493	-0.836844	-0.674425	-0.503709	-0.365947	-0.248043	-0.139542	-0.0551848	0.0220793	0.10328	0.216478	0.344748	0.477161	0.599778	0.707267	0.780848	0.834959	0.873131	0.904841	0.899678	0.838129	0.707636	0.531691	0.343852	0.17502	0.0469242	-0.0441788	-0.0967931	-0.129531	-0.144745	-0.151693	-0.156275	-0.155049	-0.154719	-0.155001	-0.150035	-0.152634	-0.152767	-0.152929	-0.163234	-0.170982	-0.180424	-0.197318	-0.212512	-0.214406	-0.225431	-0.243225	-0.242053	-0.233	-0.233765	-0.246708	-0.26288	-0.293414	-0.356348	-0.439194	-0.526695	-0.608159	-0.675583	-0.73177	-0.764412	-0.750311	-0.678625	-0.549502	-0.390372	-0.247715	-0.133378	-0.0287687	0.0658379	0.142494	0.220041	0.322694	0.448359	0.580935	0.70977	0.824544	0.912346	0.971299	1.01416	1.04894	1.06156	1.02414	0.919738	0.758119	0.570471	0.391896	0.246477	0.142493	0.0760589	0.0376714	0.0174682	0.00786544	0.00414917	
-0.719113	-0.75836	-0.813695	-0.879369	-0.930337	-0.948602	-0.950523	-0.943493	-0.876412	-0.725932	-0.538141	-0.346245	-0.174534	-0.0321402	0.0608112	0.11806	0.142375	0.164266	0.217963	0.282276	0.344904	0.412744	0.491326	0.575372	0.661489	0.743067	0.820285	0.863966	0.846278	0.753369	0.594665	0.41271	0.23371	0.0935272	-0.0100821	-0.0744412	-0.110591	-0.132846	-0.139825	-0.146281	-0.149171	-0.148105	-0.153523	-0.153717	-0.155395	-0.165152	-0.166795	-0.176708	-0.192188	-0.200454	-0.21204	-0.231646	-0.235585	-0.226216	-0.226715	-0.231305	-0.23015	-0.235461	-0.267058	-0.311716	-0.361466	-0.437178	-0.531197	-0.619908	-0.684623	-0.713428	-0.724293	-0.723099	-0.67642	-0.565998	-0.405904	-0.222764	-0.0507781	0.0890509	0.195688	0.263317	0.290496	0.306645	0.345493	0.405981	0.469117	0.532828	0.606764	0.690321	0.77519	0.85886	0.939463	1.00022	1.01053	0.946861	0.811724	0.633466	0.450174	0.292234	0.174034	0.0955289	0.048588	0.0231184	0.0106886	0.00578312	
-0.910729	-0.910414	-0.930819	-0.956297	-0.958053	-0.930552	-0.889395	-0.836844	-0.725932	-0.564576	-0.387438	-0.186747	0.00934764	0.149379	0.223867	0.253076	0.229032	0.202995	0.193496	0.188685	0.188187	0.21288	0.272446	0.380368	0.4982	0.626862	0.741306	0.828239	0.849985	0.79154	0.65624	0.478476	0.297475	0.140381	0.0279059	-0.0518163	-0.0938692	-0.121301	-0.134508	-0.139943	-0.149164	-0.151291	-0.158364	-0.169102	-0.173003	-0.186734	-0.197912	-0.202027	-0.213839	-0.222512	-0.216282	-0.220838	-0.22778	-0.222315	-0.22035	-0.227676	-0.244845	-0.2682	-0.315196	-0.388899	-0.461531	-0.53673	-0.617487	-0.684118	-0.721535	-0.71869	-0.686938	-0.637881	-0.550062	-0.413293	-0.242643	-0.0485286	0.14647	0.302495	0.397394	0.43106	0.414722	0.377938	0.352551	0.342218	0.335757	0.342503	0.386848	0.475449	0.591598	0.716622	0.838647	0.940242	0.991853	0.966251	0.858947	0.693566	0.508946	0.340507	0.20863	0.117639	0.0613843	0.0299436	0.0142036	0.00787414	
-1.10964	-1.08252	-1.05762	-1.02748	-0.976974	-0.891246	-0.784529	-0.674425	-0.538141	-0.387438	-0.212223	-0.00202565	0.190866	0.313678	0.364472	0.353177	0.286384	0.20931	0.12432	0.0506793	0.000194733	-0.0098583	0.0511317	0.18087	0.335865	0.505838	0.654057	0.77718	0.8353	0.808835	0.700662	0.529325	0.348969	0.177273	0.0519957	-0.041078	-0.095507	-0.128137	-0.148849	-0.157968	-0.166872	-0.175677	-0.177538	-0.190775	-0.19438	-0.20194	-0.212545	-0.217077	-0.216679	-0.224769	-0.220614	-0.210381	-0.214224	-0.215325	-0.225817	-0.250132	-0.288717	-0.340673	-0.405855	-0.488973	-0.563956	-0.622716	-0.675696	-0.711996	-0.719984	-0.68516	-0.605904	-0.504051	-0.383707	-0.236992	-0.0645361	0.134494	0.337372	0.490225	0.56241	0.563987	0.512712	0.427941	0.336046	0.253122	0.184501	0.149247	0.177616	0.277943	0.425816	0.588858	0.746401	0.881498	0.967974	0.97726	0.898473	0.749132	0.566734	0.39027	0.245735	0.142188	0.0760461	0.0379986	0.0184767	0.0104845	
-1.27384	-1.22519	-1.16984	-1.09819	-0.988367	-0.837135	-0.667856	-0.503709	-0.346245	-0.186747	-0.00202565	0.193063	0.358267	0.452007	0.472262	0.421099	0.318522	0.180721	0.0218218	-0.10717	-0.197899	-0.22273	-0.15235	-0.00562571	0.186475	0.385881	0.56444	0.716165	0.803881	0.810726	0.726017	0.569865	0.387867	0.209281	0.0683379	-0.0353042	-0.102167	-0.142132	-0.166417	-0.182965	-0.189057	-0.202829	-0.203175	-0.210925	-0.214894	-0.212296	-0.21372	-0.212644	-0.206692	-0.203548	-0.208199	-0.20596	-0.217555	-0.23734	-0.26645	-0.31562	-0.377496	-0.442494	-0.506663	-0.581381	-0.646242	-0.681001	-0.699388	-0.700564	-0.672184	-0.598423	-0.475572	-0.335444	-0.196743	-0.0450807	0.128437	0.320304	0.506568	0.637915	0.685896	0.662177	0.580212	0.447484	0.289436	0.140482	0.0246456	-0.0346375	-0.0100342	0.10462	0.280205	0.475122	0.661714	0.823678	0.939138	0.979928	0.929675	0.798992	0.622256	0.440498	0.284716	0.168884	0.0924901	0.0472984	0.023555	0.0136668	
-1.37089	-1.31772	-1.23846	-1.12018	-0.963832	-0.77755	-0.570364	-0.365947	-0.174534	0.00934764	0.190866	0.358267	0.49001	0.56298	0.560442	0.478725	0.338067	0.134825	-0.0815738	-0.258933	-0.374327	-0.403237	-0.327887	-0.170274	0.0479547	0.263764	0.469441	0.637711	0.753525	0.788679	0.72777	0.591815	0.408504	0.230772	0.0731387	-0.0354798	-0.114067	-0.156622	-0.182302	-0.197337	-0.202012	-0.206764	-0.209473	-0.205287	-0.208788	-0.202912	-0.199921	-0.19752	-0.196529	-0.197843	-0.21079	-0.229178	-0.262161	-0.305283	-0.351553	-0.410308	-0.479105	-0.547705	-0.600208	-0.648995	-0.692789	-0.703933	-0.683262	-0.637189	-0.564718	-0.458818	-0.312157	-0.150097	0.00391661	0.161089	0.32666	0.490753	0.639495	0.74179	0.769959	0.724193	0.60918	0.428175	0.212103	0.0129647	-0.130983	-0.197905	-0.169027	-0.0415938	0.154653	0.373873	0.583255	0.766523	0.905919	0.974831	0.952503	0.842424	0.674466	0.490221	0.324892	0.197353	0.110565	0.0578136	0.0294604	0.0174588	
-1.38698	-1.3278	-1.2211	-1.07404	-0.902131	-0.706486	-0.48456	-0.248043	-0.0321402	0.149379	0.313678	0.452007	0.56298	0.627129	0.609056	0.505564	0.322687	0.0753768	-0.17998	-0.384168	-0.507622	-0.532806	-0.457438	-0.29003	-0.063179	0.169074	0.389847	0.573775	0.711595	0.771905	0.736828	0.619469	0.443405	0.26314	0.0985464	-0.021007	-0.104203	-0.152591	-0.178417	-0.190272	-0.194785	-0.19251	-0.19224	-0.18736	-0.186461	-0.186188	-0.19049	-0.199012	-0.213218	-0.23329	-0.264515	-0.295951	-0.341384	-0.402484	-0.458665	-0.515653	-0.57403	-0.629514	-0.667447	-0.689157	-0.697787	-0.67089	-0.607487	-0.518321	-0.409909	-0.28439	-0.128376	0.0481713	0.215695	0.36901	0.508083	0.628142	0.732516	0.806265	0.81538	0.743551	0.591547	0.368194	0.111655	-0.115945	-0.269675	-0.332903	-0.296795	-0.161177	0.0474087	0.283207	0.509808	0.709958	0.869132	0.962913	0.967361	0.879105	0.722572	0.538559	0.365563	0.227157	0.130056	0.0694686	0.0361863	0.0218791	
-1.28097	-1.22798	-1.12284	-0.97288	-0.798411	-0.606506	-0.381226	-0.139542	0.0608112	0.223867	0.364472	0.472262	0.560442	0.609056	0.578045	0.44842	0.243148	-0.0195436	-0.28226	-0.484418	-0.598006	-0.613797	-0.53411	-0.363602	-0.13309	0.111431	0.341789	0.540515	0.695291	0.778423	0.769447	0.669413	0.505862	0.322535	0.15353	0.0233322	-0.0678995	-0.122141	-0.15325	-0.168575	-0.175514	-0.179617	-0.183749	-0.185459	-0.196015	-0.203	-0.218552	-0.241439	-0.269696	-0.302576	-0.351903	-0.401314	-0.445382	-0.503253	-0.559478	-0.60843	-0.65151	-0.685777	-0.693479	-0.673285	-0.640095	-0.57616	-0.476583	-0.357381	-0.22672	-0.0875426	0.0746782	0.257132	0.423011	0.553889	0.653162	0.727384	0.790406	0.833803	0.81671	0.712596	0.525999	0.275535	0.00212561	-0.232164	-0.382249	-0.43674	-0.394733	-0.256919	-0.044027	0.201366	0.440503	0.65412	0.829718	0.94532	0.974967	0.909057	0.766038	0.584756	0.406045	0.257821	0.150694	0.0821427	0.0436941	0.0269232	
-1.0543	-1.01967	-0.93124	-0.795956	-0.639296	-0.467388	-0.266249	-0.0551848	0.11806	0.253076	0.353177	0.421099	0.478725	0.505564	0.44842	0.305374	0.0995388	-0.154511	-0.396216	-0.580844	-0.678258	-0.682729	-0.599964	-0.432027	-0.197844	0.0519053	0.295067	0.504644	0.676236	0.781061	0.794502	0.716619	0.560971	0.381422	0.20253	0.0636448	-0.0391445	-0.103717	-0.141608	-0.164785	-0.180236	-0.18864	-0.206733	-0.216783	-0.238733	-0.26433	-0.290088	-0.32433	-0.365829	-0.403656	-0.449699	-0.506042	-0.554778	-0.604625	-0.645611	-0.672726	-0.684665	-0.682524	-0.656234	-0.595752	-0.521441	-0.429784	-0.309117	-0.169401	-0.0201792	0.129877	0.288706	0.457336	0.600649	0.697448	0.757309	0.792063	0.814661	0.819125	0.766567	0.630524	0.422065	0.166171	-0.100857	-0.325185	-0.464817	-0.510904	-0.466855	-0.332687	-0.12221	0.127004	0.374866	0.599322	0.788656	0.923276	0.976243	0.932571	0.804568	0.628203	0.445702	0.288849	0.172169	0.0956739	0.0519134	0.0325614	
-0.739636	-0.716913	-0.644629	-0.531945	-0.406542	-0.278407	-0.132173	0.0220793	0.142375	0.229032	0.286384	0.318522	0.338067	0.322687	0.243148	0.0995388	-0.0963983	-0.319867	-0.529425	-0.691957	-0.772239	-0.766003	-0.685678	-0.516166	-0.286818	-0.0269831	0.223738	0.44694	0.632895	0.756789	0.79376	0.733089	0.591814	0.409224	0.227527	0.0721826	-0.0405876	-0.119022	-0.169285	-0.199531	-0.227428	-0.243808	-0.26809	-0.291496	-0.317388	-0.351255	-0.388332	-0.428159	-0.474802	-0.522578	-0.56513	-0.6087	-0.639005	-0.66748	-0.685201	-0.679594	-0.654836	-0.614601	-0.553683	-0.462675	-0.360274	-0.247989	-0.111185	0.0433338	0.203464	0.352429	0.489471	0.623881	0.733436	0.797667	0.824282	0.821504	0.797869	0.754466	0.664894	0.508315	0.298151	0.0583569	-0.185103	-0.390329	-0.518553	-0.559821	-0.518286	-0.392449	-0.189354	0.0592312	0.312764	0.54599	0.746888	0.897986	0.972212	0.950145	0.838084	0.668444	0.483965	0.319753	0.194142	0.109865	0.0607424	0.0387376	
-0.353731	-0.339581	-0.281312	-0.198388	-0.119785	-0.0500235	0.0244365	0.10328	0.164266	0.202995	0.20931	0.180721	0.134825	0.0753768	-0.0195436	-0.154511	-0.319867	-0.500415	-0.673824	-0.812413	-0.876612	-0.86898	-0.7878	-0.626122	-0.399821	-0.136327	0.122195	0.35595	0.55565	0.695146	0.754906	0.710492	0.583756	0.401645	0.214905	0.0485411	-0.0782061	-0.168067	-0.230199	-0.272017	-0.306814	-0.336262	-0.366744	-0.399574	-0.432855	-0.47131	-0.507032	-0.546398	-0.583447	-0.616951	-0.645899	-0.673009	-0.679779	-0.672237	-0.655174	-0.618473	-0.55935	-0.48687	-0.403765	-0.291738	-0.164207	-0.0333138	0.113453	0.27004	0.42185	0.550535	0.652717	0.746601	0.822925	0.858354	0.851621	0.806072	0.730901	0.640247	0.524354	0.366463	0.175002	-0.0333694	-0.244686	-0.428574	-0.54808	-0.589148	-0.55407	-0.43968	-0.247199	-0.00247342	0.254292	0.494599	0.705275	0.870577	0.963928	0.962418	0.866694	0.705176	0.520352	0.350063	0.216261	0.12449	0.070051	0.0453696	
0.0953276	0.0971415	0.122046	0.156461	0.183766	0.195322	0.203056	0.216478	0.217963	0.193496	0.12432	0.0218218	-0.0815738	-0.17998	-0.28226	-0.396216	-0.529425	-0.673824	-0.819622	-0.941965	-1.00436	-0.998211	-0.924567	-0.772234	-0.552425	-0.287777	-0.0238928	0.220518	0.429732	0.586134	0.662773	0.637646	0.522373	0.344196	0.15327	-0.0237135	-0.160492	-0.26297	-0.332548	-0.382386	-0.42195	-0.454239	-0.486347	-0.519299	-0.548735	-0.582884	-0.612316	-0.636487	-0.659812	-0.672871	-0.670119	-0.667013	-0.645842	-0.609664	-0.562914	-0.498048	-0.416127	-0.317602	-0.209354	-0.0797806	0.063095	0.201215	0.341963	0.481541	0.607609	0.705566	0.771923	0.82836	0.872196	0.875159	0.828466	0.736447	0.614703	0.490557	0.367365	0.227505	0.0688951	-0.10152	-0.279861	-0.444699	-0.559464	-0.604397	-0.578484	-0.477154	-0.297052	-0.058391	0.199664	0.445625	0.66458	0.842066	0.952416	0.970114	0.890651	0.738237	0.554471	0.37935	0.238169	0.139305	0.0796843	0.0523508	
0.568247	0.546632	0.534812	0.520402	0.490867	0.448654	0.398272	0.344748	0.282276	0.188685	0.0506793	-0.10717	-0.258933	-0.384168	-0.484418	-0.580844	-0.691957	-0.812413	-0.941965	-1.06283	-1.12917	-1.13422	-1.07253	-0.933439	-0.724165	-0.462865	-0.195413	0.0548677	0.273904	0.44206	0.536094	0.527393	0.425759	0.252976	0.0603442	-0.122532	-0.268549	-0.376541	-0.45296	-0.503242	-0.542952	-0.572002	-0.596093	-0.620824	-0.636401	-0.653543	-0.663905	-0.668044	-0.664098	-0.65714	-0.630674	-0.598634	-0.553167	-0.488474	-0.417017	-0.32861	-0.221026	-0.101975	0.0191409	0.155244	0.300137	0.428463	0.544992	0.653325	0.74745	0.815965	0.850543	0.869212	0.873836	0.836441	0.747193	0.616041	0.465133	0.329094	0.217608	0.108574	-0.011924	-0.145563	-0.295039	-0.445001	-0.558611	-0.610172	-0.594819	-0.506964	-0.339897	-0.108686	0.149125	0.399506	0.625455	0.813344	0.938644	0.973996	0.910319	0.76759	0.586025	0.407229	0.259523	0.154053	0.0894687	0.0595539	
0.996408	0.96786	0.927455	0.869515	0.799888	0.712473	0.599932	0.477161	0.344904	0.188187	0.000194733	-0.197899	-0.374327	-0.507622	-0.598006	-0.678258	-0.772239	-0.876612	-1.00436	-1.12917	-1.21024	-1.23422	-1.19003	-1.07051	-0.877773	-0.623663	-0.35996	-0.10499	0.118432	0.297033	0.405793	0.41258	0.326769	0.16091	-0.0272364	-0.21286	-0.359851	-0.470045	-0.543115	-0.591242	-0.620134	-0.643203	-0.652113	-0.664529	-0.664535	-0.662765	-0.653767	-0.635979	-0.609308	-0.575089	-0.526987	-0.470787	-0.400807	-0.312583	-0.216394	-0.110023	0.00915868	0.139964	0.264552	0.387773	0.512829	0.617546	0.70471	0.781507	0.844448	0.882988	0.883192	0.858124	0.816481	0.737655	0.615286	0.463928	0.307228	0.179689	0.0921447	0.0178127	-0.0669001	-0.169586	-0.296245	-0.435492	-0.550372	-0.609929	-0.605457	-0.530665	-0.376512	-0.153493	0.102901	0.356625	0.588454	0.785179	0.923493	0.974823	0.926136	0.7933	0.614804	0.433371	0.279996	0.168475	0.099217	0.0668346	
1.34663	1.31328	1.26199	1.18608	1.08538	0.954673	0.787315	0.599778	0.412744	0.21288	-0.0098583	-0.22273	-0.403237	-0.532806	-0.613797	-0.682729	-0.766003	-0.86898	-0.998211	-1.13422	-1.23422	-1.27867	-1.25409	-1.15764	-0.979614	-0.739862	-0.478106	-0.223835	0.00343455	0.190848	0.310245	0.335033	0.260381	0.108093	-0.0786246	-0.259657	-0.408471	-0.51554	-0.584557	-0.625088	-0.644325	-0.652432	-0.649368	-0.64194	-0.625727	-0.604964	-0.576364	-0.538127	-0.490264	-0.435256	-0.359546	-0.279745	-0.192773	-0.0868863	0.0226183	0.137736	0.256894	0.376939	0.484965	0.585334	0.685311	0.763704	0.820665	0.865636	0.895284	0.89797	0.856901	0.784535	0.699635	0.591429	0.455823	0.307042	0.164662	0.0582881	-0.0018532	-0.0448452	-0.100407	-0.179465	-0.289179	-0.420944	-0.538291	-0.606094	-0.61208	-0.54943	-0.40755	-0.192962	0.0611611	0.317305	0.554036	0.758224	0.90775	0.973331	0.938583	0.815512	0.640677	0.457499	0.299289	0.182317	0.108735	0.0740369	
1.60716	1.57519	1.51472	1.41735	1.29265	1.13424	0.930072	0.707267	0.491326	0.272446	0.0511317	-0.15235	-0.327887	-0.457438	-0.53411	-0.599964	-0.685678	-0.7878	-0.924567	-1.07253	-1.19003	-1.25409	-1.25111	-1.17229	-1.01509	-0.785167	-0.531272	-0.276842	-0.0478951	0.145384	0.2762	0.313614	0.254707	0.110717	-0.0669604	-0.247338	-0.391911	-0.496799	-0.560441	-0.592712	-0.601532	-0.599015	-0.578131	-0.55784	-0.521267	-0.479264	-0.43031	-0.37058	-0.29936	-0.227095	-0.140901	-0.0433366	0.0555574	0.164864	0.272144	0.376158	0.479262	0.581432	0.668238	0.741014	0.81256	0.864258	0.890572	0.898835	0.88696	0.847149	0.764846	0.653805	0.541459	0.424512	0.297238	0.168842	0.0519803	-0.0296649	-0.0656944	-0.0844552	-0.118609	-0.180761	-0.278235	-0.404665	-0.524748	-0.600306	-0.615874	-0.564167	-0.433593	-0.227282	0.0240161	0.281805	0.522579	0.733023	0.892106	0.970201	0.94815	0.834428	0.663582	0.479392	0.317133	0.195337	0.117828	0.0809987	
1.7738	1.73626	1.65973	1.54232	1.39795	1.22285	1.00825	0.780848	0.575372	0.380368	0.18087	-0.00562571	-0.170274	-0.29003	-0.363602	-0.432027	-0.516166	-0.626122	-0.772234	-0.933439	-1.07051	-1.15764	-1.17229	-1.11853	-0.975926	-0.762831	-0.514169	-0.263213	-0.0331342	0.165006	0.304108	0.355192	0.307615	0.176978	0.00371495	-0.168422	-0.311439	-0.409384	-0.46475	-0.488606	-0.48224	-0.465787	-0.431139	-0.390386	-0.341671	-0.283646	-0.218527	-0.146358	-0.0642576	0.0225507	0.116997	0.211402	0.301971	0.401269	0.496327	0.583635	0.66504	0.743515	0.806413	0.851656	0.893234	0.912368	0.899776	0.864838	0.809477	0.731173	0.619602	0.489243	0.371499	0.265861	0.161927	0.062216	-0.0271549	-0.0870691	-0.105456	-0.107669	-0.127235	-0.177702	-0.266317	-0.388712	-0.511246	-0.593663	-0.617702	-0.575611	-0.455167	-0.25667	-0.00848206	0.250328	0.494392	0.710026	0.877152	0.966054	0.95532	0.850283	0.683508	0.498876	0.333293	0.207307	0.126305	0.0875574	
1.81743	1.77457	1.68582	1.55529	1.40531	1.23527	1.03579	0.834959	0.661489	0.4982	0.335865	0.186475	0.0479547	-0.063179	-0.13309	-0.197844	-0.286818	-0.399821	-0.552425	-0.724165	-0.877773	-0.979614	-1.01509	-0.975926	-0.852064	-0.649953	-0.409296	-0.160524	0.0690581	0.271571	0.417	0.479953	0.443515	0.32298	0.158157	-0.0108141	-0.147476	-0.242194	-0.291114	-0.305332	-0.29199	-0.262736	-0.216497	-0.166206	-0.103378	-0.0354365	0.0351904	0.112681	0.194811	0.271681	0.356481	0.446009	0.525585	0.607166	0.682302	0.74902	0.807267	0.859651	0.895853	0.908358	0.910944	0.890148	0.836489	0.761069	0.671133	0.570094	0.449942	0.322209	0.217638	0.13555	0.0604104	-0.0109872	-0.0769788	-0.121036	-0.128418	-0.120473	-0.130569	-0.173021	-0.255094	-0.374236	-0.498704	-0.586912	-0.618214	-0.584365	-0.472754	-0.281365	-0.0363291	0.223025	0.46972	0.689604	0.863389	0.961438	0.960547	0.863327	0.700485	0.515822	0.347568	0.218023	0.133988	0.0935556	
1.70953	1.67173	1.5895	1.4698	1.33877	1.19821	1.03561	0.873131	0.743067	0.626862	0.505838	0.385881	0.263764	0.169074	0.111431	0.0519053	-0.0269831	-0.136327	-0.287777	-0.462865	-0.623663	-0.739862	-0.785167	-0.762831	-0.649953	-0.460108	-0.22444	0.0207747	0.251454	0.455481	0.608315	0.679128	0.653433	0.541823	0.382195	0.219488	0.0833874	-0.00613282	-0.0517823	-0.0627572	-0.0418406	-0.0106662	0.0392268	0.0931409	0.152086	0.218225	0.286712	0.35582	0.431809	0.504906	0.575671	0.646582	0.706795	0.769854	0.825598	0.867191	0.897765	0.919109	0.918563	0.89052	0.85284	0.794358	0.706533	0.604635	0.499531	0.396648	0.287387	0.178146	0.0965561	0.0410038	-0.0076577	-0.0561909	-0.105206	-0.139292	-0.140861	-0.127258	-0.131352	-0.168252	-0.245392	-0.361818	-0.487673	-0.580581	-0.617914	-0.590931	-0.486785	-0.301609	-0.0595549	0.200007	0.448758	0.67205	0.851229	0.956825	0.96424	0.873806	0.714568	0.530136	0.359791	0.227305	0.140712	0.0988467	
1.4619	1.43865	1.38057	1.29722	1.21395	1.12481	1.01468	0.904841	0.820285	0.741306	0.654057	0.56444	0.469441	0.389847	0.341789	0.295067	0.223738	0.122195	-0.0238928	-0.195413	-0.35996	-0.478106	-0.531272	-0.514169	-0.409296	-0.22444	0.00802349	0.253712	0.484365	0.692836	0.848561	0.928234	0.907998	0.80311	0.646735	0.483566	0.348646	0.255491	0.209528	0.197424	0.21491	0.246782	0.292978	0.343368	0.399726	0.459498	0.517664	0.578228	0.638763	0.693569	0.749385	0.805251	0.846895	0.883999	0.911032	0.922655	0.916234	0.897966	0.861845	0.797691	0.72463	0.639884	0.536515	0.429015	0.328565	0.240502	0.153908	0.0695927	0.012044	-0.0205367	-0.0489242	-0.0814675	-0.119558	-0.148165	-0.147272	-0.130804	-0.13112	-0.16413	-0.237543	-0.351718	-0.478487	-0.575051	-0.617198	-0.595722	-0.497631	-0.317632	-0.07821	0.181347	0.431657	0.6576	0.841007	0.952608	0.966756	0.881949	0.725823	0.541755	0.369824	0.234999	0.146336	0.103299	
1.12433	1.1203	1.09923	1.0641	1.03467	1.00604	0.956558	0.899678	0.863966	0.828239	0.77718	0.716165	0.637711	0.573775	0.540515	0.504644	0.44694	0.35595	0.220518	0.0548677	-0.10499	-0.223835	-0.276842	-0.263213	-0.160524	0.0207747	0.253712	0.498863	0.732626	0.942018	1.10299	1.18622	1.17168	1.07003	0.914053	0.751274	0.611335	0.516672	0.464945	0.44861	0.461872	0.486541	0.526231	0.569047	0.614279	0.663463	0.711802	0.757016	0.804992	0.844029	0.876453	0.906764	0.918411	0.92504	0.918856	0.893313	0.852937	0.801196	0.731827	0.6418	0.553391	0.462986	0.362397	0.265972	0.1837	0.118796	0.0576534	-0.00315443	-0.0410187	-0.0569033	-0.0717565	-0.0943173	-0.126036	-0.152012	-0.150457	-0.132678	-0.130626	-0.160942	-0.231624	-0.344026	-0.47135	-0.570598	-0.61637	-0.599065	-0.5056	-0.329635	-0.0923525	0.167095	0.41853	0.646432	0.832984	0.949102	0.968389	0.887954	0.734319	0.550636	0.377564	0.240979	0.150737	0.106802	
0.770779	0.784127	0.790382	0.794988	0.817288	0.841667	0.843987	0.838129	0.846278	0.849985	0.8353	0.803881	0.753525	0.711595	0.695291	0.676236	0.632895	0.55565	0.429732	0.273904	0.118432	0.00343455	-0.0478951	-0.0331342	0.0690581	0.251454	0.484365	0.732626	0.967017	1.17987	1.34228	1.42943	1.41704	1.3167	1.1608	0.994201	0.852094	0.750568	0.694819	0.67154	0.678015	0.695461	0.726202	0.758651	0.792277	0.827683	0.857325	0.884166	0.907363	0.921688	0.926706	0.92639	0.908141	0.880353	0.841274	0.785876	0.715078	0.640346	0.559764	0.464453	0.376142	0.295021	0.211534	0.136385	0.0769224	0.0349015	-0.00454402	-0.0472046	-0.0712883	-0.0765486	-0.0833743	-0.100301	-0.128599	-0.153468	-0.151989	-0.133674	-0.130193	-0.158759	-0.227606	-0.338758	-0.466383	-0.567417	-0.615659	-0.601209	-0.51093	-0.337784	-0.102037	0.157282	0.409458	0.638676	0.827351	0.946545	0.969369	0.89198	0.740118	0.556755	0.382932	0.24515	0.153822	0.109266	
0.460716	0.481468	0.506381	0.535486	0.583461	0.639913	0.678147	0.707636	0.753369	0.79154	0.808835	0.810726	0.788679	0.771905	0.778423	0.781061	0.756789	0.695146	0.586134	0.44206	0.297033	0.190848	0.145384	0.165006	0.271571	0.455481	0.692836	0.942018	1.17987	1.3936	1.55785	1.6464	1.6339	1.53392	1.37426	1.20528	1.05597	0.949198	0.884251	0.852854	0.848103	0.854542	0.870703	0.888312	0.904419	0.919029	0.928249	0.929974	0.927402	0.911258	0.887119	0.858835	0.809685	0.755396	0.693087	0.619485	0.540102	0.461372	0.380929	0.29419	0.221976	0.160969	0.098951	0.0452377	0.00626923	-0.0171284	-0.0407889	-0.0714856	-0.0871512	-0.0863438	-0.0888673	-0.102925	-0.129545	-0.153969	-0.152676	-0.13416	-0.129934	-0.157569	-0.22544	-0.335904	-0.463659	-0.565638	-0.615217	-0.602325	-0.513789	-0.342195	-0.107308	0.151925	0.404494	0.63442	0.82424	0.945101	0.969855	0.894141	0.743267	0.560096	0.385876	0.247446	0.155525	0.110629	
0.224594	0.248628	0.275038	0.308171	0.366552	0.434442	0.48574	0.531691	0.594665	0.65624	0.700662	0.726017	0.72777	0.736828	0.769447	0.794502	0.79376	0.754906	0.662773	0.536094	0.405793	0.310245	0.2762	0.304108	0.417	0.608315	0.848561	1.10299	1.34228	1.55785	1.72287	1.80992	1.79716	1.6927	1.53058	1.35461	1.19956	1.08357	1.00934	0.965349	0.94833	0.937316	0.937389	0.934338	0.927748	0.920409	0.903502	0.879814	0.852295	0.815028	0.765556	0.7135	0.649068	0.582473	0.513754	0.43855	0.360834	0.291773	0.22763	0.159306	0.106381	0.0652545	0.0231208	-0.011989	-0.0352728	-0.0463028	-0.0603903	-0.0840068	-0.0947915	-0.0907989	-0.0913435	-0.104179	-0.130077	-0.154223	-0.152894	-0.134293	-0.129888	-0.157357	-0.22509	-0.335452	-0.463212	-0.565327	-0.615126	-0.602504	-0.514268	-0.342934	-0.108189	0.151031	0.403666	0.633709	0.823719	0.944858	0.969935	0.8945	0.743792	0.560654	0.386367	0.247829	0.15581	0.110857	
0.0663992	0.085848	0.108785	0.136981	0.187196	0.249083	0.297109	0.343852	0.41271	0.478476	0.529325	0.569865	0.591815	0.619469	0.669413	0.716619	0.733089	0.710492	0.637646	0.527393	0.41258	0.335033	0.313614	0.355192	0.479953	0.679128	0.928234	1.18622	1.42943	1.6464	1.80992	1.89605	1.8772	1.76933	1.59886	1.41632	1.25158	1.12496	1.03827	0.980995	0.946777	0.921498	0.9017	0.880821	0.856807	0.828216	0.793045	0.751695	0.705274	0.648668	0.591033	0.535535	0.466903	0.401015	0.337252	0.273043	0.211235	0.158706	0.112094	0.0626905	0.0285899	0.00510818	-0.0216966	-0.044633	-0.0582103	-0.0614766	-0.0701113	-0.0900825	-0.0982491	-0.0926601	-0.0924932	-0.105057	-0.130767	-0.154543	-0.152801	-0.134141	-0.130079	-0.158128	-0.226555	-0.3374	-0.465045	-0.566496	-0.615402	-0.601762	-0.512382	-0.340014	-0.104686	0.154602	0.406979	0.636552	0.825801	0.945831	0.969621	0.893069	0.741697	0.558427	0.384402	0.246295	0.15467	0.109944	
-0.0305929	-0.0141535	0.000774037	0.017818	0.0564277	0.105597	0.140949	0.17502	0.23371	0.297475	0.348969	0.387867	0.408504	0.443405	0.505862	0.560971	0.591814	0.583756	0.522373	0.425759	0.326769	0.260381	0.254707	0.307615	0.443515	0.653433	0.907998	1.17168	1.41704	1.6339	1.79716	1.8772	1.85525	1.73885	1.56347	1.37345	1.20108	1.06678	0.969813	0.900792	0.85622	0.814317	0.782882	0.746909	0.707032	0.667854	0.62177	0.571211	0.522786	0.469968	0.410807	0.355629	0.295421	0.242419	0.19419	0.144836	0.0993526	0.0655909	0.0354744	0.00161538	-0.0172771	-0.0293073	-0.0472586	-0.0620542	-0.0691761	-0.0684851	-0.0750599	-0.0932735	-0.0996616	-0.0932551	-0.09317	-0.106058	-0.131864	-0.155037	-0.152445	-0.133742	-0.130551	-0.159928	-0.229874	-0.34176	-0.469137	-0.569101	-0.61599	-0.60004	-0.50807	-0.333388	-0.0967793	0.162633	0.414414	0.642917	0.830438	0.94796	0.968858	0.889803	0.736965	0.553419	0.379999	0.242867	0.15213	0.107913	
-0.0824864	-0.0721771	-0.0642925	-0.0561412	-0.0295587	0.00509542	0.024884	0.0469242	0.0935272	0.140381	0.177273	0.209281	0.230772	0.26314	0.322535	0.381422	0.409224	0.401645	0.344196	0.252976	0.16091	0.108093	0.110717	0.176978	0.32298	0.541823	0.80311	1.07003	1.3167	1.53392	1.6927	1.76933	1.73885	1.61709	1.43503	1.23913	1.06278	0.921397	0.819055	0.744056	0.690465	0.645237	0.606615	0.5663	0.526807	0.484991	0.439265	0.39341	0.346613	0.294392	0.247925	0.208947	0.163188	0.124171	0.089586	0.0570939	0.0270547	0.00606756	-0.0105746	-0.0325397	-0.0430517	-0.0480876	-0.0596357	-0.0701967	-0.074594	-0.0718457	-0.077616	-0.0950758	-0.100189	-0.0933537	-0.0937841	-0.107388	-0.133459	-0.155712	-0.15182	-0.133133	-0.131378	-0.162849	-0.235125	-0.348555	-0.475435	-0.57304	-0.616768	-0.5972	-0.501195	-0.322959	-0.0844334	0.175111	0.425928	0.652734	0.837527	0.951113	0.967513	0.88461	0.729557	0.545641	0.373199	0.237599	0.148244	0.104815	
-0.110712	-0.102424	-0.0980967	-0.0973067	-0.081663	-0.0583569	-0.0507947	-0.0441788	-0.0100821	0.0279059	0.0519957	0.0683379	0.0731387	0.0985464	0.15353	0.20253	0.227527	0.214905	0.15327	0.0603442	-0.0272364	-0.0786246	-0.0669604	0.00371495	0.158157	0.382195	0.646735	0.914053	1.1608	1.37426	1.53058	1.59886	1.56347	1.43503	1.2497	1.05366	0.875683	0.73687	0.634365	0.558983	0.508271	0.460538	0.424594	0.386293	0.347402	0.310908	0.272831	0.233561	0.199986	0.165855	0.131255	0.101652	0.0674175	0.0432197	0.0236317	0.00172282	-0.0164657	-0.0249769	-0.0358944	-0.052592	-0.0552302	-0.0562116	-0.0664671	-0.0747622	-0.0765636	-0.0729514	-0.07951	-0.0966489	-0.100273	-0.0931768	-0.0945367	-0.109184	-0.135576	-0.156506	-0.150891	-0.132369	-0.132677	-0.167029	-0.242426	-0.357813	-0.483849	-0.578149	-0.617544	-0.593026	-0.491549	-0.308581	-0.0675962	0.192011	0.441452	0.665891	0.846898	0.955083	0.965386	0.877348	0.719416	0.535114	0.364071	0.230576	0.143095	0.100729	
-0.121358	-0.118473	-0.118512	-0.120312	-0.108659	-0.0942315	-0.0965352	-0.0967931	-0.0744412	-0.0518163	-0.041078	-0.0353042	-0.0354798	-0.021007	0.0233322	0.0636448	0.0721826	0.0485411	-0.0237135	-0.122532	-0.21286	-0.259657	-0.247338	-0.168422	-0.0108141	0.219488	0.483566	0.751274	0.994201	1.20528	1.35461	1.41632	1.37345	1.23913	1.05366	0.856419	0.68429	0.547819	0.450084	0.380626	0.332298	0.292141	0.262649	0.230456	0.203251	0.176774	0.147674	0.12166	0.0978278	0.0690297	0.0467555	0.030713	0.0102813	-0.00274299	-0.0152737	-0.0276768	-0.0391629	-0.0445132	-0.0495064	-0.0599598	-0.0609092	-0.0616631	-0.0696625	-0.0761939	-0.0774256	-0.0738502	-0.0812648	-0.0979778	-0.10009	-0.0929791	-0.0955744	-0.111503	-0.138186	-0.157326	-0.149617	-0.131536	-0.134613	-0.172657	-0.25193	-0.369557	-0.494245	-0.584203	-0.618049	-0.587225	-0.47885	-0.290063	-0.0462097	0.213294	0.460886	0.682229	0.85832	0.959583	0.962207	0.867832	0.706475	0.521872	0.352709	0.221911	0.136793	0.0957569	
-0.128864	-0.126276	-0.12522	-0.12963	-0.124637	-0.115302	-0.122604	-0.129531	-0.110591	-0.0938692	-0.095507	-0.102167	-0.114067	-0.104203	-0.0678995	-0.0391445	-0.0405876	-0.0782061	-0.160492	-0.268549	-0.359851	-0.408471	-0.391911	-0.311439	-0.147476	0.0833874	0.348646	0.611335	0.852094	1.05597	1.19956	1.25158	1.20108	1.06278	0.875683	0.68429	0.516839	0.389133	0.299569	0.236506	0.197625	0.16395	0.141978	0.118503	0.0988927	0.0790943	0.0605824	0.0427	0.0285256	0.0128381	0.00139271	-0.00751806	-0.0233536	-0.0305595	-0.0362542	-0.0452752	-0.0515644	-0.0500479	-0.05531	-0.066367	-0.0635013	-0.0627501	-0.0716816	-0.0779496	-0.0776273	-0.0740652	-0.0832179	-0.0994988	-0.0997289	-0.0927757	-0.0969808	-0.114418	-0.141242	-0.158035	-0.147956	-0.13076	-0.137403	-0.179968	-0.26381	-0.383789	-0.506433	-0.590902	-0.617943	-0.579424	-0.462752	-0.267187	-0.0202187	0.238894	0.484095	0.701536	0.871489	0.964254	0.957644	0.855846	0.690665	0.505969	0.339236	0.211747	0.129474	0.0900235	
-0.128825	-0.131982	-0.13324	-0.135147	-0.129449	-0.12523	-0.136185	-0.144745	-0.132846	-0.121301	-0.128137	-0.142132	-0.156622	-0.152591	-0.122141	-0.103717	-0.119022	-0.168067	-0.26297	-0.376541	-0.470045	-0.51554	-0.496799	-0.409384	-0.242194	-0.00613282	0.255491	0.516672	0.750568	0.949198	1.08357	1.12496	1.06678	0.921397	0.73687	0.547819	0.389133	0.269607	0.187165	0.13367	0.100758	0.0742949	0.0606554	0.0432486	0.03125	0.0207834	0.00867231	-0.0015645	-0.00862706	-0.0200589	-0.0263154	-0.0326911	-0.0419358	-0.0422925	-0.0461179	-0.0516456	-0.0558223	-0.0560233	-0.0603138	-0.0667509	-0.0634598	-0.0653529	-0.0736653	-0.0781485	-0.0773311	-0.0749016	-0.0856768	-0.100843	-0.0990887	-0.0927451	-0.0989043	-0.117965	-0.144639	-0.158472	-0.145897	-0.130228	-0.141322	-0.189242	-0.278253	-0.400475	-0.520149	-0.59787	-0.616802	-0.569171	-0.442853	-0.239714	0.0104159	0.268718	0.510903	0.723544	0.886024	0.968654	0.951308	0.841148	0.671924	0.487487	0.323807	0.200254	0.121293	0.0836695	
-0.131555	-0.135141	-0.134057	-0.136221	-0.13476	-0.133329	-0.144494	-0.151693	-0.139825	-0.134508	-0.148849	-0.166417	-0.182302	-0.178417	-0.15325	-0.141608	-0.169285	-0.230199	-0.332548	-0.45296	-0.543115	-0.584557	-0.560441	-0.46475	-0.291114	-0.0517823	0.209528	0.464945	0.694819	0.884251	1.00934	1.03827	0.969813	0.819055	0.634365	0.450084	0.299569	0.187165	0.113652	0.0665749	0.0392788	0.0197595	0.0107616	-0.00221429	-0.00629417	-0.014358	-0.0214247	-0.026054	-0.0295554	-0.0386579	-0.0404966	-0.0418502	-0.0482878	-0.0485427	-0.0520659	-0.0572237	-0.0592355	-0.0560132	-0.0613537	-0.068956	-0.0644619	-0.0660383	-0.0747039	-0.0790792	-0.0773576	-0.0757083	-0.0883329	-0.10214	-0.0983118	-0.0929709	-0.101421	-0.122168	-0.148241	-0.158454	-0.143466	-0.130194	-0.146703	-0.200797	-0.295439	-0.419517	-0.535043	-0.604647	-0.614123	-0.555937	-0.418702	-0.207409	0.0457032	0.30263	0.541085	0.747913	0.90146	0.972265	0.94276	0.823489	0.650213	0.466539	0.306608	0.187627	0.112423	0.0768488	
-0.130649	-0.139138	-0.138864	-0.137005	-0.13458	-0.137579	-0.150045	-0.156275	-0.146281	-0.139943	-0.157968	-0.182965	-0.197337	-0.190272	-0.168575	-0.164785	-0.199531	-0.272017	-0.382386	-0.503242	-0.591242	-0.625088	-0.592712	-0.488606	-0.305332	-0.0627572	0.197424	0.44861	0.67154	0.852854	0.965349	0.980995	0.900792	0.744056	0.558983	0.380626	0.236506	0.13367	0.0665749	0.026314	0.00468215	-0.0103574	-0.0162264	-0.0236628	-0.027232	-0.0323636	-0.0358081	-0.0392824	-0.042584	-0.0465749	-0.0433579	-0.048309	-0.0545086	-0.0521832	-0.054495	-0.0576936	-0.0592185	-0.0581438	-0.0644541	-0.0686608	-0.0636161	-0.0681247	-0.0767695	-0.0792407	-0.0768076	-0.0771988	-0.0916081	-0.103118	-0.097272	-0.0936227	-0.104696	-0.127022	-0.15184	-0.157794	-0.140766	-0.131001	-0.153941	-0.214976	-0.315517	-0.440727	-0.550663	-0.610682	-0.609316	-0.539122	-0.389822	-0.170054	0.0856069	0.340447	0.574358	0.774227	0.917243	0.974496	0.931528	0.802624	0.625523	0.44328	0.287863	0.174084	0.103051	0.0697224	
-0.131798	-0.142452	-0.1403	-0.136621	-0.137272	-0.143331	-0.152972	-0.155049	-0.149171	-0.149164	-0.166872	-0.189057	-0.202012	-0.194785	-0.175514	-0.180236	-0.227428	-0.306814	-0.42195	-0.542952	-0.620134	-0.644325	-0.601532	-0.48224	-0.29199	-0.0418406	0.21491	0.461872	0.678015	0.848103	0.94833	0.946777	0.85622	0.690465	0.508271	0.332298	0.197625	0.100758	0.0392788	0.00468215	-0.0158454	-0.0282947	-0.0310539	-0.0400222	-0.0389011	-0.041724	-0.0441771	-0.0447755	-0.0434757	-0.0487966	-0.0498646	-0.0535013	-0.0548248	-0.0516316	-0.0560669	-0.0604375	-0.0599766	-0.0582085	-0.0660345	-0.0690828	-0.0641354	-0.0699645	-0.0778542	-0.0793783	-0.0769163	-0.0793516	-0.0949141	-0.10359	-0.0962129	-0.0949323	-0.108807	-0.132442	-0.155175	-0.156333	-0.138005	-0.133084	-0.163482	-0.232132	-0.338574	-0.4638	-0.566441	-0.615333	-0.601706	-0.518059	-0.355725	-0.127478	0.13003	0.38193	0.610373	0.80198	0.932724	0.974686	0.917121	0.778335	0.597894	0.417912	0.267826	0.159863	0.0933705	0.0624534	
-0.132367	-0.145496	-0.143719	-0.137057	-0.137569	-0.148335	-0.158156	-0.154719	-0.148105	-0.151291	-0.175677	-0.202829	-0.206764	-0.19251	-0.179617	-0.18864	-0.243808	-0.336262	-0.454239	-0.572002	-0.643203	-0.652432	-0.599015	-0.465787	-0.262736	-0.0106662	0.246782	0.486541	0.695461	0.854542	0.937316	0.921498	0.814317	0.645237	0.460538	0.292141	0.16395	0.0742949	0.0197595	-0.0103574	-0.0282947	-0.0340669	-0.0390991	-0.0418633	-0.0403325	-0.0452183	-0.0463248	-0.0462122	-0.0512145	-0.0556158	-0.0485443	-0.0525666	-0.0543799	-0.0541178	-0.0589317	-0.0597758	-0.059953	-0.0607525	-0.0675961	-0.0679408	-0.0646363	-0.0725207	-0.0793224	-0.0794057	-0.0769792	-0.0820829	-0.098394	-0.10357	-0.0952265	-0.0970621	-0.113845	-0.138295	-0.157922	-0.153971	-0.135524	-0.136976	-0.175815	-0.252604	-0.364592	-0.488281	-0.581681	-0.617864	-0.590536	-0.492033	-0.315944	-0.0795816	0.178799	0.426771	0.648699	0.830563	0.947152	0.972121	0.899052	0.750453	0.567429	0.390689	0.246785	0.145213	0.0835769	0.0552009	
