1.17089	1.13537	1.04463	0.903574	0.730944	0.54213	0.343547	0.141173	-0.0560432	-0.238959	-0.399592	-0.532488	-0.635213	-0.708049	-0.754383	-0.778212	-0.782459	-0.770996	-0.74831	-0.717912	-0.683104	-0.646976	-0.611616	-0.578715	-0.549483	-0.524473	-0.504175	-0.488678	-0.478033	-0.472271	-0.471293	-0.475211	-0.483908	-0.497556	-0.515968	-0.539187	-0.566782	-0.598252	-0.632682	-0.668579	-0.704063	-0.736677	-0.762945	-0.779573	-0.782322	-0.766787	-0.729842	-0.667931	-0.577327	-0.456419	-0.306424	-0.131568	0.0610869	0.262701	0.463771	0.657078	0.837478	0.993469	1.10572	1.16253	1.16943	1.13555	1.05774	0.927308	0.749636	0.551006	0.365853	0.219203	0.118769	0.0584099	0.0261866	0.0107499	0.00405816	0.00141451	0.00045694	0.000137272	3.84727e-05	1.00907e-05	2.49504e-06	6.40981e-07	4.39259e-07	1.41629e-06	5.79937e-06	2.26752e-05	8.31084e-05	0.000284529	0.000907104	0.00268407	0.00734453	0.0185125	0.0428031	0.090381	0.17352	0.301668	0.47352	0.670752	0.860888	1.01213	1.11034	1.16078	
1.13537	1.04028	0.890489	0.708648	0.511406	0.301838	0.0861108	-0.121372	-0.3082	-0.466648	-0.592377	-0.684896	-0.745388	-0.777001	-0.784198	-0.769978	-0.738665	-0.696577	-0.648458	-0.597959	-0.548865	-0.503436	-0.462836	-0.428069	-0.399028	-0.37557	-0.357412	-0.34397	-0.335034	-0.330206	-0.329357	-0.332518	-0.339693	-0.351282	-0.367509	-0.388851	-0.415729	-0.448278	-0.486582	-0.530215	-0.577775	-0.627899	-0.677445	-0.722479	-0.759048	-0.780933	-0.782834	-0.761399	-0.712788	-0.633361	-0.521062	-0.375483	-0.199357	0.00113177	0.215481	0.428872	0.63137	0.820652	0.986128	1.10473	1.163	1.16854	1.13114	1.04579	0.90418	0.71629	0.513431	0.331388	0.192661	0.101204	0.0482418	0.0209664	0.008347	0.00305752	0.00103473	0.000324751	9.48514e-05	2.58698e-05	6.64209e-06	1.7752e-06	1.23378e-06	3.82671e-06	1.50888e-05	5.67801e-05	0.000199891	0.000655772	0.00199805	0.00563337	0.0146389	0.0349105	0.0760519	0.150629	0.270002	0.436373	0.634812	0.833255	0.996015	1.10353	1.15883	1.17097	
1.04463	0.890489	0.701232	0.496241	0.276301	0.0477725	-0.168213	-0.356564	-0.512955	-0.634133	-0.7194	-0.76982	-0.786914	-0.775806	-0.741518	-0.689825	-0.629592	-0.567262	-0.506307	-0.450494	-0.402201	-0.361362	-0.328208	-0.302068	-0.281636	-0.266427	-0.255174	-0.247326	-0.242339	-0.239617	-0.239268	-0.240846	-0.244964	-0.251406	-0.26129	-0.274676	-0.292984	-0.316834	-0.347159	-0.38504	-0.430492	-0.482986	-0.542153	-0.60419	-0.665946	-0.722265	-0.764562	-0.785707	-0.780378	-0.743551	-0.672419	-0.565693	-0.423197	-0.247421	-0.0414128	0.184669	0.409764	0.620761	0.817783	0.989424	1.10918	1.16466	1.16634	1.12258	1.02558	0.869406	0.670889	0.466412	0.291299	0.163715	0.0831243	0.0383132	0.0161108	0.00621049	0.00220461	0.000723654	0.000220481	6.25863e-05	1.67e-05	4.64758e-06	3.27656e-06	9.7697e-06	3.70615e-05	0.000134111	0.000453062	0.00142277	0.00413804	0.011102	0.0273563	0.0616205	0.126256	0.234143	0.391285	0.587575	0.793385	0.970038	1.09101	1.15458	1.17108	1.13884	
0.903574	0.708648	0.496241	0.267658	0.0280214	-0.195894	-0.385943	-0.543111	-0.664221	-0.74413	-0.78416	-0.785673	-0.755078	-0.701916	-0.633708	-0.560816	-0.490799	-0.426359	-0.370449	-0.325527	-0.290402	-0.263717	-0.244748	-0.23104	-0.221758	-0.215687	-0.211563	-0.209264	-0.20779	-0.207141	-0.207169	-0.207482	-0.208827	-0.210605	-0.214036	-0.219094	-0.226855	-0.238553	-0.255329	-0.27856	-0.310789	-0.351617	-0.40287	-0.464019	-0.531795	-0.604363	-0.675714	-0.736214	-0.776908	-0.789018	-0.764737	-0.701008	-0.596081	-0.452696	-0.276114	-0.0649009	0.171687	0.406455	0.625069	0.829007	1.00293	1.11819	1.16695	1.16223	1.10836	0.995085	0.821837	0.614037	0.411917	0.247901	0.134236	0.0657028	0.0292193	0.0118675	0.00442353	0.00152003	0.000483505	0.000142954	3.96719e-05	1.15056e-05	8.22917e-06	2.35757e-05	8.59747e-05	0.000298945	0.000968358	0.00290833	0.00806619	0.0205696	0.048002	0.101994	0.196293	0.340489	0.530292	0.740792	0.932335	1.07093	1.14714	1.1708	1.14501	1.05699	
0.730944	0.511406	0.276301	0.0280214	-0.204974	-0.399525	-0.560548	-0.685205	-0.760259	-0.788688	-0.776276	-0.729325	-0.661965	-0.583094	-0.502283	-0.428414	-0.363793	-0.311236	-0.272653	-0.246377	-0.228576	-0.218287	-0.212638	-0.209791	-0.209293	-0.209225	-0.209892	-0.210538	-0.210891	-0.211398	-0.211224	-0.211334	-0.210665	-0.210526	-0.20956	-0.209657	-0.209677	-0.211342	-0.215739	-0.223547	-0.237885	-0.261412	-0.294562	-0.341586	-0.401078	-0.471398	-0.550238	-0.631249	-0.704578	-0.761026	-0.788321	-0.776811	-0.721208	-0.615456	-0.467624	-0.287329	-0.068664	0.177346	0.419016	0.644473	0.853844	1.02488	1.13009	1.16906	1.15498	1.08604	0.951891	0.760839	0.547245	0.352594	0.203726	0.105979	0.0498899	0.021368	0.00837006	0.00301309	0.00100128	0.000308526	8.91034e-05	2.69476e-05	1.95547e-05	5.38072e-05	0.000188505	0.000629459	0.00195384	0.00560819	0.014821	0.0358934	0.0792562	0.158713	0.286713	0.465093	0.675752	0.881048	1.04063	1.13479	1.16935	1.15259	1.07537	0.928649	
0.54213	0.301838	0.0477725	-0.195894	-0.399525	-0.566349	-0.696344	-0.768519	-0.786503	-0.765414	-0.708194	-0.629755	-0.542761	-0.454545	-0.377541	-0.314709	-0.268943	-0.240429	-0.225405	-0.218319	-0.216156	-0.21732	-0.218658	-0.220685	-0.221851	-0.222333	-0.222814	-0.222295	-0.222279	-0.222022	-0.221734	-0.222292	-0.221839	-0.222764	-0.222143	-0.222171	-0.221237	-0.219704	-0.217829	-0.217076	-0.21623	-0.221453	-0.233194	-0.256106	-0.294603	-0.35017	-0.421867	-0.506565	-0.595776	-0.678839	-0.746355	-0.78261	-0.781247	-0.73255	-0.623841	-0.470098	-0.282404	-0.0527206	0.201236	0.447468	0.679304	0.89079	1.05242	1.14296	1.16982	1.14231	1.05232	0.893808	0.686871	0.473117	0.291599	0.161254	0.0803915	0.0363284	0.014962	0.00564523	0.00196067	0.000629886	0.000189399	5.97605e-05	4.39967e-05	0.000116253	0.000391058	0.00125353	0.00372692	0.010219	0.0257201	0.0591242	0.123468	0.232942	0.395002	0.599744	0.814972	0.996959	1.11468	1.16534	1.16019	1.09706	0.963328	0.767906	
0.343547	0.0861108	-0.168213	-0.385943	-0.560548	-0.696344	-0.770877	-0.783271	-0.758418	-0.69607	-0.60575	-0.510037	-0.41522	-0.336879	-0.280703	-0.245218	-0.229752	-0.224559	-0.225397	-0.226483	-0.228356	-0.228076	-0.226724	-0.223786	-0.219816	-0.216214	-0.212275	-0.20919	-0.207182	-0.205545	-0.205748	-0.206167	-0.208441	-0.210605	-0.214726	-0.217799	-0.222153	-0.225587	-0.227257	-0.228924	-0.228063	-0.225111	-0.224216	-0.226487	-0.237878	-0.263856	-0.311551	-0.380791	-0.470885	-0.567862	-0.662021	-0.73811	-0.777512	-0.781912	-0.734505	-0.620405	-0.46039	-0.26082	-0.017579	0.242051	0.49204	0.729291	0.936819	1.0821	1.15504	1.16737	1.1206	1.00345	0.819675	0.601943	0.395262	0.232258	0.122616	0.0584679	0.025323	0.0100161	0.00363651	0.00121827	0.000381493	0.00012562	9.38203e-05	0.000238058	0.000768653	0.00236473	0.00673308	0.0176325	0.0422579	0.0921912	0.182069	0.323702	0.515673	0.7343	0.936952	1.08278	1.15624	1.16636	1.11924	1.00393	0.818163	0.589002	
0.141173	-0.121372	-0.356564	-0.543111	-0.685205	-0.768519	-0.783271	-0.756258	-0.691343	-0.589166	-0.484416	-0.387746	-0.30993	-0.263511	-0.237521	-0.231496	-0.231435	-0.232734	-0.232511	-0.228645	-0.223401	-0.21552	-0.207345	-0.198294	-0.191358	-0.184824	-0.179359	-0.176419	-0.173081	-0.172306	-0.172059	-0.172421	-0.175587	-0.177412	-0.183405	-0.188173	-0.195661	-0.203512	-0.212406	-0.219143	-0.228002	-0.231502	-0.233113	-0.231206	-0.231596	-0.233944	-0.250651	-0.287896	-0.352546	-0.444431	-0.546356	-0.653126	-0.735538	-0.776466	-0.781668	-0.726991	-0.605394	-0.437066	-0.220753	0.0355137	0.298669	0.553168	0.792453	0.987441	1.11081	1.16466	1.15851	1.08505	0.936266	0.730208	0.509743	0.317909	0.177623	0.0893438	0.0406854	0.016868	0.0064014	0.00223623	0.000729306	0.000250635	0.000189859	0.000462725	0.00143394	0.00423401	0.011546	0.0288814	0.065918	0.136515	0.25508	0.427734	0.641193	0.858907	1.03451	1.13793	1.1691	1.13967	1.04609	0.87833	0.65204	0.401292	
-0.0560432	-0.3082	-0.512955	-0.664221	-0.760259	-0.786503	-0.758418	-0.691343	-0.582873	-0.469829	-0.374654	-0.296308	-0.254911	-0.23635	-0.232972	-0.23705	-0.23424	-0.231534	-0.220245	-0.209668	-0.196726	-0.185847	-0.174496	-0.168218	-0.161829	-0.157588	-0.155035	-0.153078	-0.151484	-0.151582	-0.150758	-0.151689	-0.152247	-0.154237	-0.156148	-0.160513	-0.16524	-0.17177	-0.182061	-0.191453	-0.20383	-0.216649	-0.227985	-0.233584	-0.235728	-0.235753	-0.233448	-0.245969	-0.27503	-0.339856	-0.430105	-0.535724	-0.651622	-0.736477	-0.780055	-0.779307	-0.710261	-0.579385	-0.39707	-0.161013	0.104766	0.371155	0.630472	0.864319	1.03767	1.13623	1.16939	1.13816	1.03051	0.849465	0.628528	0.415296	0.245292	0.130052	0.0622339	0.0270337	0.0107198	0.00390371	0.00132572	0.000475404	0.000365166	0.000855254	0.00254395	0.00721125	0.0188401	0.045033	0.0979312	0.192651	0.340892	0.539923	0.763445	0.96588	1.10477	1.16497	1.15654	1.08588	0.943022	0.729279	0.475734	0.211533	
-0.238959	-0.466648	-0.634133	-0.74413	-0.788688	-0.765414	-0.69607	-0.589166	-0.469829	-0.371539	-0.291135	-0.247012	-0.23665	-0.234747	-0.242171	-0.235946	-0.225427	-0.208762	-0.190952	-0.178435	-0.166445	-0.159091	-0.154447	-0.153284	-0.150054	-0.150599	-0.150448	-0.148906	-0.150927	-0.148946	-0.150265	-0.150003	-0.149195	-0.151051	-0.149024	-0.151401	-0.151199	-0.153796	-0.156596	-0.164696	-0.17186	-0.185868	-0.200858	-0.220309	-0.230926	-0.241614	-0.238173	-0.235099	-0.240812	-0.267548	-0.337141	-0.427861	-0.540434	-0.657537	-0.741968	-0.786132	-0.770816	-0.684882	-0.540751	-0.33689	-0.0825443	0.189128	0.460454	0.720981	0.938403	1.08344	1.15648	1.16491	1.0998	0.953097	0.744714	0.520065	0.324197	0.180969	0.0909194	0.0413487	0.0171211	0.00649588	0.00229626	0.000858854	0.000668705	0.00150615	0.00430165	0.011712	0.0293333	0.067045	0.139032	0.260065	0.43639	0.654151	0.875175	1.05065	1.14834	1.16744	1.12064	1.00616	0.815662	0.566937	0.297411	0.025807	
-0.399592	-0.592377	-0.7194	-0.78416	-0.776276	-0.708194	-0.60575	-0.484416	-0.374654	-0.291135	-0.242936	-0.237795	-0.24105	-0.244861	-0.236138	-0.212375	-0.193391	-0.17277	-0.166163	-0.15789	-0.15709	-0.155187	-0.158365	-0.154931	-0.157168	-0.155695	-0.155437	-0.15431	-0.154878	-0.153093	-0.15431	-0.153794	-0.154234	-0.155201	-0.155569	-0.156147	-0.156382	-0.157179	-0.155078	-0.157196	-0.156995	-0.162538	-0.168878	-0.184719	-0.204407	-0.22609	-0.244513	-0.242577	-0.239829	-0.2367	-0.266161	-0.338333	-0.437304	-0.558419	-0.671014	-0.7542	-0.789722	-0.753372	-0.650173	-0.484656	-0.255073	0.0123766	0.289465	0.566117	0.818174	1.00815	1.12231	1.16852	1.14441	1.03701	0.852117	0.6271	0.411737	0.241605	0.127282	0.0605405	0.0261522	0.0103297	0.00379848	0.00148078	0.00116819	0.00253275	0.00694958	0.0181872	0.0437038	0.0956105	0.189278	0.337115	0.537395	0.764311	0.971031	1.11176	1.16781	1.14852	1.06294	0.903578	0.671899	0.400295	0.122812	-0.14989	
-0.532488	-0.684896	-0.76982	-0.785673	-0.729325	-0.629755	-0.510037	-0.387746	-0.296308	-0.247012	-0.237795	-0.245262	-0.24363	-0.230628	-0.200571	-0.179581	-0.166952	-0.164304	-0.163723	-0.161671	-0.163245	-0.160584	-0.158217	-0.153559	-0.152408	-0.147323	-0.144806	-0.144002	-0.139831	-0.141886	-0.139347	-0.141212	-0.142618	-0.142998	-0.148042	-0.148534	-0.153908	-0.156384	-0.160213	-0.161441	-0.163621	-0.161758	-0.165108	-0.16449	-0.174576	-0.18927	-0.219715	-0.240587	-0.246073	-0.241072	-0.238425	-0.271659	-0.346147	-0.459035	-0.584063	-0.693134	-0.770627	-0.785398	-0.726507	-0.60158	-0.405935	-0.15348	0.122893	0.407343	0.683492	0.913368	1.06907	1.15222	1.16648	1.09962	0.946044	0.731289	0.504489	0.31061	0.171325	0.0851152	0.0383145	0.0157389	0.00601547	0.00244188	0.00195092	0.00407641	0.0107545	0.0270777	0.0624974	0.131026	0.247974	0.421236	0.639287	0.865176	1.04797	1.1501	1.16643	1.11067	0.985368	0.783234	0.520063	0.235997	-0.0437721	-0.309576	
-0.635213	-0.745388	-0.786914	-0.755078	-0.661965	-0.542761	-0.41522	-0.30993	-0.254911	-0.23665	-0.24105	-0.24363	-0.226562	-0.197584	-0.173777	-0.168116	-0.168114	-0.169185	-0.16343	-0.162083	-0.154538	-0.149112	-0.141527	-0.139032	-0.132118	-0.130923	-0.127255	-0.127055	-0.124566	-0.125764	-0.124477	-0.125299	-0.126599	-0.126829	-0.13	-0.131815	-0.136013	-0.140025	-0.146677	-0.151422	-0.160474	-0.162307	-0.167086	-0.169201	-0.168442	-0.169845	-0.185469	-0.216224	-0.239069	-0.244347	-0.236668	-0.243803	-0.282373	-0.367881	-0.491281	-0.616131	-0.723027	-0.783283	-0.770815	-0.687953	-0.531347	-0.303452	-0.0348207	0.250811	0.541125	0.803279	0.999021	1.11889	1.16895	1.14142	1.02363	0.828179	0.598672	0.385926	0.222475	0.115267	0.0539954	0.0230393	0.00914292	0.00386011	0.00312157	0.0062946	0.0159831	0.0387609	0.0860401	0.173114	0.313725	0.50928	0.737638	0.952962	1.10513	1.16798	1.14731	1.056	0.890998	0.651505	0.367305	0.0784089	-0.198562	-0.44803	
-0.708049	-0.777001	-0.775806	-0.701916	-0.583094	-0.454545	-0.336879	-0.263511	-0.23635	-0.234747	-0.244861	-0.230628	-0.197584	-0.173071	-0.165653	-0.172541	-0.171256	-0.163051	-0.1542	-0.146875	-0.138101	-0.133426	-0.129774	-0.127489	-0.125959	-0.126153	-0.125358	-0.12519	-0.125587	-0.12472	-0.125289	-0.124912	-0.124766	-0.125506	-0.124759	-0.126618	-0.126227	-0.129343	-0.131394	-0.135424	-0.142992	-0.151917	-0.158236	-0.168356	-0.173541	-0.168404	-0.167057	-0.185775	-0.218147	-0.243057	-0.239588	-0.233138	-0.248405	-0.301264	-0.404364	-0.531801	-0.657229	-0.753575	-0.785418	-0.744976	-0.629946	-0.434087	-0.180239	0.10119	0.397301	0.682848	0.914898	1.07105	1.15494	1.16422	1.08379	0.914409	0.690622	0.465033	0.279623	0.150827	0.0734091	0.0324905	0.0133707	0.00586306	0.00479617	0.00934802	0.0228728	0.053497	0.114375	0.221213	0.384592	0.597918	0.82872	1.02551	1.14329	1.16829	1.11318	0.986811	0.783999	0.514781	0.218814	-0.0695307	-0.33777	-0.561438	
-0.754383	-0.784198	-0.741518	-0.633708	-0.502283	-0.377541	-0.280703	-0.237521	-0.232972	-0.242171	-0.236138	-0.200571	-0.173777	-0.165653	-0.174774	-0.17637	-0.158019	-0.145059	-0.136729	-0.135101	-0.129426	-0.130998	-0.129554	-0.13029	-0.128901	-0.12906	-0.12705	-0.127259	-0.125939	-0.125826	-0.1262	-0.125606	-0.127267	-0.127046	-0.12798	-0.12958	-0.12872	-0.130056	-0.131586	-0.129517	-0.132403	-0.136869	-0.140933	-0.1513	-0.170269	-0.178426	-0.168038	-0.167826	-0.187341	-0.223731	-0.243244	-0.236405	-0.232478	-0.257117	-0.333631	-0.450584	-0.582349	-0.704159	-0.775026	-0.775124	-0.70181	-0.543255	-0.31096	-0.0383521	0.25715	0.557269	0.81997	1.01108	1.12737	1.17058	1.1269	0.987891	0.777177	0.545252	0.341242	0.19126	0.0965537	0.0442582	0.0188612	0.00857637	0.00709235	0.0133838	0.0315999	0.071386	0.147238	0.274238	0.458323	0.684024	0.909815	1.08216	1.16434	1.15394	1.06645	0.905836	0.669102	0.378488	0.0780384	-0.205273	-0.457916	-0.648646	
-0.778212	-0.769978	-0.689825	-0.560816	-0.428414	-0.314709	-0.245218	-0.231496	-0.23705	-0.235946	-0.212375	-0.179581	-0.168116	-0.172541	-0.17637	-0.153383	-0.135431	-0.134641	-0.139976	-0.136502	-0.132916	-0.135586	-0.130168	-0.126899	-0.124715	-0.121078	-0.119723	-0.117308	-0.117569	-0.115208	-0.117144	-0.115992	-0.117233	-0.120146	-0.119196	-0.124725	-0.126396	-0.127405	-0.134012	-0.134705	-0.133394	-0.140216	-0.137427	-0.133196	-0.143744	-0.169891	-0.176468	-0.168612	-0.172226	-0.198631	-0.229096	-0.238728	-0.233023	-0.234232	-0.280572	-0.378841	-0.506448	-0.642656	-0.74564	-0.782701	-0.748666	-0.629883	-0.425239	-0.165877	0.124384	0.431368	0.717922	0.941394	1.08883	1.16327	1.15436	1.04776	0.85592	0.62402	0.405555	0.235713	0.123196	0.0583859	0.0257268	0.0121094	0.0101165	0.018517	0.042253	0.0923414	0.184067	0.330793	0.532596	0.764963	0.979301	1.12345	1.17068	1.12769	1.00948	0.816248	0.550928	0.246773	-0.0525955	-0.326502	-0.557204	-0.711533	
-0.782459	-0.738665	-0.629592	-0.490799	-0.363793	-0.268943	-0.229752	-0.231435	-0.23424	-0.225427	-0.193391	-0.166952	-0.168114	-0.171256	-0.158019	-0.135431	-0.138363	-0.146653	-0.141944	-0.128018	-0.130654	-0.123945	-0.117043	-0.114884	-0.115783	-0.108705	-0.1138	-0.10821	-0.110755	-0.10959	-0.108211	-0.111534	-0.107001	-0.112448	-0.109897	-0.111447	-0.11662	-0.115608	-0.120261	-0.129596	-0.127382	-0.135123	-0.147322	-0.142282	-0.133358	-0.147678	-0.168058	-0.170819	-0.164297	-0.180691	-0.214291	-0.233025	-0.234525	-0.226925	-0.246796	-0.321133	-0.435836	-0.575272	-0.702438	-0.772695	-0.77416	-0.694448	-0.52187	-0.280151	0.00138348	0.30913	0.612526	0.864586	1.04168	1.145	1.16818	1.09419	0.925281	0.699115	0.470706	0.283091	0.152882	0.0747777	0.0340112	0.0165403	0.0139498	0.0248129	0.0548126	0.116086	0.224051	0.389311	0.60524	0.838761	1.03658	1.15074	1.16487	1.092	0.944661	0.721403	0.433551	0.122643	-0.17137	-0.431792	-0.635847	-0.752869	
-0.770996	-0.696577	-0.567262	-0.426359	-0.311236	-0.240429	-0.224559	-0.232734	-0.231534	-0.208762	-0.17277	-0.164304	-0.169185	-0.163051	-0.145059	-0.134641	-0.146653	-0.139886	-0.124167	-0.11907	-0.123818	-0.112885	-0.114326	-0.116796	-0.112863	-0.112627	-0.115203	-0.110843	-0.113506	-0.11318	-0.110864	-0.115201	-0.111229	-0.114129	-0.11466	-0.112184	-0.115235	-0.116183	-0.111502	-0.121442	-0.121636	-0.120229	-0.132959	-0.147848	-0.13806	-0.139445	-0.155643	-0.169309	-0.166026	-0.165275	-0.194416	-0.223594	-0.235327	-0.227424	-0.22754	-0.277937	-0.375767	-0.508805	-0.650125	-0.748972	-0.782469	-0.739143	-0.600637	-0.380407	-0.110439	0.193529	0.507288	0.783338	0.988139	1.11825	1.17065	1.12811	0.984508	0.768793	0.534927	0.332158	0.184971	0.0931967	0.0436758	0.0219013	0.0186337	0.0322726	0.0691426	0.142167	0.266203	0.448195	0.674399	0.904163	1.08191	1.16589	1.14942	1.04917	0.874414	0.624579	0.320296	0.00811138	-0.277297	-0.520715	-0.695056	-0.77549	
-0.74831	-0.648458	-0.506307	-0.370449	-0.272653	-0.225405	-0.225397	-0.232511	-0.220245	-0.190952	-0.166163	-0.163723	-0.16343	-0.1542	-0.136729	-0.139976	-0.141944	-0.124167	-0.11598	-0.122763	-0.123294	-0.113274	-0.120779	-0.116253	-0.110839	-0.115033	-0.109183	-0.109397	-0.109171	-0.107342	-0.108088	-0.107705	-0.109609	-0.10819	-0.113075	-0.112908	-0.112332	-0.122337	-0.112955	-0.119514	-0.123783	-0.119156	-0.117236	-0.136741	-0.141966	-0.136152	-0.146856	-0.160349	-0.165816	-0.161901	-0.180375	-0.20941	-0.229494	-0.230459	-0.220438	-0.247462	-0.326515	-0.448296	-0.594513	-0.715385	-0.777162	-0.76686	-0.662423	-0.466457	-0.21037	0.0865918	0.405201	0.700304	0.93032	1.08526	1.16406	1.15096	1.03356	0.831848	0.596656	0.381639	0.218685	0.113276	0.054594	0.0281687	0.0241595	0.040824	0.0849922	0.169988	0.30944	0.505943	0.738631	0.96059	1.11615	1.17095	1.12665	1.00131	0.801164	0.52875	0.213655	-0.0956476	-0.369979	-0.593561	-0.736801	-0.782967	
-0.717912	-0.597959	-0.450494	-0.325527	-0.246377	-0.218319	-0.226483	-0.228645	-0.209668	-0.178435	-0.15789	-0.161671	-0.162083	-0.146875	-0.135101	-0.136502	-0.128018	-0.11907	-0.122763	-0.130228	-0.114297	-0.113516	-0.114273	-0.106807	-0.103364	-0.109249	-0.0971352	-0.10642	-0.0997084	-0.100624	-0.104631	-0.0965608	-0.107697	-0.0976173	-0.105809	-0.105914	-0.103621	-0.111976	-0.115717	-0.111709	-0.124785	-0.127209	-0.119713	-0.12279	-0.135263	-0.133913	-0.142094	-0.155496	-0.164468	-0.156997	-0.167183	-0.198287	-0.222757	-0.230505	-0.219355	-0.229016	-0.288105	-0.395202	-0.539792	-0.67621	-0.761871	-0.780649	-0.708776	-0.538669	-0.298249	-0.0104643	0.308632	0.617962	0.870254	1.04806	1.15061	1.16444	1.07295	0.887602	0.654625	0.430309	0.253166	0.134543	0.0665531	0.0352561	0.0304602	0.0503198	0.102009	0.198855	0.352663	0.561242	0.796937	1.00804	1.14059	1.16801	1.09867	0.95039	0.727228	0.436428	0.11534	-0.188086	-0.449504	-0.651357	-0.763758	-0.778875	
-0.683104	-0.548865	-0.402201	-0.290402	-0.228576	-0.216156	-0.228356	-0.223401	-0.196726	-0.166445	-0.15709	-0.163245	-0.154538	-0.138101	-0.129426	-0.132916	-0.130654	-0.123818	-0.123294	-0.114297	-0.105259	-0.110518	-0.107204	-0.102495	-0.107616	-0.104391	-0.103091	-0.106362	-0.102803	-0.103839	-0.105545	-0.101834	-0.106098	-0.104021	-0.104122	-0.1061	-0.106187	-0.102556	-0.11109	-0.106134	-0.110744	-0.11923	-0.124787	-0.126515	-0.13446	-0.129092	-0.134156	-0.147559	-0.162029	-0.159914	-0.159281	-0.183928	-0.213808	-0.229706	-0.220356	-0.218571	-0.260412	-0.351042	-0.488456	-0.634551	-0.73997	-0.783756	-0.741752	-0.597843	-0.37431	-0.0970662	0.219301	0.538488	0.809857	1.00847	1.13229	1.17035	1.10357	0.935839	0.707885	0.477063	0.287535	0.156447	0.0792638	0.0430139	0.0374089	0.0605411	0.11976	0.228018	0.394825	0.613018	0.848749	1.04696	1.15672	1.15906	1.06736	0.898269	0.65472	0.349605	0.0263975	-0.269139	-0.516432	-0.695695	-0.778703	-0.76629	
-0.646976	-0.503436	-0.361362	-0.263717	-0.218287	-0.21732	-0.228076	-0.21552	-0.185847	-0.159091	-0.155187	-0.160584	-0.149112	-0.133426	-0.130998	-0.135586	-0.123945	-0.112885	-0.113274	-0.113516	-0.110518	-0.112343	-0.108676	-0.107017	-0.107553	-0.103221	-0.103366	-0.102515	-0.100149	-0.10174	-0.100005	-0.101229	-0.101456	-0.102323	-0.104033	-0.104531	-0.108265	-0.107176	-0.11237	-0.10958	-0.113439	-0.112933	-0.112959	-0.117358	-0.133246	-0.132881	-0.130916	-0.141752	-0.157877	-0.158162	-0.15454	-0.17415	-0.204058	-0.227014	-0.222512	-0.212743	-0.240389	-0.316031	-0.443029	-0.593107	-0.714061	-0.779091	-0.763702	-0.645186	-0.439087	-0.173105	0.138347	0.463686	0.75089	0.968122	1.11088	1.17043	1.12655	0.976718	0.755809	0.520959	0.320938	0.178395	0.0923759	0.0512349	0.0448223	0.0712084	0.137758	0.256717	0.434984	0.660459	0.893867	1.07809	1.1661	1.14591	1.03443	0.846642	0.585478	0.26975	-0.052659	-0.339114	-0.571672	-0.728422	-0.784329	-0.748176	
-0.611616	-0.462836	-0.328208	-0.244748	-0.212638	-0.218658	-0.226724	-0.207345	-0.174496	-0.154447	-0.158365	-0.158217	-0.141527	-0.129774	-0.129554	-0.130168	-0.117043	-0.114326	-0.120779	-0.114273	-0.107204	-0.108676	-0.104394	-0.100127	-0.101598	-0.0974672	-0.098231	-0.0971652	-0.0967096	-0.0966362	-0.0968103	-0.0965583	-0.0969707	-0.0981406	-0.0973339	-0.100186	-0.101211	-0.100964	-0.108729	-0.106855	-0.111161	-0.118768	-0.118333	-0.113075	-0.126437	-0.130252	-0.129409	-0.135071	-0.152568	-0.160816	-0.153121	-0.164918	-0.193237	-0.221842	-0.225166	-0.211538	-0.226362	-0.288161	-0.404112	-0.554293	-0.686643	-0.769179	-0.776916	-0.682144	-0.493351	-0.238805	0.0664261	0.394969	0.694914	0.928489	1.08797	1.16631	1.14313	1.01067	0.798053	0.561239	0.352586	0.199782	0.105497	0.0596639	0.0524687	0.0819961	0.155484	0.284224	0.472331	0.703009	0.932389	1.10239	1.17027	1.13019	1.00136	0.797034	0.52103	0.197868	-0.121721	-0.39857	-0.616362	-0.751529	-0.783231	-0.727082	
-0.578715	-0.428069	-0.302068	-0.23104	-0.209791	-0.220685	-0.223786	-0.198294	-0.168218	-0.153284	-0.154931	-0.153559	-0.139032	-0.127489	-0.13029	-0.126899	-0.114884	-0.116796	-0.116253	-0.106807	-0.102495	-0.107017	-0.100127	-0.0998765	-0.10291	-0.0978441	-0.100227	-0.0993658	-0.0978624	-0.0994391	-0.0979265	-0.0991676	-0.0983383	-0.0999963	-0.0992632	-0.099478	-0.1034	-0.0972069	-0.106523	-0.103147	-0.105261	-0.111233	-0.119202	-0.113203	-0.122415	-0.130044	-0.127638	-0.133471	-0.147553	-0.15723	-0.151695	-0.160474	-0.185935	-0.215548	-0.224942	-0.211784	-0.217872	-0.267184	-0.371535	-0.519182	-0.659656	-0.756312	-0.783586	-0.710254	-0.538008	-0.294605	0.00381982	0.333382	0.643263	0.890872	1.06492	1.15945	1.15454	1.03831	0.83451	0.597326	0.381784	0.220018	0.118214	0.0680118	0.0600815	0.0925503	0.17242	0.309865	0.506204	0.740332	0.964626	1.12086	1.17064	1.11333	0.96947	0.750778	0.462589	0.134572	-0.180957	-0.448229	-0.651784	-0.766998	-0.777656	-0.704999	
-0.549483	-0.399028	-0.281636	-0.221758	-0.209293	-0.221851	-0.219816	-0.191358	-0.161829	-0.150054	-0.157168	-0.152408	-0.132118	-0.125959	-0.128901	-0.124715	-0.115783	-0.112863	-0.110839	-0.103364	-0.107616	-0.107553	-0.101598	-0.10291	-0.102962	-0.0954093	-0.101458	-0.0948078	-0.0964796	-0.0973513	-0.09293	-0.0996935	-0.0926388	-0.100581	-0.0971956	-0.099198	-0.104409	-0.101177	-0.104898	-0.108482	-0.104526	-0.107208	-0.112781	-0.113958	-0.120738	-0.128852	-0.126632	-0.128204	-0.143846	-0.1584	-0.151656	-0.154705	-0.177883	-0.210283	-0.22547	-0.212653	-0.211934	-0.251523	-0.345399	-0.488757	-0.634479	-0.742271	-0.785682	-0.731066	-0.574034	-0.341065	-0.0494524	0.279646	0.597035	0.8564	1.0429	1.15115	1.16194	1.06032	0.865245	0.628811	0.407936	0.238558	0.130114	0.0759725	0.067374	0.102508	0.188069	0.333046	0.536086	0.772276	0.991023	1.13453	1.1685	1.09654	0.939897	0.709005	0.411072	0.0801753	-0.23072	-0.488904	-0.679249	-0.776651	-0.769531	-0.683641	
-0.524473	-0.37557	-0.266427	-0.215687	-0.209225	-0.222333	-0.216214	-0.184824	-0.157588	-0.150599	-0.155695	-0.147323	-0.130923	-0.126153	-0.12906	-0.121078	-0.108705	-0.112627	-0.115033	-0.109249	-0.104391	-0.103221	-0.0974672	-0.0978441	-0.0954093	-0.0945068	-0.094665	-0.0936169	-0.0934123	-0.094277	-0.0925628	-0.094682	-0.0931236	-0.0944071	-0.0946221	-0.0948484	-0.0967311	-0.0972921	-0.101446	-0.103897	-0.106964	-0.112725	-0.11542	-0.108251	-0.11542	-0.127259	-0.127346	-0.127841	-0.139271	-0.155718	-0.151568	-0.152802	-0.172829	-0.204055	-0.22403	-0.214231	-0.208849	-0.240005	-0.32468	-0.46336	-0.612274	-0.728536	-0.784868	-0.746019	-0.602404	-0.378794	-0.0935404	0.234226	0.557102	0.826031	1.0229	1.1425	1.16641	1.07743	0.890443	0.655427	0.430556	0.254911	0.140804	0.0832402	0.0740572	0.111517	0.201975	0.353257	0.561592	0.798823	1.01209	1.14434	1.16495	1.08088	0.913606	0.672644	0.367142	0.0347764	-0.271452	-0.521417	-0.700012	-0.782128	-0.76047	-0.664224	
-0.504175	-0.357412	-0.255174	-0.211563	-0.209892	-0.222814	-0.212275	-0.179359	-0.155035	-0.150448	-0.155437	-0.144806	-0.127255	-0.125358	-0.12705	-0.119723	-0.1138	-0.115203	-0.109183	-0.0971352	-0.103091	-0.103366	-0.098231	-0.100227	-0.101458	-0.094665	-0.100901	-0.0946046	-0.0969861	-0.0967949	-0.0938796	-0.0990676	-0.0930938	-0.100154	-0.096557	-0.0980421	-0.102649	-0.0977545	-0.100607	-0.104428	-0.098914	-0.102604	-0.114576	-0.114365	-0.115893	-0.125874	-0.125623	-0.126117	-0.135937	-0.154107	-0.152654	-0.150675	-0.167837	-0.199559	-0.22295	-0.215223	-0.206964	-0.231971	-0.308991	-0.443028	-0.593705	-0.716234	-0.782538	-0.75639	-0.624024	-0.408389	-0.128684	0.197392	0.524131	0.800548	1.00573	1.13439	1.16884	1.09029	0.910347	0.677013	0.449261	0.268657	0.149928	0.0895267	0.0798562	0.119252	0.213737	0.370084	0.582448	0.820042	1.02833	1.15114	1.16092	1.06717	0.891394	0.642432	0.331256	-0.00166306	-0.303621	-0.546552	-0.715219	-0.784809	-0.751708	-0.647646	
-0.488678	-0.34397	-0.247326	-0.209264	-0.210538	-0.222295	-0.20919	-0.176419	-0.153078	-0.148906	-0.15431	-0.144002	-0.127055	-0.12519	-0.127259	-0.117308	-0.10821	-0.110843	-0.109397	-0.10642	-0.106362	-0.102515	-0.0971652	-0.0993658	-0.0948078	-0.0936169	-0.0946046	-0.0916063	-0.0921652	-0.0930798	-0.0900099	-0.0942545	-0.0907975	-0.0936465	-0.0940981	-0.0939906	-0.0968094	-0.0991283	-0.0997192	-0.105649	-0.10607	-0.108202	-0.110793	-0.10903	-0.111852	-0.124928	-0.126166	-0.125141	-0.135484	-0.153122	-0.150928	-0.149288	-0.16563	-0.195934	-0.221347	-0.216002	-0.206045	-0.226509	-0.297655	-0.427737	-0.579254	-0.706182	-0.779775	-0.76325	-0.639694	-0.430388	-0.155149	0.169281	0.49861	0.780572	0.992053	1.12754	1.16999	1.0995	0.925213	0.693488	0.463762	0.279453	0.157182	0.0945774	0.0845268	0.12543	0.223021	0.383199	0.598472	0.836045	1.04021	1.15564	1.15715	1.05611	0.873892	0.618928	0.303709	-0.0292536	-0.32767	-0.565	-0.725838	-0.785806	-0.744216	-0.634566	
-0.478033	-0.335034	-0.242339	-0.20779	-0.210891	-0.222279	-0.207182	-0.173081	-0.151484	-0.150927	-0.154878	-0.139831	-0.124566	-0.125587	-0.125939	-0.117569	-0.110755	-0.113506	-0.109171	-0.0997084	-0.102803	-0.100149	-0.0967096	-0.0978624	-0.0964796	-0.0934123	-0.0969861	-0.0921652	-0.0950194	-0.0937622	-0.0924614	-0.0957883	-0.0916742	-0.0964855	-0.094148	-0.0954567	-0.0978993	-0.0969086	-0.0973382	-0.102988	-0.100478	-0.104161	-0.113295	-0.111675	-0.113369	-0.124045	-0.125903	-0.124868	-0.131257	-0.151597	-0.153395	-0.149069	-0.162471	-0.192873	-0.220501	-0.216809	-0.205645	-0.222994	-0.290111	-0.417351	-0.569227	-0.698961	-0.777374	-0.767427	-0.650054	-0.445234	-0.173178	0.149946	0.480875	0.766562	0.982351	1.12251	1.17042	1.10554	0.935274	0.704819	0.473851	0.287038	0.162323	0.098185	0.0878689	0.129823	0.229566	0.39236	0.609548	0.846953	1.04813	1.15838	1.15422	1.04819	0.861574	0.602538	0.284683	-0.0481254	-0.343969	-0.577322	-0.732638	-0.785964	-0.738671	-0.625357	
-0.472271	-0.330206	-0.239617	-0.207141	-0.211398	-0.222022	-0.205545	-0.172306	-0.151582	-0.148946	-0.153093	-0.141886	-0.125764	-0.12472	-0.125826	-0.115208	-0.10959	-0.11318	-0.107342	-0.100624	-0.103839	-0.10174	-0.0966362	-0.0994391	-0.0973513	-0.094277	-0.0967949	-0.0930798	-0.0937622	-0.0944487	-0.0916027	-0.0957354	-0.0920741	-0.0958138	-0.0952082	-0.0955074	-0.0986711	-0.0982848	-0.0992995	-0.103988	-0.101427	-0.103841	-0.111719	-0.111815	-0.110463	-0.123332	-0.124992	-0.124666	-0.133443	-0.150993	-0.151157	-0.148268	-0.16243	-0.192129	-0.219588	-0.216636	-0.20547	-0.221409	-0.286145	-0.41168	-0.563728	-0.694936	-0.775882	-0.769502	-0.655564	-0.453246	-0.18296	0.139402	0.471143	0.758828	0.976957	1.11965	1.17053	1.10872	0.940704	0.711	0.479394	0.291231	0.165181	0.1002	0.0897378	0.132271	0.233193	0.397407	0.615607	0.852869	1.05236	1.15976	1.1525	1.04377	0.854761	0.593526	0.274281	-0.05839	-0.35279	-0.583923	-0.736161	-0.785849	-0.735512	-0.620297	
-0.471293	-0.329357	-0.239268	-0.207169	-0.211224	-0.221734	-0.205748	-0.172059	-0.150758	-0.150265	-0.15431	-0.139347	-0.124477	-0.125289	-0.1262	-0.117144	-0.108211	-0.110864	-0.108088	-0.104631	-0.105545	-0.100005	-0.0968103	-0.0979265	-0.09293	-0.0925628	-0.0938796	-0.0900099	-0.0924614	-0.0916027	-0.089839	-0.0934544	-0.0896491	-0.0932603	-0.0927007	-0.093193	-0.0953933	-0.0981177	-0.0967132	-0.104467	-0.104841	-0.106343	-0.110147	-0.109137	-0.112043	-0.123989	-0.126274	-0.124232	-0.131285	-0.151098	-0.152546	-0.148766	-0.161514	-0.191045	-0.219648	-0.21721	-0.205539	-0.220939	-0.285365	-0.410776	-0.5629	-0.694278	-0.775569	-0.769796	-0.656484	-0.454604	-0.184601	0.137646	0.469523	0.757536	0.976052	1.11917	1.17055	1.10925	0.941608	0.712031	0.48032	0.291932	0.16566	0.100538	0.0900521	0.132683	0.233802	0.398251	0.616618	0.853852	1.05306	1.15998	1.1522	1.04303	0.853625	0.59203	0.272551	-0.0601147	-0.354289	-0.585031	-0.736709	-0.785776	-0.734981	-0.619487	
-0.475211	-0.332518	-0.240846	-0.207482	-0.211334	-0.222292	-0.206167	-0.172421	-0.151689	-0.150003	-0.153794	-0.141212	-0.125299	-0.124912	-0.125606	-0.115992	-0.111534	-0.115201	-0.107705	-0.0965608	-0.101834	-0.101229	-0.0965583	-0.0991676	-0.0996935	-0.094682	-0.0990676	-0.0942545	-0.0957883	-0.0957354	-0.0934544	-0.09749	-0.0931469	-0.0984228	-0.095833	-0.0971748	-0.100295	-0.0972274	-0.0992866	-0.102752	-0.097987	-0.101799	-0.113848	-0.113816	-0.111884	-0.123504	-0.124721	-0.124934	-0.132457	-0.150877	-0.152518	-0.148593	-0.16227	-0.192941	-0.220139	-0.216378	-0.205574	-0.222331	-0.287984	-0.414462	-0.56666	-0.697027	-0.776503	-0.768368	-0.652857	-0.449337	-0.178119	0.144679	0.476033	0.762714	0.979666	1.12109	1.17049	1.10715	0.938001	0.707913	0.476619	0.289127	0.163745	0.0991862	0.0887982	0.131043	0.231375	0.39488	0.612577	0.849914	1.05025	1.15908	1.15336	1.04599	0.858196	0.598074	0.279501	-0.0533087	-0.348487	-0.580686	-0.734337	-0.785793	-0.737092	-0.622948	
-0.483908	-0.339693	-0.244964	-0.208827	-0.210665	-0.221839	-0.208441	-0.175587	-0.152247	-0.149195	-0.154234	-0.142618	-0.126599	-0.124766	-0.127267	-0.117233	-0.107001	-0.111229	-0.109609	-0.107697	-0.106098	-0.101456	-0.0969707	-0.0983383	-0.0926388	-0.0931236	-0.0930938	-0.0907975	-0.0916742	-0.0920741	-0.0896491	-0.0931469	-0.0901721	-0.0924619	-0.0930887	-0.0930298	-0.0952346	-0.0983863	-0.0982293	-0.10486	-0.106837	-0.10899	-0.110723	-0.10837	-0.111393	-0.124711	-0.126482	-0.124711	-0.134694	-0.152807	-0.15112	-0.149285	-0.164494	-0.194253	-0.220769	-0.216531	-0.206144	-0.224825	-0.293836	-0.423	-0.57506	-0.703024	-0.778474	-0.765017	-0.644517	-0.43732	-0.163435	0.160502	0.490599	0.77425	0.987678	1.12529	1.17023	1.10229	0.929816	0.698645	0.468335	0.28288	0.159498	0.0961996	0.0860306	0.127412	0.22598	0.38735	0.603503	0.841013	1.04384	1.15691	1.15584	1.05255	0.868356	0.611563	0.2951	-0.0379217	-0.335278	-0.570737	-0.728853	-0.785704	-0.741709	-0.630595	
-0.497556	-0.351282	-0.251406	-0.210605	-0.210526	-0.222764	-0.210605	-0.177412	-0.154237	-0.151051	-0.155201	-0.142998	-0.126829	-0.125506	-0.127046	-0.120146	-0.112448	-0.114129	-0.10819	-0.0976173	-0.104021	-0.102323	-0.0981406	-0.0999963	-0.100581	-0.0944071	-0.100154	-0.0936465	-0.0964855	-0.0958138	-0.0932603	-0.0984228	-0.0924619	-0.0993877	-0.0960946	-0.0973081	-0.101846	-0.098117	-0.100402	-0.104486	-0.0999387	-0.102361	-0.113456	-0.113297	-0.115512	-0.126292	-0.125407	-0.126075	-0.134366	-0.152351	-0.153431	-0.150596	-0.165943	-0.198195	-0.222628	-0.215309	-0.206586	-0.229561	-0.30363	-0.436338	-0.587844	-0.711985	-0.781081	-0.759279	-0.631079	-0.418281	-0.14039	0.185112	0.51305	0.791893	0.999818	1.13147	1.16943	1.09441	0.916902	0.684228	0.455578	0.273339	0.153062	0.0917027	0.0818696	0.121924	0.217766	0.375793	0.589448	0.827062	1.03358	1.15317	1.15933	1.0624	0.883844	0.632284	0.319271	-0.0138529	-0.314429	-0.554851	-0.719821	-0.785048	-0.748442	-0.642214	
-0.515968	-0.367509	-0.26129	-0.214036	-0.20956	-0.222143	-0.214726	-0.183405	-0.156148	-0.149024	-0.155569	-0.148042	-0.13	-0.124759	-0.12798	-0.119196	-0.109897	-0.11466	-0.113075	-0.105809	-0.104122	-0.104033	-0.0973339	-0.0992632	-0.0971956	-0.0946221	-0.096557	-0.0940981	-0.094148	-0.0952082	-0.0927007	-0.095833	-0.0930887	-0.0960946	-0.0949579	-0.0963113	-0.0983471	-0.0974568	-0.101575	-0.104347	-0.10435	-0.1099	-0.11523	-0.110955	-0.114044	-0.125679	-0.126296	-0.12658	-0.139573	-0.156342	-0.150866	-0.151126	-0.171182	-0.202351	-0.223216	-0.214639	-0.208399	-0.236338	-0.317351	-0.454734	-0.604899	-0.723415	-0.783619	-0.750426	-0.611973	-0.391819	-0.108758	0.218475	0.543098	0.815242	1.01566	1.13915	1.1676	1.08307	0.899048	0.664681	0.438524	0.260734	0.14465	0.0858809	0.0764941	0.114781	0.20696	0.360418	0.570507	0.807944	1.01913	1.14736	1.16333	1.07512	0.904246	0.659887	0.351867	0.0190263	-0.285599	-0.532521	-0.706565	-0.783106	-0.756738	-0.657455	
-0.539187	-0.388851	-0.274676	-0.219094	-0.209657	-0.222171	-0.217799	-0.188173	-0.160513	-0.151401	-0.156147	-0.148534	-0.131815	-0.126618	-0.12958	-0.124725	-0.111447	-0.112184	-0.112908	-0.105914	-0.1061	-0.104531	-0.100186	-0.099478	-0.099198	-0.0948484	-0.0980421	-0.0939906	-0.0954567	-0.0955074	-0.093193	-0.0971748	-0.0930298	-0.0973081	-0.0963113	-0.0963531	-0.100815	-0.0992543	-0.102862	-0.105367	-0.106338	-0.109544	-0.11395	-0.110291	-0.118993	-0.129593	-0.127376	-0.128776	-0.140792	-0.155632	-0.152426	-0.154732	-0.175211	-0.207486	-0.225141	-0.213414	-0.210592	-0.246213	-0.336126	-0.478245	-0.625685	-0.73659	-0.785158	-0.737489	-0.58645	-0.357428	-0.0682771	0.26049	0.58032	0.843743	1.03461	1.14769	1.16406	1.06775	0.876003	0.640064	0.417427	0.245375	0.134544	0.0789713	0.0701325	0.106245	0.193867	0.341516	0.546835	0.783541	1.00005	1.13885	1.16717	1.09009	0.928994	0.693877	0.39264	0.0608394	-0.248367	-0.503099	-0.688195	-0.778879	-0.765739	-0.675791	
-0.566782	-0.415729	-0.292984	-0.226855	-0.209677	-0.221237	-0.222153	-0.195661	-0.16524	-0.151199	-0.156382	-0.153908	-0.136013	-0.126227	-0.12872	-0.126396	-0.11662	-0.115235	-0.112332	-0.103621	-0.106187	-0.108265	-0.101211	-0.1034	-0.104409	-0.0967311	-0.102649	-0.0968094	-0.0978993	-0.0986711	-0.0953933	-0.100295	-0.0952346	-0.101846	-0.0983471	-0.100815	-0.10538	-0.0998097	-0.106637	-0.107515	-0.104207	-0.107485	-0.115571	-0.11492	-0.122356	-0.128909	-0.126328	-0.13074	-0.146491	-0.158536	-0.151681	-0.157515	-0.182494	-0.213625	-0.225158	-0.212081	-0.215324	-0.260113	-0.360108	-0.506738	-0.649689	-0.750574	-0.784435	-0.719252	-0.55363	-0.314528	-0.0186938	0.310946	0.624124	0.87668	1.05594	1.15626	1.15795	1.04779	0.847512	0.6105	0.392633	0.227653	0.123081	0.0712507	0.063049	0.0966253	0.178864	0.319468	0.518665	0.75376	0.975851	1.12683	1.17	1.10654	0.95736	0.733589	0.4412	0.111657	-0.202267	-0.465821	-0.663623	-0.77111	-0.774351	-0.696405	
-0.598252	-0.448278	-0.316834	-0.238553	-0.211342	-0.219704	-0.225587	-0.203512	-0.17177	-0.153796	-0.157179	-0.156384	-0.140025	-0.129343	-0.130056	-0.127405	-0.115608	-0.116183	-0.122337	-0.111976	-0.102556	-0.107176	-0.100964	-0.0972069	-0.101177	-0.0972921	-0.0977545	-0.0991283	-0.0969086	-0.0982848	-0.0981177	-0.0972274	-0.0983863	-0.098117	-0.0974568	-0.0992543	-0.0998097	-0.0976525	-0.106926	-0.102422	-0.107958	-0.118468	-0.121206	-0.112431	-0.123942	-0.129359	-0.129529	-0.134558	-0.149831	-0.160034	-0.15251	-0.162477	-0.190222	-0.219368	-0.225197	-0.211706	-0.222473	-0.27872	-0.39023	-0.540093	-0.675949	-0.764037	-0.779893	-0.69432	-0.51255	-0.262513	0.0401817	0.369465	0.673723	0.913164	1.07871	1.16384	1.14828	1.02249	0.813362	0.576211	0.364586	0.208029	0.11064	0.0630197	0.0555292	0.0862663	0.162385	0.294745	0.486335	0.718579	0.946009	1.1104	1.17077	1.12351	0.988447	0.778174	0.496972	0.171439	-0.146842	-0.419865	-0.631613	-0.758253	-0.781139	-0.718257	
-0.632682	-0.486582	-0.347159	-0.255329	-0.215739	-0.217829	-0.227257	-0.212406	-0.182061	-0.156596	-0.155078	-0.160213	-0.146677	-0.131394	-0.131586	-0.134012	-0.120261	-0.111502	-0.112955	-0.115717	-0.11109	-0.11237	-0.108729	-0.106523	-0.104898	-0.101446	-0.100607	-0.0997192	-0.0973382	-0.0992995	-0.0967132	-0.0992866	-0.0982293	-0.100402	-0.101575	-0.102862	-0.106637	-0.106926	-0.111608	-0.111301	-0.114599	-0.114353	-0.111347	-0.115197	-0.130141	-0.133092	-0.130814	-0.138205	-0.157228	-0.158471	-0.152261	-0.171223	-0.200063	-0.224626	-0.223902	-0.212086	-0.233775	-0.303861	-0.426858	-0.577445	-0.703189	-0.775384	-0.769677	-0.661149	-0.46222	-0.200803	0.108404	0.435434	0.728113	0.952136	1.10184	1.16923	1.13393	0.99115	0.773431	0.537547	0.333836	0.187032	0.0976294	0.0545865	0.0478626	0.0755288	0.144914	0.267909	0.450308	0.678092	0.910048	1.08855	1.16829	1.13984	1.02119	0.826584	0.559143	0.23996	-0.0817022	-0.364401	-0.590845	-0.73854	-0.784316	-0.739877	
-0.668579	-0.530215	-0.38504	-0.27856	-0.223547	-0.217076	-0.228924	-0.219143	-0.191453	-0.164696	-0.157196	-0.161441	-0.151422	-0.135424	-0.129517	-0.134705	-0.129596	-0.121442	-0.119514	-0.111709	-0.106134	-0.10958	-0.106855	-0.103147	-0.108482	-0.103897	-0.104428	-0.105649	-0.102988	-0.103988	-0.104467	-0.102752	-0.10486	-0.104486	-0.104347	-0.105367	-0.107515	-0.102422	-0.111301	-0.105588	-0.10965	-0.115342	-0.122229	-0.124329	-0.134989	-0.130822	-0.131398	-0.144814	-0.159194	-0.159244	-0.159177	-0.179751	-0.208665	-0.229063	-0.221708	-0.215365	-0.251274	-0.336271	-0.469727	-0.617776	-0.729855	-0.782555	-0.75162	-0.618159	-0.401708	-0.128911	0.185805	0.507947	0.786055	0.992364	1.12402	1.17102	1.11367	0.953109	0.727751	0.495013	0.301041	0.165234	0.084464	0.0462491	0.040326	0.0647725	0.126963	0.239602	0.411186	0.632555	0.867595	1.06027	1.16117	1.1542	1.05434	0.877568	0.626625	0.316732	-0.00660597	-0.298665	-0.539996	-0.71002	-0.781769	-0.759394	
-0.704063	-0.577775	-0.430492	-0.310789	-0.237885	-0.21623	-0.228063	-0.228002	-0.20383	-0.17186	-0.156995	-0.163621	-0.160474	-0.142992	-0.132403	-0.133394	-0.127382	-0.121636	-0.123783	-0.124785	-0.110744	-0.113439	-0.111161	-0.105261	-0.104526	-0.106964	-0.098914	-0.10607	-0.100478	-0.101427	-0.104841	-0.097987	-0.106837	-0.0999387	-0.10435	-0.106338	-0.104207	-0.107958	-0.114599	-0.10965	-0.119623	-0.125606	-0.122247	-0.123285	-0.133547	-0.130707	-0.138993	-0.152761	-0.165432	-0.158831	-0.161809	-0.19151	-0.219933	-0.230907	-0.219537	-0.223695	-0.275886	-0.376757	-0.518713	-0.659474	-0.753697	-0.783035	-0.723414	-0.563855	-0.330195	-0.0465234	0.271893	0.585743	0.846077	1.03245	1.14378	1.16766	1.08625	0.907853	0.676563	0.449295	0.266955	0.143238	0.0715472	0.0382781	0.0331666	0.0543364	0.109053	0.210535	0.36972	0.582432	0.818456	1.02457	1.14793	1.16504	1.08649	0.92968	0.698021	0.400916	0.0784489	-0.222036	-0.477842	-0.670642	-0.771024	-0.774588	
