0.00157535	0.00441979	0.0113298	0.0264741	0.0562927	0.108841	0.191486	0.307348	0.4523	0.61484	0.779469	0.93162	1.06128	1.16392	1.23938	1.28993	1.31868	1.32861	1.32245	1.30289	1.27283	1.23526	1.19319	1.14947	1.10675	1.06732	1.03311	1.00566	0.986112	0.975223	0.973407	0.980727	0.996909	1.02133	1.05299	1.09054	1.1322	1.17582	1.2189	1.25864	1.29206	1.31615	1.32798	1.32479	1.30391	1.26245	1.19729	1.10565	0.986521	0.84247	0.681293	0.516024	0.362358	0.233939	0.138028	0.0741626	0.036235	0.0161018	0.00651646	0.00240686	0.00081341	0.000252236	7.19792e-05	1.89569e-05	4.62083e-06	1.04533e-06	2.20039e-07	4.32054e-08	7.93206e-09	1.3646e-09	2.20445e-10	3.35064e-11	4.80052e-12	6.4944e-13	8.30989e-14	1.00723e-14	1.15818e-15	1.26513e-16	1.31497e-17	1.34916e-18	6.43406e-19	5.36697e-18	5.2498e-17	4.89699e-16	4.34173e-15	3.65384e-14	2.91454e-13	2.20024e-12	1.56948e-11	1.05606e-10	6.69102e-10	3.98414e-09	2.22503e-08	1.16296e-07	5.67585e-07	2.58039e-06	1.09e-05	4.26668e-05	0.000154337	0.000514422	
0.00441979	0.0116398	0.0278834	0.0606017	0.11929	0.212585	0.343542	0.505646	0.683048	0.856028	1.00826	1.13092	1.22214	1.28391	1.31932	1.33108	1.32133	1.29222	1.24654	1.18798	1.12071	1.04882	0.976099	0.905899	0.841005	0.783633	0.735486	0.697797	0.671421	0.656897	0.654496	0.664263	0.686004	0.719291	0.763392	0.817238	0.879332	0.947682	1.01976	1.09243	1.16204	1.2246	1.27589	1.31199	1.32975	1.32684	1.30118	1.2503	1.17117	1.06111	0.920055	0.753783	0.57584	0.405371	0.26062	0.152162	0.0804589	0.0385167	0.0167135	0.00658885	0.00236658	0.000776921	0.00023388	6.47708e-05	1.65542e-05	3.91644e-06	8.60155e-07	1.75848e-07	3.35493e-08	5.98757e-09	1.00187e-09	1.57501e-10	2.33088e-11	3.25331e-12	4.28999e-13	5.3533e-14	6.33127e-15	7.10716e-16	7.58545e-17	7.99393e-18	3.84481e-18	3.11625e-17	2.96966e-16	2.69696e-15	2.32607e-14	1.90252e-13	1.47347e-12	1.07887e-11	7.45552e-11	4.85387e-10	2.97144e-09	1.70698e-08	9.1818e-08	4.61381e-07	2.16048e-06	9.40281e-06	3.79288e-05	0.000141386	0.000485537	0.00153118	
0.0113298	0.0278834	0.0621058	0.12485	0.226172	0.369387	0.545805	0.735183	0.913643	1.06382	1.17918	1.26071	1.31138	1.3332	1.32718	1.29443	1.23734	1.16008	1.06827	0.968012	0.864618	0.762495	0.665346	0.576012	0.496537	0.428402	0.372576	0.329649	0.299987	0.283767	0.281075	0.291929	0.316268	0.353961	0.404713	0.468022	0.543081	0.628634	0.722884	0.823381	0.926769	1.02892	1.12484	1.20864	1.27439	1.31726	1.3342	1.32365	1.28469	1.2158	1.11426	0.97772	0.809043	0.621334	0.436903	0.278664	0.160405	0.083195	0.0389113	0.0164496	0.00630528	0.00219923	0.000700577	0.000204573	5.4952e-05	1.36246e-05	3.12783e-06	6.66862e-07	1.32406e-07	2.45463e-08	4.25913e-09	6.93256e-10	1.06077e-10	1.52883e-11	2.07926e-12	2.67315e-13	3.25393e-14	3.75601e-15	4.11875e-16	4.46105e-17	2.16494e-17	1.70401e-16	1.5811e-15	1.39716e-14	1.17146e-13	9.30559e-13	6.99218e-12	4.96138e-11	3.31845e-10	2.08823e-09	1.2338e-08	6.82943e-08	3.53328e-07	1.70426e-06	7.64345e-06	3.17823e-05	0.000122149	0.00043249	0.00140587	0.00418049	
0.0264741	0.0606017	0.12485	0.230861	0.382828	0.570642	0.770048	0.953029	1.10141	1.21142	1.28648	1.32857	1.33681	1.31032	1.25052	1.16192	1.05144	0.927114	0.796624	0.665833	0.538869	0.419253	0.309728	0.211989	0.127184	0.0559956	-0.00139131	-0.0449394	-0.074761	-0.0910105	-0.0937471	-0.0830076	-0.0586796	-0.0206651	0.0312114	0.0969416	0.17639	0.269085	0.374026	0.489785	0.614144	0.743856	0.875133	1.00281	1.1198	1.21808	1.29013	1.33036	1.33611	1.30742	1.24561	1.15002	1.0171	0.84654	0.650616	0.454767	0.286387	0.161821	0.0820162	0.0373627	0.01535	0.00570991	0.00193112	0.000596275	0.000168759	4.39442e-05	1.05653e-05	2.35307e-06	4.86943e-07	9.3895e-08	1.69147e-08	2.85367e-09	4.51898e-10	6.73118e-11	9.4495e-12	1.25253e-12	1.57029e-13	1.865e-14	2.10243e-15	2.34178e-16	1.14725e-16	8.76411e-16	7.91336e-15	6.79995e-14	5.53904e-13	4.27027e-12	3.1106e-11	2.13711e-10	1.38222e-09	8.39862e-09	4.78373e-08	2.54818e-07	1.26619e-06	5.85312e-06	2.50966e-05	9.94956e-05	0.000363474	0.00121909	0.00373939	0.0104472	
0.0562927	0.11929	0.226172	0.382828	0.579034	0.787431	0.97574	1.12438	1.23201	1.30381	1.33906	1.33275	1.2834	1.19523	1.07629	0.936346	0.784709	0.629237	0.47557	0.327266	0.187841	0.0606477	-0.0525936	-0.151048	-0.234221	-0.302432	-0.356294	-0.396411	-0.42355	-0.438214	-0.4407	-0.431123	-0.409146	-0.374405	-0.326145	-0.263694	-0.186458	-0.0940071	0.0135253	0.135256	0.270029	0.415119	0.567026	0.722387	0.876389	1.02204	1.15053	1.25212	1.31787	1.34167	1.32259	1.26503	1.17222	1.04049	0.866694	0.662798	0.457801	0.283071	0.156249	0.0770763	0.0340896	0.0135764	0.0048914	0.00160173	0.000478846	0.000131247	3.31109e-05	7.71646e-06	1.66681e-06	3.34745e-07	6.26816e-08	1.09725e-08	1.79999e-09	2.77339e-10	4.02196e-11	5.50045e-12	7.10692e-13	8.69013e-14	1.00766e-14	1.15492e-15	5.71444e-16	4.2346e-15	3.71866e-14	3.1055e-13	2.45601e-12	1.83633e-11	1.29576e-10	8.61265e-10	5.38148e-09	3.15407e-08	1.72992e-07	8.85644e-07	4.22064e-06	1.86677e-05	7.63818e-05	0.000288109	0.000998024	0.00316203	0.0091229	0.0238584	
0.108841	0.212585	0.369387	0.570642	0.787431	0.983137	1.13522	1.24358	1.3148	1.34476	1.32385	1.25186	1.13822	0.994243	0.830511	0.65596	0.477721	0.301868	0.132782	-0.0251257	-0.167054	-0.290993	-0.397006	-0.485142	-0.556417	-0.612723	-0.655459	-0.686314	-0.706677	-0.717418	-0.719237	-0.712126	-0.695816	-0.669354	-0.631676	-0.581024	-0.51586	-0.434595	-0.335617	-0.218693	-0.0838775	0.0680322	0.233067	0.406733	0.58467	0.761446	0.93042	1.08336	1.21041	1.30049	1.34252	1.33214	1.2765	1.18352	1.04976	0.870031	0.657593	0.445814	0.269024	0.144325	0.0690084	0.029537	0.0113747	0.00396175	0.00125426	0.000362657	9.61861e-05	2.34956e-05	5.30541e-06	1.11117e-06	2.16528e-07	3.93696e-08	6.69666e-09	1.06821e-09	1.60149e-10	2.26135e-11	3.01315e-12	3.79546e-13	4.52936e-14	5.34484e-15	2.67223e-15	1.91988e-14	1.63883e-13	1.32932e-12	1.02006e-11	7.3918e-11	5.04882e-10	3.24394e-09	1.9564e-08	1.10492e-07	5.82899e-07	2.86451e-06	1.30739e-05	5.52383e-05	0.000215286	0.000770985	0.00252636	0.00754004	0.020396	0.0497474	
0.191486	0.343542	0.545805	0.770048	0.97574	1.13522	1.24733	1.32019	1.34723	1.31417	1.22288	1.08943	0.926464	0.742282	0.545395	0.343632	0.145374	-0.0421002	-0.213337	-0.362813	-0.488687	-0.592906	-0.676667	-0.74146	-0.790675	-0.826903	-0.852351	-0.869701	-0.880367	-0.885712	-0.886618	-0.882809	-0.874442	-0.859827	-0.838018	-0.806563	-0.762953	-0.704716	-0.628946	-0.53276	-0.415707	-0.275616	-0.112695	0.0688307	0.263628	0.464932	0.664742	0.854948	1.02717	1.17351	1.28362	1.34119	1.33704	1.28104	1.18529	1.04577	0.856659	0.635114	0.419571	0.245555	0.127386	0.0588032	0.0242818	0.00902055	0.0030317	0.000926684	0.000258873	6.63875e-05	1.56928e-05	3.43191e-06	6.96724e-07	1.31709e-07	2.32504e-08	3.84265e-09	5.96015e-10	8.69494e-11	1.1955e-11	1.55214e-12	1.90725e-13	2.31849e-14	1.17181e-14	8.15847e-14	6.76598e-13	5.32776e-12	3.96446e-11	2.78249e-10	1.83836e-09	1.1409e-08	6.63562e-08	3.6078e-07	1.82872e-06	8.61597e-06	3.76098e-05	0.000151562	0.000561662	0.00190585	0.00589375	0.0165257	0.0417844	0.0947278	
0.307348	0.505646	0.735183	0.953029	1.12438	1.24358	1.32019	1.34786	1.30798	1.20288	1.05524	0.877673	0.673519	0.453174	0.228798	0.0115268	-0.188202	-0.365106	-0.515039	-0.636534	-0.733027	-0.806795	-0.859146	-0.894542	-0.917415	-0.930084	-0.936452	-0.93888	-0.939127	-0.938962	-0.938782	-0.938887	-0.938727	-0.937356	-0.932712	-0.923096	-0.905101	-0.875068	-0.830301	-0.765406	-0.677946	-0.566825	-0.428221	-0.261964	-0.0707557	0.140548	0.363393	0.586886	0.798988	0.987708	1.148	1.27261	1.34017	1.33779	1.27895	1.17775	1.02815	0.826175	0.595962	0.380839	0.214857	0.107263	0.0476234	0.0189175	0.00676444	0.00219007	0.000645484	0.000174043	4.31234e-05	9.85872e-06	2.08725e-06	4.10612e-07	7.52859e-08	1.29013e-08	2.07156e-09	3.12416e-10	4.43487e-11	5.93767e-12	7.51618e-13	9.41699e-14	4.81345e-14	3.24616e-13	2.61427e-12	1.99742e-11	1.44053e-10	9.78683e-10	6.25056e-09	3.74424e-08	2.09848e-07	1.09742e-06	5.33944e-06	2.40921e-05	0.000100455	0.000385566	0.0013564	0.00435289	0.0126768	0.0333138	0.0785233	0.164997	
0.4523	0.683048	0.913643	1.10141	1.23201	1.3148	1.34723	1.30798	1.1958	1.03802	0.848605	0.625076	0.381833	0.139376	-0.0912298	-0.298807	-0.478107	-0.627319	-0.743869	-0.830723	-0.890666	-0.925501	-0.940658	-0.94319	-0.936216	-0.923845	-0.910572	-0.897674	-0.888049	-0.882573	-0.881309	-0.885688	-0.893227	-0.905399	-0.918303	-0.931269	-0.941061	-0.94328	-0.933593	-0.907977	-0.858039	-0.782294	-0.677714	-0.54163	-0.374259	-0.177433	0.0449804	0.283991	0.529034	0.762979	0.966361	1.1372	1.27082	1.34078	1.3345	1.27016	1.16005	0.995401	0.778026	0.541576	0.332423	0.17977	0.0859887	0.0365964	0.0139482	0.00479112	0.00149199	0.000423505	0.000110115	2.63421e-05	5.8212e-06	1.19263e-06	2.27276e-07	4.04073e-08	6.72062e-09	1.04831e-09	1.5371e-10	2.12312e-11	2.76969e-12	3.57812e-13	1.85033e-13	1.20826e-12	9.44546e-12	6.99947e-11	4.89025e-10	3.21445e-09	1.98346e-08	1.14613e-07	6.18569e-07	3.10913e-06	1.45082e-05	6.26325e-05	0.000249191	0.000909838	0.00303426	0.00919465	0.0251725	0.0618781	0.135691	0.263777	
0.61484	0.856028	1.06382	1.21142	1.30381	1.34476	1.31417	1.20288	1.03802	0.838958	0.599551	0.336343	0.0805279	-0.160082	-0.377329	-0.561199	-0.711074	-0.821963	-0.895384	-0.935593	-0.946753	-0.936516	-0.913661	-0.883216	-0.848585	-0.815936	-0.786717	-0.763214	-0.746881	-0.737583	-0.736124	-0.74252	-0.756184	-0.776935	-0.804157	-0.835321	-0.868706	-0.902206	-0.928391	-0.9451	-0.943573	-0.915478	-0.85587	-0.759999	-0.62581	-0.455124	-0.250569	-0.0180587	0.232203	0.495106	0.74766	0.962764	1.14205	1.27876	1.34237	1.32686	1.25404	1.13007	0.945289	0.712258	0.474636	0.278045	0.143416	0.0654773	0.0266343	0.00971803	0.00320099	0.000957461	0.000261463	6.55005e-05	1.51184e-05	3.22772e-06	6.39654e-07	1.18045e-07	2.03455e-08	3.28371e-09	4.97506e-10	7.09165e-11	9.53698e-12	1.27086e-12	6.65072e-13	4.20384e-12	3.18899e-11	2.29127e-10	1.55026e-09	9.85519e-09	5.87269e-08	3.27193e-07	1.6996e-06	8.20587e-06	3.67e-05	0.000151475	0.000574574	0.00199377	0.00629658	0.0179957	0.0462558	0.106221	0.216461	0.389105	
0.779469	1.00826	1.17918	1.28648	1.33906	1.32385	1.22288	1.05524	0.848605	0.599551	0.320723	0.0522766	-0.198591	-0.430236	-0.621227	-0.769778	-0.87251	-0.928601	-0.947252	-0.933645	-0.899452	-0.85228	-0.799695	-0.745166	-0.695188	-0.652275	-0.616726	-0.590634	-0.572003	-0.562112	-0.560904	-0.566393	-0.58268	-0.604582	-0.637535	-0.677582	-0.724465	-0.776657	-0.83141	-0.881053	-0.92247	-0.944898	-0.940634	-0.899777	-0.816595	-0.68598	-0.511926	-0.294914	-0.0499918	0.210801	0.489116	0.753923	0.976827	1.16209	1.294	1.34276	1.3141	1.22881	1.08437	0.875758	0.63041	0.399259	0.221986	0.108754	0.0472409	0.0183213	0.0063873	0.00201445	0.000578071	0.000151723	3.65931e-05	8.14421e-06	1.67898e-06	3.21717e-07	5.74758e-08	9.60074e-09	1.50334e-09	2.21193e-10	3.0671e-11	4.21685e-12	2.23366e-12	1.36639e-11	1.00562e-10	7.00406e-10	4.58815e-09	2.82019e-08	1.62251e-07	8.71332e-07	4.3548e-06	2.01889e-05	8.65051e-05	0.000341196	0.00123327	0.00406476	0.0121488	0.0327258	0.0789263	0.169242	0.320515	0.533399	
0.93162	1.13092	1.26071	1.32857	1.33275	1.25186	1.08943	0.877673	0.625076	0.336343	0.0522766	-0.210934	-0.458218	-0.658048	-0.802497	-0.899131	-0.940911	-0.942612	-0.908709	-0.85241	-0.783397	-0.709284	-0.638571	-0.575823	-0.524096	-0.482744	-0.451589	-0.428675	-0.413496	-0.405933	-0.404372	-0.409377	-0.42153	-0.440938	-0.46847	-0.505975	-0.555152	-0.611636	-0.680054	-0.752715	-0.826049	-0.888144	-0.932836	-0.946017	-0.921328	-0.847484	-0.72153	-0.54514	-0.313128	-0.0549084	0.220056	0.51199	0.781583	1.00901	1.195	1.3118	1.33935	1.29479	1.19081	1.0188	0.786243	0.5362	0.320752	0.168493	0.0781396	0.0322115	0.011887	0.00395341	0.00119232	0.000327914	8.26506e-05	1.91781e-05	4.11331e-06	8.1844e-07	1.51573e-07	2.62057e-08	4.24123e-09	6.4417e-10	9.21029e-11	1.30664e-11	7.00617e-12	4.14753e-11	2.96119e-10	1.99915e-09	1.26784e-08	7.53448e-08	4.18471e-07	2.16596e-06	1.04144e-05	4.63554e-05	0.000190267	0.000717061	0.00246942	0.00772967	0.0218613	0.0555019	0.125611	0.251638	0.443473	0.685291	
1.06128	1.22214	1.31138	1.33681	1.2834	1.13822	0.926464	0.673519	0.381833	0.0805279	-0.198591	-0.458218	-0.670345	-0.814715	-0.911531	-0.947979	-0.934416	-0.884055	-0.802903	-0.714127	-0.620842	-0.540834	-0.473066	-0.421801	-0.382337	-0.355662	-0.335441	-0.32203	-0.315532	-0.310447	-0.310243	-0.313724	-0.318131	-0.330925	-0.345894	-0.369958	-0.404371	-0.452087	-0.511771	-0.586881	-0.675508	-0.768637	-0.853655	-0.919308	-0.946917	-0.933682	-0.859207	-0.73479	-0.550959	-0.305138	-0.0339832	0.259806	0.560878	0.829769	1.0589	1.23555	1.32666	1.32992	1.26579	1.13445	0.930034	0.679034	0.435577	0.244879	0.121108	0.053028	0.0207038	0.00725859	0.00230008	0.000662669	0.000174513	4.22097e-05	9.41701e-06	1.94538e-06	3.73423e-07	6.68145e-08	1.11753e-08	1.75191e-09	2.5826e-10	3.78049e-11	2.05186e-11	1.17555e-10	8.14267e-10	5.32913e-09	3.27237e-08	1.88042e-07	1.0084e-06	5.03125e-06	2.32774e-05	9.94954e-05	0.000391286	0.00140936	0.00462565	0.0137555	0.0368298	0.0881804	0.187448	0.35135	0.57771	0.832747	
1.16392	1.28391	1.3332	1.31032	1.19523	0.994243	0.742282	0.453174	0.139376	-0.160082	-0.430236	-0.658048	-0.814715	-0.915476	-0.953974	-0.924893	-0.860052	-0.758601	-0.652964	-0.550823	-0.466727	-0.403552	-0.358058	-0.328161	-0.311065	-0.298746	-0.292492	-0.28974	-0.288518	-0.286514	-0.287729	-0.28749	-0.288843	-0.291483	-0.296529	-0.306071	-0.318487	-0.345599	-0.383155	-0.439985	-0.513036	-0.611585	-0.715523	-0.823118	-0.903182	-0.948452	-0.940177	-0.860697	-0.729367	-0.528213	-0.271202	0.0159578	0.328625	0.631392	0.897878	1.12262	1.2758	1.33418	1.312	1.22124	1.05355	0.817756	0.559956	0.33593	0.176828	0.0821224	0.0338856	0.0125121	0.00416254	0.00125549	0.000345249	8.69989e-05	2.01801e-05	4.32637e-06	8.60417e-07	1.59264e-07	2.75203e-08	4.45157e-09	6.76416e-10	1.02144e-10	5.61067e-11	3.1117e-10	2.09165e-09	1.32746e-08	7.89512e-08	4.38846e-07	2.27314e-06	1.09374e-05	4.87141e-05	0.000200056	0.000754261	0.00259817	0.00813288	0.022996	0.0583476	0.131912	0.263821	0.463801	0.714154	0.965897	
1.23938	1.31932	1.32718	1.25052	1.07629	0.830511	0.545395	0.228798	-0.0912298	-0.377329	-0.621227	-0.802497	-0.911531	-0.953974	-0.919871	-0.843012	-0.733945	-0.611797	-0.506518	-0.416967	-0.361938	-0.322989	-0.308227	-0.298332	-0.297297	-0.293046	-0.295938	-0.295083	-0.292849	-0.295472	-0.293252	-0.293896	-0.295441	-0.293315	-0.295364	-0.295701	-0.297775	-0.30282	-0.315833	-0.344414	-0.391429	-0.466738	-0.568086	-0.683884	-0.803827	-0.892098	-0.948943	-0.93725	-0.85403	-0.703316	-0.480279	-0.210267	0.0983467	0.422076	0.720992	0.983953	1.19128	1.3078	1.33163	1.28077	1.15291	0.944213	0.686436	0.437796	0.244614	0.120246	0.0523489	0.0203293	0.00709186	0.00223689	0.000641705	0.00016832	4.05609e-05	9.01787e-06	1.85691e-06	3.55363e-07	6.34031e-08	1.05768e-08	1.65578e-09	2.57827e-10	1.43285e-10	7.69601e-10	5.02254e-09	3.09263e-08	1.78254e-07	9.59005e-07	4.80129e-06	2.22949e-05	9.56682e-05	0.000377804	0.00136687	0.00450757	0.0134728	0.0362697	0.0873441	0.186805	0.352336	0.582813	0.84426	1.07854	
1.28993	1.33108	1.29443	1.16192	0.936346	0.65596	0.343632	0.0115268	-0.298807	-0.561199	-0.769778	-0.899131	-0.947979	-0.924893	-0.843012	-0.728039	-0.59245	-0.476625	-0.386007	-0.335808	-0.312434	-0.307989	-0.30724	-0.306256	-0.302629	-0.302264	-0.296403	-0.29377	-0.289512	-0.290011	-0.287859	-0.289676	-0.292778	-0.29508	-0.299737	-0.301957	-0.306225	-0.305244	-0.308991	-0.308498	-0.325045	-0.359646	-0.437208	-0.542042	-0.674575	-0.800341	-0.89718	-0.947619	-0.926947	-0.832055	-0.652891	-0.409541	-0.117773	0.211134	0.535076	0.829228	1.08074	1.25313	1.32649	1.31579	1.22764	1.0531	0.808047	0.54549	0.322454	0.16734	0.0766961	0.0312661	0.0114183	0.00376077	0.00112398	0.000306514	7.66487e-05	1.76545e-05	3.76042e-06	7.43389e-07	1.36839e-07	2.35242e-08	3.79152e-09	6.08397e-10	3.41938e-10	1.77984e-09	1.1285e-08	6.7469e-08	3.77175e-07	1.96575e-06	9.52131e-06	4.27114e-05	0.000176768	0.000672083	0.00233635	0.00738659	0.0211144	0.0542144	0.124164	0.251811	0.449214	0.701831	0.961451	1.16821	
1.31868	1.32133	1.23734	1.05144	0.784709	0.477721	0.145374	-0.188202	-0.478107	-0.711074	-0.87251	-0.940911	-0.934416	-0.860052	-0.733945	-0.59245	-0.463616	-0.373689	-0.326572	-0.316887	-0.316418	-0.317424	-0.306919	-0.300197	-0.28817	-0.279193	-0.268144	-0.262356	-0.258078	-0.253391	-0.254786	-0.255615	-0.258735	-0.267038	-0.273297	-0.284823	-0.295767	-0.303723	-0.313606	-0.318131	-0.316788	-0.319627	-0.349032	-0.422698	-0.53713	-0.678046	-0.813267	-0.912742	-0.946414	-0.910073	-0.785911	-0.578356	-0.31102	0.00891405	0.347012	0.665962	0.952413	1.17468	1.29876	1.32921	1.27943	1.14197	0.919301	0.653771	0.40734	0.222486	0.107074	0.0457175	0.0174429	0.00598803	0.00186136	0.000526921	0.000136543	3.25392e-05	7.16076e-06	1.46066e-06	2.77107e-07	4.90446e-08	8.13111e-09	1.34337e-09	7.63165e-10	3.85309e-09	2.37567e-08	1.38043e-07	7.49265e-07	3.78717e-06	1.7768e-05	7.70985e-05	0.000308183	0.0011298	0.00377986	0.0114773	0.0314367	0.0771525	0.168449	0.32485	0.549964	0.815025	1.06174	1.23528	
1.32861	1.29222	1.16008	0.927114	0.629237	0.301868	-0.0421002	-0.365106	-0.627319	-0.821963	-0.928601	-0.942612	-0.884055	-0.758601	-0.611797	-0.476625	-0.373689	-0.326779	-0.316792	-0.322779	-0.317449	-0.301608	-0.282774	-0.266636	-0.251425	-0.239807	-0.232955	-0.226267	-0.223602	-0.221525	-0.221587	-0.223196	-0.224997	-0.230845	-0.236019	-0.246845	-0.260454	-0.276785	-0.292793	-0.312777	-0.322767	-0.319699	-0.319098	-0.348952	-0.429713	-0.555617	-0.70002	-0.840106	-0.927705	-0.944129	-0.876263	-0.713789	-0.477579	-0.176619	0.1642	0.500706	0.813811	1.07809	1.25141	1.32392	1.31103	1.21072	1.01663	0.757912	0.495743	0.284023	0.143111	0.0638316	0.0253838	0.00906313	0.00292435	0.000857782	0.000229951	5.6608e-05	1.28519e-05	2.70133e-06	5.275e-07	9.60037e-08	1.63539e-08	2.77885e-09	1.59474e-09	7.81862e-09	4.69302e-08	2.65357e-07	1.40021e-06	6.87323e-06	3.12804e-05	0.000131497	0.000508512	0.00180069	0.00580904	0.0169755	0.0446531	0.105004	0.219153	0.403135	0.650097	0.918005	1.1436	1.28184	
1.32245	1.24654	1.06827	0.796624	0.47557	0.132782	-0.213337	-0.515039	-0.743869	-0.895384	-0.947252	-0.908709	-0.802903	-0.652964	-0.506518	-0.386007	-0.326572	-0.316792	-0.324628	-0.322127	-0.293274	-0.265466	-0.243658	-0.235139	-0.225346	-0.221552	-0.218799	-0.217241	-0.217484	-0.215736	-0.216919	-0.216433	-0.216435	-0.219424	-0.220118	-0.22253	-0.231049	-0.239981	-0.254271	-0.281	-0.312386	-0.326884	-0.318894	-0.318498	-0.354008	-0.453256	-0.592339	-0.745826	-0.873749	-0.941252	-0.928477	-0.815239	-0.615692	-0.340956	-0.00721491	0.339472	0.67173	0.969393	1.18805	1.30279	1.32554	1.26082	1.09835	0.854205	0.584115	0.349775	0.183937	0.0854589	0.0353288	0.0130876	0.00437368	0.00132656	0.000367179	9.3205e-05	2.17935e-05	4.71266e-06	9.45827e-07	1.76761e-07	3.08973e-08	5.39254e-09	3.12419e-09	1.48943e-08	8.71508e-08	4.80193e-07	2.46703e-06	1.17792e-05	5.20887e-05	0.000212518	0.000796575	0.00273013	0.00851084	0.0239908	0.0607554	0.137263	0.274672	0.48358	0.745712	1.00808	1.20741	1.31062	
1.30289	1.18798	0.968012	0.665833	0.327266	-0.0251257	-0.362813	-0.636534	-0.830723	-0.935593	-0.933645	-0.85241	-0.714127	-0.550823	-0.416967	-0.335808	-0.316887	-0.322779	-0.322127	-0.287017	-0.249259	-0.23062	-0.234196	-0.229793	-0.225585	-0.222901	-0.225955	-0.218383	-0.220987	-0.21837	-0.216764	-0.221339	-0.217457	-0.222271	-0.225125	-0.224015	-0.227132	-0.23513	-0.230467	-0.238879	-0.270094	-0.312014	-0.325411	-0.31829	-0.322159	-0.376791	-0.491648	-0.648494	-0.802229	-0.909387	-0.946864	-0.884189	-0.725058	-0.482061	-0.163471	0.18691	0.532119	0.854695	1.11282	1.26868	1.32605	1.29463	1.16437	0.940177	0.669289	0.417336	0.228286	0.110147	0.0472033	0.0180959	0.00624803	0.00195506	0.000557537	0.000145639	3.50058e-05	7.77371e-06	1.6008e-06	3.0671e-07	5.49292e-08	9.83206e-09	5.74655e-09	2.66827e-08	1.52431e-07	8.19754e-07	4.10742e-06	1.91099e-05	8.2265e-05	0.000326387	0.00118827	0.00395048	0.0119284	0.0325157	0.0794893	0.173042	0.33305	0.563186	0.833845	1.08412	1.25472	1.32453	
1.27283	1.12071	0.864618	0.538869	0.187841	-0.167054	-0.488687	-0.733027	-0.890666	-0.946753	-0.899452	-0.783397	-0.620842	-0.466727	-0.361938	-0.312434	-0.316418	-0.317449	-0.293274	-0.249259	-0.231592	-0.238412	-0.242193	-0.226145	-0.222398	-0.220228	-0.211745	-0.20667	-0.205595	-0.204139	-0.201811	-0.205883	-0.207609	-0.208746	-0.217795	-0.22195	-0.222511	-0.237038	-0.24259	-0.232548	-0.237883	-0.275646	-0.31138	-0.319787	-0.310139	-0.335794	-0.417709	-0.556028	-0.721295	-0.85899	-0.939665	-0.925052	-0.80653	-0.598417	-0.30221	0.0457501	0.399351	0.739648	1.03031	1.22463	1.31546	1.31489	1.21573	1.01457	0.74874	0.484331	0.274635	0.137174	0.0607601	0.0240382	0.00855279	0.00275421	0.00080736	0.000216552	5.33947e-05	1.2153e-05	2.56298e-06	5.02548e-07	9.20574e-08	1.68704e-08	9.94029e-09	4.50344e-08	2.51606e-07	1.32302e-06	6.47717e-06	2.94215e-05	0.000123547	0.000477684	0.00169297	0.00547254	0.0160454	0.0424087	0.100364	0.211164	0.392208	0.639345	0.912574	1.14627	1.28772	1.3264	
1.23526	1.04882	0.762495	0.419253	0.0606477	-0.290993	-0.592906	-0.806795	-0.925501	-0.936516	-0.85228	-0.709284	-0.540834	-0.403552	-0.322989	-0.307989	-0.317424	-0.301608	-0.265466	-0.23062	-0.238412	-0.244005	-0.230391	-0.20719	-0.208282	-0.200902	-0.189784	-0.193041	-0.188341	-0.187063	-0.188083	-0.186155	-0.191529	-0.189831	-0.195276	-0.208363	-0.20394	-0.220488	-0.239859	-0.243972	-0.228621	-0.249369	-0.287253	-0.315751	-0.310969	-0.310925	-0.363345	-0.479069	-0.643674	-0.799216	-0.913144	-0.943662	-0.864615	-0.690367	-0.421108	-0.0819394	0.276096	0.62873	0.945052	1.17387	1.29649	1.32434	1.25414	1.07713	0.820691	0.54863	0.321356	0.165618	0.0755911	0.0307733	0.0112523	0.00371949	0.00111801	0.000307199	7.75292e-05	1.80479e-05	3.89015e-06	7.7912e-07	1.4571e-07	2.72877e-08	1.61971e-08	7.17414e-08	3.9272e-07	2.02299e-06	9.69628e-06	4.30898e-05	0.000176885	0.000667996	0.00231013	0.00727889	0.0207777	0.0533954	0.122693	0.250286	0.450145	0.710001	0.98095	1.19549	1.30887	1.31896	
1.19319	0.976099	0.665346	0.309728	-0.0525936	-0.397006	-0.676667	-0.859146	-0.940658	-0.913661	-0.799695	-0.638571	-0.473066	-0.358058	-0.308227	-0.30724	-0.306919	-0.282774	-0.243658	-0.234196	-0.242193	-0.230391	-0.197171	-0.193904	-0.200498	-0.193898	-0.184623	-0.198617	-0.184859	-0.189315	-0.194608	-0.182067	-0.19776	-0.188835	-0.188051	-0.200134	-0.197629	-0.192738	-0.215832	-0.242309	-0.236967	-0.236738	-0.265998	-0.300603	-0.309986	-0.303266	-0.332471	-0.417415	-0.570487	-0.738074	-0.875371	-0.944091	-0.903876	-0.761574	-0.519761	-0.194123	0.16436	0.525141	0.861078	1.1197	1.27176	1.32557	1.28165	1.12838	0.884089	0.608471	0.36686	0.194437	0.0911578	0.038074	0.0142671	0.00482795	0.00148425	0.000416777	0.000107411	2.55162e-05	5.60922e-06	1.14513e-06	2.18215e-07	4.16763e-08	2.49023e-08	1.08067e-07	5.80762e-07	2.93663e-06	1.38091e-05	6.01686e-05	0.000242003	0.000894754	0.00302687	0.00932046	0.0259731	0.0650854	0.145653	0.289014	0.505086	0.773707	1.03882	1.2333	1.32062	1.30482	
1.14947	0.905899	0.576012	0.211989	-0.151048	-0.485142	-0.74146	-0.894542	-0.94319	-0.883216	-0.745166	-0.575823	-0.421801	-0.328161	-0.298332	-0.306256	-0.300197	-0.266636	-0.235139	-0.229793	-0.226145	-0.20719	-0.193904	-0.209636	-0.203099	-0.189749	-0.193495	-0.191694	-0.184049	-0.186269	-0.188058	-0.183223	-0.188847	-0.19323	-0.191983	-0.194226	-0.211196	-0.198594	-0.199406	-0.218863	-0.23034	-0.229573	-0.252906	-0.287036	-0.309156	-0.297924	-0.311144	-0.375409	-0.509621	-0.679741	-0.833489	-0.931598	-0.926688	-0.815223	-0.600062	-0.290168	0.0657063	0.431295	0.781701	1.06522	1.24377	1.32097	1.30036	1.16933	0.938504	0.662515	0.409695	0.222553	0.106835	0.0456416	0.0174764	0.00603773	0.00189347	0.000541977	0.000142289	3.44142e-05	7.69838e-06	1.59856e-06	3.09739e-07	6.01998e-08	3.61827e-08	1.54193e-07	8.15193e-07	4.05479e-06	1.87472e-05	8.02705e-05	0.000317074	0.00115055	0.00381708	0.0115172	0.03142	0.0770019	0.168349	0.326012	0.555563	0.829585	1.0866	1.26144	1.32531	1.28641	
1.10675	0.841005	0.496537	0.127184	-0.234221	-0.556417	-0.790675	-0.917415	-0.936216	-0.848585	-0.695188	-0.524096	-0.382337	-0.311065	-0.297297	-0.302629	-0.28817	-0.251425	-0.225346	-0.225585	-0.222398	-0.208282	-0.200498	-0.203099	-0.188436	-0.180844	-0.185767	-0.175623	-0.175598	-0.177007	-0.172921	-0.177997	-0.174632	-0.180845	-0.185209	-0.181583	-0.200528	-0.20008	-0.205693	-0.215452	-0.227798	-0.221794	-0.23997	-0.272915	-0.301719	-0.298599	-0.300927	-0.345298	-0.460228	-0.626494	-0.791878	-0.913528	-0.937845	-0.853525	-0.663447	-0.370399	-0.0191935	0.348851	0.709589	1.01322	1.21486	1.31269	1.3123	1.20123	0.983971	0.709831	0.448618	0.248924	0.121957	0.0531291	0.0207269	0.00729004	0.00232588	0.000676886	0.000180582	4.43607e-05	1.00747e-05	2.12306e-06	4.17372e-07	8.2364e-08	4.9759e-08	2.08726e-07	1.08792e-06	5.33466e-06	2.43054e-05	0.000102506	0.000398614	0.00142314	0.00464241	0.0137632	0.0368633	0.0886198	0.189885	0.360072	0.600445	0.877224	1.12508	1.2817	1.32506	1.26594	
1.06732	0.783633	0.428402	0.0559956	-0.302432	-0.612723	-0.826903	-0.930084	-0.923845	-0.815936	-0.652275	-0.482744	-0.355662	-0.298746	-0.293046	-0.302264	-0.279193	-0.239807	-0.221552	-0.222901	-0.220228	-0.200902	-0.193898	-0.189749	-0.180844	-0.176669	-0.181227	-0.171572	-0.176544	-0.175109	-0.171156	-0.178552	-0.171297	-0.177842	-0.179156	-0.177406	-0.187092	-0.191802	-0.19716	-0.21208	-0.224617	-0.219942	-0.230019	-0.262154	-0.297915	-0.29723	-0.292943	-0.32429	-0.424598	-0.583685	-0.752286	-0.891335	-0.941536	-0.880687	-0.712067	-0.435187	-0.0899734	0.278822	0.646721	0.966098	1.18712	1.30262	1.31928	1.22542	1.02084	0.749839	0.482617	0.2726	0.135866	0.0601679	0.0238445	0.00851379	0.00275593	0.000813321	0.000219932	5.47405e-05	1.25916e-05	2.6867e-06	5.34683e-07	1.06883e-07	6.48538e-08	2.68441e-07	1.38246e-06	6.69782e-06	3.01408e-05	0.000125504	0.000481648	0.00169622	0.00545514	0.0159348	0.0420241	0.0994039	0.209415	0.390163	0.638914	0.91657	1.15523	1.29575	1.32175	1.24544	
1.03311	0.735486	0.372576	-0.00139131	-0.356294	-0.655459	-0.852351	-0.936452	-0.910572	-0.786717	-0.616726	-0.451589	-0.335441	-0.292492	-0.295938	-0.296403	-0.268144	-0.232955	-0.218799	-0.225955	-0.211745	-0.189784	-0.184623	-0.193495	-0.185767	-0.181227	-0.182854	-0.177676	-0.175869	-0.176265	-0.174911	-0.176629	-0.1768	-0.181038	-0.183166	-0.180929	-0.193754	-0.187232	-0.18658	-0.200541	-0.225014	-0.219898	-0.225737	-0.251274	-0.289866	-0.297383	-0.291545	-0.31102	-0.395185	-0.548846	-0.720785	-0.870347	-0.939588	-0.898681	-0.748384	-0.485724	-0.146606	0.221883	0.594534	0.925771	1.16236	1.29238	1.32288	1.24316	1.04963	0.782232	0.510914	0.292764	0.147953	0.0663964	0.0266494	0.00963198	0.00315466	0.00094158	0.000257417	6.4755e-05	1.50501e-05	3.24387e-06	6.52017e-07	1.31712e-07	8.0205e-08	3.28409e-07	1.67487e-06	8.03562e-06	3.57998e-05	0.000147532	0.000560162	0.00195097	0.00620253	0.0179018	0.0466234	0.108846	0.226187	0.415445	0.670424	0.947791	1.17805	1.30511	1.317	1.22663	
1.00566	0.697797	0.329649	-0.0449394	-0.396411	-0.686314	-0.869701	-0.93888	-0.897674	-0.763214	-0.590634	-0.428675	-0.32203	-0.28974	-0.295083	-0.29377	-0.262356	-0.226267	-0.217241	-0.218383	-0.20667	-0.193041	-0.198617	-0.191694	-0.175623	-0.171572	-0.177676	-0.162436	-0.169796	-0.168242	-0.160895	-0.17361	-0.161539	-0.171087	-0.176742	-0.170638	-0.185888	-0.196598	-0.196028	-0.19779	-0.216799	-0.21669	-0.220605	-0.245196	-0.284407	-0.297299	-0.289608	-0.302216	-0.376684	-0.522917	-0.694896	-0.852531	-0.936034	-0.910021	-0.773979	-0.523014	-0.189371	0.178359	0.554026	0.893739	1.14208	1.28329	1.32438	1.25557	1.07091	0.806893	0.532938	0.308749	0.157689	0.0714861	0.0289719	0.0105692	0.00349273	0.00105152	0.000289887	7.35169e-05	1.72221e-05	3.74078e-06	7.57638e-07	1.54282e-07	9.42091e-08	3.82573e-07	1.93659e-06	9.22217e-06	4.0772e-05	0.000166699	0.000627781	0.00216803	0.0068322	0.0195392	0.050403	0.116499	0.239571	0.435273	0.694637	0.971171	1.19448	1.31103	1.31212	1.21094	
0.986112	0.671421	0.299987	-0.074761	-0.42355	-0.706677	-0.880367	-0.939127	-0.888049	-0.746881	-0.572003	-0.413496	-0.315532	-0.288518	-0.292849	-0.289512	-0.258078	-0.223602	-0.217484	-0.220987	-0.205595	-0.188341	-0.184859	-0.184049	-0.175598	-0.176544	-0.175869	-0.169796	-0.171713	-0.171527	-0.167696	-0.17407	-0.169703	-0.174327	-0.176496	-0.174917	-0.18138	-0.184898	-0.186169	-0.196868	-0.217801	-0.219108	-0.219053	-0.241465	-0.280674	-0.293909	-0.288854	-0.29873	-0.36414	-0.504922	-0.677124	-0.839526	-0.932356	-0.916616	-0.790536	-0.547996	-0.218542	0.1484	0.525844	0.871085	1.12743	1.2764	1.3248	1.26353	1.08518	0.82381	0.548297	0.320049	0.164653	0.0751649	0.0306667	0.0112593	0.00374375	0.00113381	0.000314374	8.01736e-05	1.88839e-05	4.12362e-06	8.39564e-07	1.71916e-07	1.05181e-07	4.24705e-07	2.13883e-06	1.01329e-05	4.45622e-05	0.000181205	0.000678576	0.00232981	0.00729765	0.0207389	0.0531464	0.121996	0.249079	0.449179	0.711363	0.987012	1.20526	1.31448	1.30813	1.19946	
0.975223	0.656897	0.283767	-0.0910105	-0.438214	-0.717418	-0.885712	-0.938962	-0.882573	-0.737583	-0.562112	-0.405933	-0.310447	-0.286514	-0.295472	-0.290011	-0.253391	-0.221525	-0.215736	-0.21837	-0.204139	-0.187063	-0.189315	-0.186269	-0.177007	-0.175109	-0.176265	-0.168242	-0.171527	-0.169714	-0.165992	-0.17277	-0.167287	-0.172448	-0.177313	-0.174444	-0.182732	-0.188576	-0.187797	-0.194199	-0.216043	-0.216072	-0.217631	-0.236835	-0.278076	-0.296489	-0.288709	-0.294668	-0.357427	-0.496281	-0.667796	-0.831899	-0.929647	-0.919763	-0.79929	-0.561443	-0.234368	0.132068	0.510375	0.858518	1.1192	1.27242	1.32481	1.26768	1.09284	0.833019	0.556746	0.326318	0.168544	0.0772344	0.0316258	0.0116521	0.00388735	0.00118111	0.000328518	8.40363e-05	1.98526e-05	4.34772e-06	8.87725e-07	1.8233e-07	1.11676e-07	4.49542e-07	2.25755e-06	1.06653e-05	4.67681e-05	0.000189608	0.000707865	0.00242264	0.00756331	0.0214199	0.0546942	0.125078	0.25437	0.456855	0.720509	0.995567	1.21097	1.31615	1.30573	1.19296	
0.973407	0.654496	0.281075	-0.0937471	-0.4407	-0.719237	-0.886618	-0.938782	-0.881309	-0.736124	-0.560904	-0.404372	-0.310243	-0.287729	-0.293252	-0.287859	-0.254786	-0.221587	-0.216919	-0.216764	-0.201811	-0.188083	-0.194608	-0.188058	-0.172921	-0.171156	-0.174911	-0.160895	-0.167696	-0.165992	-0.160108	-0.171178	-0.161343	-0.169877	-0.174222	-0.169673	-0.182591	-0.193213	-0.191424	-0.192774	-0.213694	-0.217047	-0.217947	-0.238912	-0.277182	-0.294844	-0.288481	-0.295357	-0.357091	-0.493678	-0.665489	-0.831221	-0.929549	-0.920032	-0.800587	-0.563756	-0.237069	0.129357	0.507815	0.856417	1.11781	1.27174	1.3248	1.26836	1.09411	0.834555	0.558159	0.327368	0.169198	0.0775824	0.0317874	0.0117183	0.0039116	0.00118911	0.000330913	8.4691e-05	2.00169e-05	4.38579e-06	8.95917e-07	1.84106e-07	1.12796e-07	4.5383e-07	2.278e-06	1.07568e-05	4.71465e-05	0.000191047	0.000712868	0.00243846	0.00760847	0.0215353	0.054956	0.125598	0.25526	0.458141	0.722035	0.996987	1.2119	1.31641	1.30531	1.19186	
0.980727	0.664263	0.291929	-0.0830076	-0.431123	-0.712126	-0.882809	-0.938887	-0.885688	-0.74252	-0.566393	-0.409377	-0.313724	-0.28749	-0.293896	-0.289676	-0.255615	-0.223196	-0.216433	-0.221339	-0.205883	-0.186155	-0.182067	-0.183223	-0.177997	-0.178552	-0.176629	-0.17361	-0.17407	-0.17277	-0.171178	-0.173967	-0.172917	-0.175269	-0.178135	-0.177682	-0.181506	-0.182322	-0.183493	-0.19602	-0.218374	-0.21817	-0.218569	-0.238873	-0.279536	-0.294359	-0.288676	-0.297097	-0.360458	-0.500541	-0.672923	-0.835947	-0.930731	-0.917884	-0.795	-0.554997	-0.226573	0.140284	0.51818	0.864839	1.12333	1.27443	1.32483	1.26563	1.08903	0.828423	0.552516	0.32317	0.166585	0.0761902	0.0311409	0.0114531	0.00381447	0.00115706	0.000321316	8.20664e-05	1.93579e-05	4.23311e-06	8.63064e-07	1.76997e-07	1.0838e-07	4.36995e-07	2.19761e-06	1.03966e-05	4.56553e-05	0.000185371	0.000693104	0.00237589	0.0074296	0.0210774	0.0539164	0.123531	0.251716	0.45301	0.715936	0.991298	1.20813	1.31532	1.30693	1.19622	
0.996909	0.686004	0.316268	-0.0586796	-0.409146	-0.695816	-0.874442	-0.938727	-0.893227	-0.756184	-0.58268	-0.42153	-0.318131	-0.288843	-0.295441	-0.292778	-0.258735	-0.224997	-0.216435	-0.217457	-0.207609	-0.191529	-0.19776	-0.188847	-0.174632	-0.171297	-0.1768	-0.161539	-0.169703	-0.167287	-0.161343	-0.172917	-0.162385	-0.170262	-0.176128	-0.17023	-0.183764	-0.194843	-0.195203	-0.197419	-0.217102	-0.215758	-0.219848	-0.242768	-0.281665	-0.298519	-0.289659	-0.299321	-0.371196	-0.514481	-0.686587	-0.847271	-0.93447	-0.912567	-0.781585	-0.53485	-0.202851	0.164825	0.541353	0.883537	1.13549	1.28022	1.32465	1.25927	1.07745	0.814599	0.539898	0.313847	0.160818	0.0731331	0.0297281	0.0108762	0.00360406	0.00108791	0.000300688	7.64458e-05	1.79515e-05	3.90843e-06	7.93436e-07	1.6198e-07	9.90492e-08	4.01269e-07	2.02645e-06	9.62731e-06	4.246e-05	0.000173167	0.000650464	0.00224038	0.00704069	0.0200775	0.0516363	0.118975	0.243864	0.441569	0.702235	0.978397	1.19943	1.31264	1.31034	1.20578	
1.02133	0.719291	0.353961	-0.0206651	-0.374405	-0.669354	-0.859827	-0.937356	-0.905399	-0.776935	-0.604582	-0.440938	-0.330925	-0.291483	-0.293315	-0.29508	-0.267038	-0.230845	-0.219424	-0.222271	-0.208746	-0.189831	-0.188835	-0.19323	-0.180845	-0.177842	-0.181038	-0.171087	-0.174327	-0.172448	-0.169877	-0.175269	-0.170262	-0.178325	-0.179655	-0.177177	-0.190208	-0.190795	-0.188592	-0.198752	-0.220492	-0.219591	-0.224705	-0.249293	-0.288675	-0.295398	-0.289227	-0.308233	-0.387014	-0.536759	-0.710132	-0.863397	-0.937717	-0.903187	-0.759981	-0.502718	-0.165555	0.202969	0.577011	0.911933	1.15364	1.28854	1.32368	1.24874	1.05905	0.793042	0.5205	0.299681	0.152143	0.0685762	0.0276396	0.0100299	0.00329762	0.000987898	0.000271047	6.84204e-05	1.59557e-05	3.45039e-06	6.95779e-07	1.41047e-07	8.6061e-08	3.51219e-07	1.78531e-06	8.53729e-06	3.79062e-05	0.000155669	0.000588931	0.00204354	0.00647174	0.0186037	0.0482485	0.112147	0.231982	0.424065	0.681002	0.958068	1.18534	1.30781	1.31496	1.21989	
1.05299	0.763392	0.404713	0.0312114	-0.326145	-0.631676	-0.838018	-0.932712	-0.918303	-0.804157	-0.637535	-0.46847	-0.345894	-0.296529	-0.295364	-0.299737	-0.273297	-0.236019	-0.220118	-0.225125	-0.217795	-0.195276	-0.188051	-0.191983	-0.185209	-0.179156	-0.183166	-0.176742	-0.176496	-0.177313	-0.174222	-0.178135	-0.176128	-0.179655	-0.182002	-0.180952	-0.191303	-0.188437	-0.191366	-0.207224	-0.226151	-0.220064	-0.227397	-0.256096	-0.29391	-0.298337	-0.29327	-0.318015	-0.411104	-0.568664	-0.739367	-0.882894	-0.940653	-0.888355	-0.728237	-0.457568	-0.114477	0.254571	0.624624	0.949103	1.17677	1.29847	1.32107	1.23326	1.03333	0.763738	0.494653	0.281113	0.140935	0.0627641	0.0250071	0.00897483	0.00291951	0.000865691	0.000235168	5.87931e-05	1.35823e-05	2.91029e-06	5.81583e-07	1.16781e-07	7.1044e-08	2.92822e-07	1.50168e-06	7.24473e-06	3.24607e-05	0.00013456	0.000514028	0.00180163	0.00576544	0.0167545	0.0439485	0.103372	0.216498	0.400899	0.652381	0.930021	1.16518	1.29996	1.31991	1.23761	
1.09054	0.817238	0.468022	0.0969416	-0.263694	-0.581024	-0.806563	-0.923096	-0.931269	-0.835321	-0.677582	-0.505975	-0.369958	-0.306071	-0.295701	-0.301957	-0.284823	-0.246845	-0.22253	-0.224015	-0.22195	-0.208363	-0.200134	-0.194226	-0.181583	-0.177406	-0.180929	-0.170638	-0.174917	-0.174444	-0.169673	-0.177682	-0.17023	-0.177177	-0.180952	-0.176618	-0.190407	-0.19733	-0.205571	-0.215674	-0.225918	-0.220757	-0.234584	-0.269685	-0.299871	-0.297871	-0.298082	-0.335186	-0.444152	-0.608674	-0.775893	-0.904781	-0.939619	-0.865322	-0.684821	-0.398545	-0.049341	0.319409	0.683356	0.993721	1.20352	1.30879	1.31562	1.2118	0.999767	0.726752	0.46285	0.258747	0.127682	0.0560055	0.0219923	0.00778359	0.00249829	0.000731267	0.00019618	4.84532e-05	1.10619e-05	2.34303e-06	4.6293e-07	9.18526e-08	5.56708e-08	2.32334e-07	1.20479e-06	5.87741e-06	2.66371e-05	0.000111729	0.000432048	0.00153355	0.00497247	0.0146493	0.0389798	0.093067	0.197989	0.372643	0.616644	0.893954	1.13807	1.28795	1.32396	1.25763	
1.1322	0.879332	0.543081	0.17639	-0.186458	-0.51586	-0.762953	-0.905101	-0.941061	-0.868706	-0.724465	-0.555152	-0.404371	-0.318487	-0.297775	-0.306225	-0.295767	-0.260454	-0.231049	-0.227132	-0.222511	-0.20394	-0.197629	-0.211196	-0.200528	-0.187092	-0.193754	-0.185888	-0.18138	-0.182732	-0.182591	-0.181506	-0.183764	-0.190208	-0.191303	-0.190407	-0.212738	-0.201216	-0.200009	-0.213707	-0.229153	-0.225031	-0.248276	-0.281049	-0.307421	-0.299277	-0.304257	-0.361084	-0.489382	-0.658134	-0.816548	-0.924601	-0.932039	-0.832131	-0.627598	-0.324453	0.0299627	0.396952	0.75196	1.04404	1.23221	1.31801	1.30588	1.18315	0.957796	0.682305	0.425784	0.233343	0.112965	0.0486516	0.0187728	0.00653349	0.00206344	0.000594649	0.000157142	3.8248e-05	8.60868e-06	1.79828e-06	3.50486e-07	6.85536e-08	4.13648e-08	1.75231e-07	9.20872e-07	4.55283e-06	2.09196e-05	8.90007e-05	0.000349243	0.00125863	0.00414609	0.0124177	0.0336157	0.0817197	0.177159	0.340059	0.574248	0.849641	1.10304	1.27036	1.32565	1.27834	
1.17582	0.947682	0.628634	0.269085	-0.0940071	-0.434595	-0.704716	-0.875068	-0.94328	-0.902206	-0.776657	-0.611636	-0.452087	-0.345599	-0.30282	-0.305244	-0.303723	-0.276785	-0.239981	-0.23513	-0.237038	-0.220488	-0.192738	-0.198594	-0.20008	-0.191802	-0.187232	-0.196598	-0.184898	-0.188576	-0.193213	-0.182322	-0.194843	-0.190795	-0.188437	-0.19733	-0.201216	-0.191813	-0.207172	-0.234299	-0.235991	-0.235021	-0.260281	-0.295508	-0.308681	-0.298533	-0.323798	-0.399951	-0.544901	-0.714155	-0.858123	-0.939882	-0.915058	-0.785219	-0.554034	-0.234622	0.123144	0.486346	0.828704	1.09785	1.26084	1.32433	1.29012	1.14599	0.906988	0.630858	0.384372	0.2058	0.0974277	0.0410716	0.0155269	0.00529882	0.00164224	0.000464736	0.000120671	2.88744e-05	6.39209e-06	1.31386e-06	2.52043e-07	4.84866e-08	2.91058e-08	1.25461e-07	6.69629e-07	3.36263e-06	1.57002e-05	6.79085e-05	0.000271072	0.000994391	0.00333661	0.0101873	0.0281379	0.0698584	0.154821	0.304102	0.525894	0.797034	1.05909	1.24558	1.32318	1.29784	
1.2189	1.01976	0.722884	0.374026	0.0135253	-0.335617	-0.628946	-0.830301	-0.933593	-0.928391	-0.83141	-0.680054	-0.511771	-0.383155	-0.315833	-0.308991	-0.313606	-0.292793	-0.254271	-0.230467	-0.24259	-0.239859	-0.215832	-0.199406	-0.205693	-0.19716	-0.18658	-0.196028	-0.186169	-0.187797	-0.191424	-0.183493	-0.195203	-0.188592	-0.191366	-0.205571	-0.200009	-0.207172	-0.231226	-0.246004	-0.231993	-0.241741	-0.277363	-0.309742	-0.311474	-0.308203	-0.348768	-0.451926	-0.613616	-0.77381	-0.898263	-0.946496	-0.883111	-0.720896	-0.462682	-0.128935	0.229712	0.586272	0.911207	1.1525	1.28717	1.32571	1.2664	1.09901	0.84716	0.573193	0.339766	0.17713	0.081737	0.0336247	0.0124179	0.00414394	0.00125697	0.000348408	8.86706e-05	2.08094e-05	4.52067e-06	9.12305e-07	1.7189e-07	3.24509e-08	1.93664e-08	8.51422e-08	4.62508e-07	2.36404e-06	1.12408e-05	4.95434e-05	0.000201652	0.000754832	0.00258659	0.00807241	0.0228136	0.0580172	0.131859	0.265913	0.472583	0.736385	1.00533	1.21185	1.31452	1.31398	
1.25864	1.09243	0.823381	0.489785	0.135256	-0.218693	-0.53276	-0.765406	-0.907977	-0.9451	-0.881053	-0.752715	-0.586881	-0.439985	-0.344414	-0.308498	-0.318131	-0.312777	-0.281	-0.238879	-0.232548	-0.243972	-0.242309	-0.218863	-0.215452	-0.21208	-0.200541	-0.19779	-0.196868	-0.194199	-0.192774	-0.19602	-0.197419	-0.198752	-0.207224	-0.215674	-0.213707	-0.234299	-0.246004	-0.237152	-0.230389	-0.263906	-0.302009	-0.32021	-0.309116	-0.322947	-0.394455	-0.523391	-0.688641	-0.835413	-0.931593	-0.935621	-0.832251	-0.637534	-0.35216	-0.00733526	0.348609	0.694604	0.996384	1.20501	1.30876	1.31986	1.23261	1.04107	0.778537	0.510481	0.293341	0.148404	0.0665405	0.0266319	0.00958075	0.00311786	0.000923193	0.000250019	6.22201e-05	1.42886e-05	3.03943e-06	6.00959e-07	1.10983e-07	2.05191e-08	1.21663e-08	5.4675e-08	3.02891e-07	1.57908e-06	7.66279e-06	3.44913e-05	0.000143477	0.000549345	0.00192725	0.00616419	0.0178741	0.0466967	0.109173	0.226783	0.415649	0.668371	0.941183	1.16739	1.29742	1.32439	
