0.681293	0.920055	1.11426	1.24561	1.32259	1.34252	1.28362	1.148	0.966361	0.74766	0.489116	0.220056	-0.0339832	-0.271202	-0.480279	-0.652891	-0.785911	-0.876263	-0.928477	-0.946864	-0.939665	-0.913144	-0.875371	-0.833489	-0.791878	-0.752286	-0.720785	-0.694896	-0.677124	-0.667796	-0.665489	-0.672923	-0.686587	-0.710132	-0.739367	-0.775893	-0.816548	-0.858123	-0.898263	-0.931593	-0.946679	-0.939829	-0.901378	-0.827054	-0.711362	-0.553643	-0.359561	-0.131311	0.116382	0.379932	0.648072	0.88453	1.07976	1.23712	1.32964	1.33869	1.28211	1.1737	1.00482	0.779556	0.536173	0.3241	0.172222	0.0808367	0.033734	0.0126024	0.0042426	0.00129496	0.00036035	9.18761e-05	2.15594e-05	4.67494e-06	9.40162e-07	1.75933e-07	3.07261e-08	5.02195e-09	7.70062e-10	1.11038e-10	1.50987e-11	2.0365e-12	1.08388e-12	6.78854e-12	5.0886e-11	3.61129e-10	2.41224e-09	1.51315e-08	8.89206e-08	4.8824e-07	2.49761e-06	1.18659e-05	5.21727e-05	0.000211483	0.000786927	0.00267515	0.00826454	0.0230674	0.0577976	0.129123	0.255478	0.445136	
0.516024	0.753783	0.97772	1.15002	1.26503	1.33214	1.34119	1.27261	1.1372	0.962764	0.753923	0.51199	0.259806	0.0159578	-0.210267	-0.409541	-0.578356	-0.713789	-0.815239	-0.884189	-0.925052	-0.943662	-0.944091	-0.931598	-0.913528	-0.891335	-0.870347	-0.852531	-0.839526	-0.831899	-0.831221	-0.835947	-0.847271	-0.863397	-0.882894	-0.904781	-0.924601	-0.939882	-0.946496	-0.935621	-0.903803	-0.846926	-0.758488	-0.637068	-0.480896	-0.293801	-0.0774553	0.160909	0.410778	0.660393	0.88453	1.07154	1.2246	1.32345	1.34421	1.29729	1.20183	1.05372	0.847838	0.60981	0.386923	0.215991	0.106418	0.0465446	0.0181913	0.006395	0.00203455	0.000589102	0.000156035	3.79798e-05	8.53072e-06	1.77477e-06	3.43159e-07	6.18558e-08	1.04236e-08	1.64634e-09	2.44296e-10	3.41312e-11	4.5018e-12	5.88588e-13	3.09474e-13	2.00255e-12	1.54721e-11	1.13272e-10	7.81476e-10	5.06979e-09	3.08572e-08	1.75766e-07	9.3444e-07	4.62293e-06	2.12137e-05	8.99689e-05	0.000351252	0.00125685	0.00410177	0.0121432	0.0324186	0.0775503	0.165133	0.31106	
0.362358	0.57584	0.809043	1.0171	1.17222	1.2765	1.33704	1.34017	1.27082	1.14205	0.976827	0.781583	0.560878	0.328625	0.0983467	-0.117773	-0.31102	-0.477579	-0.615692	-0.725058	-0.80653	-0.864615	-0.903876	-0.926688	-0.937845	-0.941536	-0.939588	-0.936034	-0.932356	-0.929647	-0.929549	-0.930731	-0.93447	-0.937717	-0.940653	-0.939619	-0.932039	-0.915058	-0.883111	-0.832251	-0.760861	-0.66286	-0.536273	-0.380873	-0.197886	0.00964533	0.235922	0.468806	0.695987	0.90288	1.07976	1.2246	1.32095	1.34654	1.30606	1.21893	1.08573	0.897659	0.669557	0.442946	0.258408	0.133112	0.0608344	0.0248161	0.00909315	0.00301111	0.000906179	0.00024912	6.28541e-05	1.46156e-05	3.14421e-06	6.27945e-07	1.16792e-07	2.02876e-08	3.30001e-09	5.03867e-10	7.23765e-11	9.8007e-12	1.25424e-12	1.5901e-13	8.25787e-14	5.51861e-13	4.39366e-12	3.31738e-11	2.36318e-10	1.58506e-09	9.98865e-09	5.90018e-08	3.25851e-07	1.67789e-06	8.0313e-06	3.56154e-05	0.000145791	0.000548669	0.00188988	0.00592872	0.0168476	0.043113	0.0987351	0.201109	
0.233939	0.405371	0.621334	0.84654	1.04049	1.18352	1.28104	1.33779	1.34078	1.27876	1.16209	1.00901	0.829769	0.631392	0.422076	0.211134	0.00891405	-0.176619	-0.340956	-0.482061	-0.598417	-0.690367	-0.761574	-0.815223	-0.853525	-0.880687	-0.898681	-0.910021	-0.916616	-0.919763	-0.920032	-0.917884	-0.912567	-0.903187	-0.888355	-0.865322	-0.832131	-0.785219	-0.720896	-0.637534	-0.531386	-0.399973	-0.24476	-0.067259	0.12889	0.337529	0.548733	0.752387	0.940221	1.10437	1.23712	1.32345	1.34654	1.30895	1.22705	1.10368	0.929781	0.713062	0.488203	0.295881	0.158619	0.0754777	0.0320485	0.0122146	0.00420308	0.00131302	0.000374287	9.78114e-05	2.35323e-05	5.23239e-06	1.07899e-06	2.07015e-07	3.70609e-08	6.20761e-09	9.75195e-10	1.44013e-10	2.00338e-11	2.63042e-12	3.26742e-13	4.01829e-14	2.06086e-14	1.42171e-13	1.16596e-12	9.07582e-12	6.673e-11	4.62544e-10	3.01646e-09	1.84672e-08	1.05884e-07	5.67107e-07	2.82931e-06	1.31081e-05	5.62061e-05	0.000222228	0.000806899	0.00267856	0.00808931	0.0221071	0.0543607	0.119569	
0.138028	0.26062	0.436903	0.650616	0.866694	1.04976	1.18529	1.27895	1.3345	1.34237	1.294	1.195	1.0589	0.897878	0.720992	0.535076	0.347012	0.1642	-0.00721491	-0.163471	-0.30221	-0.421108	-0.519761	-0.600062	-0.663447	-0.712067	-0.748384	-0.773979	-0.790536	-0.79929	-0.800587	-0.795	-0.781585	-0.759981	-0.728237	-0.684821	-0.627598	-0.554034	-0.462682	-0.35216	-0.221158	-0.0715873	0.0940863	0.272873	0.459599	0.647275	0.828479	0.996734	1.14403	1.25944	1.32964	1.34421	1.30606	1.22705	1.10945	0.945425	0.739322	0.519823	0.325175	0.180488	0.0890644	0.0392428	0.0155201	0.00553953	0.00179386	0.000529659	0.000143248	3.56357e-05	8.18576e-06	1.74234e-06	3.44746e-07	6.35973e-08	1.09678e-08	1.77267e-09	2.69127e-10	3.84619e-11	5.18447e-12	6.60358e-13	7.96553e-14	9.50719e-15	4.81469e-15	3.42688e-14	2.89371e-13	2.32112e-12	1.76057e-11	1.26047e-10	8.50167e-10	5.39099e-09	3.2067e-08	1.78496e-07	9.27346e-07	4.48398e-06	2.01163e-05	8.34493e-05	0.000318919	0.00111831	0.0035822	0.0104317	0.0274757	0.0651018	
0.0741626	0.152162	0.278664	0.454767	0.662798	0.870031	1.04577	1.17775	1.27016	1.32686	1.34276	1.3118	1.23555	1.12262	0.983953	0.829228	0.665962	0.500706	0.339472	0.18691	0.0457501	-0.0819394	-0.194123	-0.290168	-0.370399	-0.435187	-0.485724	-0.523014	-0.547996	-0.561443	-0.563756	-0.554997	-0.53485	-0.502718	-0.457568	-0.398545	-0.324453	-0.234622	-0.128935	-0.00733526	0.12877	0.277031	0.435207	0.599472	0.76432	0.923314	1.06944	1.19401	1.28624	1.33612	1.33869	1.29729	1.21893	1.10368	0.945425	0.748082	0.536039	0.343791	0.196487	0.100117	0.0456219	0.0186746	0.00690022	0.0023128	0.000706519	0.000197581	5.0791e-05	1.20474e-05	2.6459e-06	5.39787e-07	1.02593e-07	1.82154e-08	3.02879e-09	4.72738e-10	6.94102e-11	9.60602e-12	1.25542e-12	1.55209e-13	1.81898e-14	2.10812e-15	1.05409e-15	7.73609e-15	6.72283e-14	5.55408e-13	4.34357e-12	3.21004e-11	2.23777e-10	1.46865e-09	9.05553e-09	5.23386e-08	2.82871e-07	1.42584e-06	6.68389e-06	2.90482e-05	0.000116648	0.000431237	0.00146186	0.00452466	0.012728	0.0323843	
0.036235	0.0804589	0.160405	0.286387	0.457801	0.657593	0.856659	1.02815	1.16005	1.25404	1.3141	1.33935	1.32666	1.2758	1.19128	1.08074	0.952413	0.813811	0.67173	0.532119	0.399351	0.276096	0.16436	0.0657063	-0.0191935	-0.0899734	-0.146606	-0.189371	-0.218542	-0.234368	-0.237069	-0.226573	-0.202851	-0.165555	-0.114477	-0.049341	0.0299627	0.123144	0.229712	0.348609	0.477858	0.615125	0.756847	0.897647	1.03101	1.14966	1.24564	1.31079	1.33904	1.32869	1.28211	1.20183	1.08573	0.929781	0.739322	0.536039	0.350171	0.204937	0.10734	0.0504093	0.0212986	0.00812993	0.00281598	0.000888943	0.000256825	6.81763e-05	1.66902e-05	3.78101e-06	7.95136e-07	1.55681e-07	2.84555e-08	4.86766e-09	7.81105e-10	1.17834e-10	1.67449e-11	2.24571e-12	2.84741e-13	3.41889e-14	3.89502e-15	4.38585e-16	2.16505e-16	1.6374e-15	1.46363e-14	1.24471e-13	1.00305e-12	7.64685e-12	5.50566e-11	3.73686e-10	2.38629e-09	1.43069e-08	8.03508e-08	4.21696e-07	2.06267e-06	9.37674e-06	3.94939e-05	0.000153612	0.00054978	0.00180365	0.00540187	0.0147063	
0.0161018	0.0385167	0.083195	0.161821	0.283071	0.445814	0.635114	0.826175	0.995401	1.13007	1.22881	1.29479	1.32992	1.33418	1.3078	1.25313	1.17468	1.07809	0.969393	0.854695	0.739648	0.62873	0.525141	0.431295	0.348851	0.278822	0.221883	0.178359	0.1484	0.132068	0.129357	0.140284	0.164825	0.202969	0.254571	0.319409	0.396952	0.486346	0.586272	0.694604	0.808438	0.92389	1.03573	1.13794	1.22439	1.28922	1.32734	1.33546	1.31261	1.259	1.1737	1.05372	0.897659	0.713062	0.519823	0.343791	0.204937	0.109852	0.052978	0.0230402	0.00906599	0.00323977	0.00105555	0.000314764	8.62276e-05	2.17767e-05	5.08698e-06	1.10253e-06	2.2235e-07	4.1837e-08	7.36286e-09	1.2148e-09	1.88309e-10	2.74806e-11	3.7826e-12	4.91961e-13	6.05573e-14	7.06604e-15	7.82998e-16	8.57107e-17	4.17694e-17	3.25319e-16	2.98945e-15	2.61549e-14	2.17045e-13	1.70573e-12	1.26746e-11	8.88924e-11	5.87363e-10	3.64924e-09	2.12733e-08	1.16097e-07	5.91708e-07	2.80905e-06	1.23869e-05	5.05831e-05	0.000190675	0.000661201	0.0021016	0.00609945	
0.00651646	0.0167135	0.0389113	0.0820162	0.156249	0.269024	0.419571	0.595962	0.778026	0.945289	1.08437	1.19081	1.26579	1.312	1.33163	1.32649	1.29876	1.25141	1.18805	1.11282	1.03031	0.945052	0.861078	0.781701	0.709589	0.646721	0.594534	0.554026	0.525844	0.510375	0.507815	0.51818	0.541353	0.577011	0.624624	0.683356	0.75196	0.828704	0.911207	0.996384	1.08051	1.15922	1.22788	1.28211	1.31808	1.33254	1.32302	1.28764	1.22446	1.13091	1.00482	0.847838	0.669557	0.488203	0.325175	0.196487	0.10734	0.052978	0.0236507	0.00957265	0.00352348	0.00118336	0.000363885	0.000102802	2.67709e-05	6.44642e-06	1.43968e-06	2.99038e-07	5.79216e-08	1.04877e-08	1.77928e-09	2.83448e-10	4.24858e-11	6.00314e-12	8.0103e-13	1.01106e-13	1.20907e-14	1.37185e-15	1.47946e-16	1.57532e-17	7.57853e-18	6.07459e-17	5.73536e-16	5.15928e-15	4.40605e-14	3.56701e-13	2.7333e-12	1.97919e-11	1.35192e-10	8.69513e-10	5.25536e-09	2.97862e-08	1.57956e-07	7.81848e-07	3.60293e-06	1.54151e-05	6.10558e-05	0.000223181	0.000750462	0.00231354	
0.00240686	0.00658885	0.0164496	0.0373627	0.0770763	0.144325	0.245555	0.380839	0.541576	0.712258	0.875758	1.0188	1.13445	1.22124	1.28077	1.31579	1.32921	1.32392	1.30279	1.26868	1.22463	1.17387	1.1197	1.06522	1.01322	0.966098	0.925771	0.893739	0.871085	0.858518	0.856417	0.864839	0.883537	0.911933	0.949103	0.993721	1.04404	1.09785	1.1525	1.20501	1.25215	1.29062	1.3173	1.32926	1.32366	1.29762	1.24823	1.17264	1.06861	0.936085	0.779556	0.60981	0.442946	0.295881	0.180488	0.100117	0.0504093	0.0230402	0.00957265	0.00362336	0.00125287	0.000396919	0.000115566	3.10179e-05	7.69721e-06	1.77104e-06	3.78857e-07	7.55417e-08	1.40738e-08	2.45551e-09	4.02071e-10	6.19114e-11	8.98188e-12	1.22989e-12	1.59218e-13	1.95179e-14	2.26901e-15	2.50503e-16	2.63075e-17	2.72642e-18	1.29478e-18	1.0674e-17	1.03486e-16	9.56573e-16	8.40156e-15	7.00168e-14	5.52855e-13	4.12966e-12	2.9134e-11	1.93781e-10	1.21294e-09	7.13074e-09	3.92901e-08	2.02451e-07	9.73225e-07	4.35387e-06	1.80781e-05	6.94759e-05	0.000246406	0.000804077	
0.00081341	0.00236658	0.00630528	0.01535	0.0340896	0.0690084	0.127386	0.214857	0.332423	0.474636	0.63041	0.786243	0.930034	1.05355	1.15291	1.22764	1.27943	1.31103	1.32554	1.32605	1.31546	1.29649	1.27176	1.24377	1.21486	1.18712	1.16236	1.14208	1.12743	1.1192	1.11781	1.12333	1.13549	1.15364	1.17677	1.20352	1.23221	1.26084	1.28717	1.30876	1.32304	1.32731	1.31876	1.29438	1.25104	1.18577	1.09637	0.982291	0.845893	0.693614	0.536173	0.386923	0.258408	0.158619	0.0890644	0.0456219	0.0212986	0.00906599	0.00352348	0.00125287	0.000408576	0.000122525	3.38799e-05	8.66192e-06	2.05305e-06	4.52293e-07	9.28429e-08	1.77995e-08	3.19424e-09	5.37706e-10	8.50759e-11	1.26756e-11	1.78159e-12	2.36618e-13	2.97425e-14	3.54364e-15	4.00754e-16	4.3077e-17	4.4079e-18	4.44892e-19	2.08564e-19	1.76721e-18	1.75839e-17	1.66915e-16	1.50674e-15	1.29171e-14	1.05019e-13	8.08563e-13	5.88607e-12	4.04471e-11	2.61904e-10	1.5951e-09	9.11954e-09	4.88426e-08	2.44519e-07	1.1416e-06	4.95838e-06	1.99844e-05	7.45456e-05	0.000256659	
0.000252236	0.000776921	0.00219923	0.00570991	0.0135764	0.029537	0.0588032	0.107263	0.17977	0.278045	0.399259	0.5362	0.679034	0.817756	0.944213	1.0531	1.14197	1.21072	1.26082	1.29463	1.31489	1.32434	1.32557	1.32097	1.31269	1.30262	1.29238	1.28329	1.2764	1.27242	1.27174	1.27443	1.28022	1.28854	1.29847	1.30879	1.31801	1.32433	1.32571	1.31986	1.30426	1.27621	1.23296	1.17192	1.09119	0.990175	0.870283	0.735635	0.593296	0.452719	0.3241	0.215991	0.133112	0.0754777	0.0392428	0.0186746	0.00812993	0.00323977	0.00118336	0.000396919	0.000122525	3.48909e-05	9.18833e-06	2.2432e-06	5.08933e-07	1.07557e-07	2.12224e-08	3.91801e-09	6.78197e-10	1.10286e-10	1.68798e-11	2.43594e-12	3.32008e-13	4.28054e-14	5.22844e-15	6.05879e-16	6.67003e-17	6.98479e-18	6.96803e-19	6.85324e-20	3.17153e-20	2.76033e-19	2.81718e-18	2.74463e-17	2.54478e-16	2.24264e-15	1.87602e-14	1.48755e-13	1.11641e-12	7.91799e-12	5.29823e-11	3.33899e-10	1.9782e-09	1.09965e-08	5.72382e-08	2.78375e-07	1.26217e-06	5.32268e-06	2.08271e-05	7.54299e-05	
7.19792e-05	0.00023388	0.000700577	0.00193112	0.0048914	0.0113747	0.0242818	0.0476234	0.0859887	0.143416	0.221986	0.320752	0.435577	0.559956	0.686436	0.808047	0.919301	1.01663	1.09835	1.16437	1.21573	1.25414	1.28165	1.30036	1.3123	1.31928	1.32288	1.32438	1.3248	1.32481	1.3248	1.32483	1.32465	1.32368	1.32107	1.31562	1.30588	1.29012	1.2664	1.23261	1.18667	1.12669	1.05132	0.960129	0.854125	0.736091	0.610772	0.484631	0.365084	0.259201	0.172222	0.106418	0.0608344	0.0320485	0.0155201	0.00690022	0.00281598	0.00105555	0.000363885	0.000115566	3.38799e-05	9.18833e-06	2.31038e-06	5.39838e-07	1.17474e-07	2.38597e-08	4.53257e-09	8.0697e-10	1.3491e-10	2.12181e-11	3.1449e-12	4.40018e-13	5.82081e-14	7.29125e-15	8.66057e-16	9.76802e-17	1.04747e-17	1.06927e-18	1.04054e-19	9.9783e-21	4.55854e-21	4.07283e-20	4.26125e-19	4.25839e-18	4.0529e-17	3.66917e-16	3.15573e-15	2.57503e-14	1.99068e-13	1.45585e-12	1.00565e-11	6.55059e-11	4.01666e-10	2.31425e-09	1.25052e-08	6.32465e-08	2.98776e-07	1.31548e-06	5.38631e-06	2.0464e-05	
1.89569e-05	6.47708e-05	0.000204573	0.000596275	0.00160173	0.00396175	0.00902055	0.0189175	0.0365964	0.0654773	0.108754	0.168493	0.244879	0.33593	0.437796	0.54549	0.653771	0.757912	0.854205	0.940177	1.01457	1.07713	1.12838	1.16933	1.20123	1.22542	1.24316	1.25557	1.26353	1.26768	1.26836	1.26563	1.25927	1.24874	1.23326	1.2118	1.18315	1.14599	1.09901	1.04107	0.971432	0.890001	0.797602	0.696211	0.589051	0.480487	0.375634	0.279688	0.197059	0.130547	0.0808367	0.0465446	0.0248161	0.0122146	0.00553953	0.0023128	0.000888943	0.000314764	0.000102802	3.10179e-05	8.66192e-06	2.2432e-06	5.39838e-07	1.20978e-07	2.52979e-08	4.9463e-09	9.06027e-10	1.55772e-10	2.51832e-11	3.83495e-12	5.51007e-13	7.4815e-14	9.61409e-15	1.17095e-15	1.35354e-16	1.48686e-17	1.55408e-18	1.54736e-19	1.46965e-20	1.37489e-21	6.20081e-22	5.68376e-21	6.09304e-20	6.24218e-19	6.09464e-18	5.66447e-17	5.00544e-16	4.19991e-15	3.34172e-14	2.51777e-13	1.79364e-12	1.20629e-11	7.64631e-11	4.56029e-10	2.55444e-09	1.34136e-08	6.59031e-08	3.02344e-07	1.29254e-06	5.13844e-06	
4.62083e-06	1.65542e-05	5.4952e-05	0.000168759	0.000478846	0.00125426	0.0030317	0.00676444	0.0139482	0.0266343	0.0472409	0.0781396	0.121108	0.176828	0.244614	0.322454	0.40734	0.495743	0.584115	0.669289	0.74874	0.820691	0.884089	0.938504	0.983971	1.02084	1.04963	1.07091	1.08518	1.09284	1.09411	1.08903	1.07745	1.05905	1.03333	0.999767	0.957796	0.906988	0.84716	0.778537	0.701907	0.618749	0.531295	0.442477	0.355733	0.274657	0.202529	0.141812	0.0937467	0.0581844	0.033734	0.0181913	0.00909315	0.00420308	0.00179386	0.000706519	0.000256825	8.62276e-05	2.67709e-05	7.69721e-06	2.05305e-06	5.08933e-07	1.17474e-07	2.52979e-08	5.09238e-09	9.59993e-10	1.69795e-10	2.82269e-11	4.41799e-12	6.52113e-13	9.09159e-14	1.19903e-14	1.498e-15	1.77534e-16	1.99852e-17	2.13959e-18	2.18104e-19	2.11934e-20	1.96563e-21	1.79493e-22	7.99208e-23	7.51128e-22	8.24602e-21	8.65573e-20	8.66468e-19	8.2623e-18	7.49618e-17	6.46304e-16	5.2885e-15	4.10146e-14	3.01052e-13	2.08832e-12	1.36687e-11	8.4281e-11	4.88729e-10	2.66058e-09	1.35727e-08	6.47616e-08	2.88471e-07	1.19724e-06	
1.04533e-06	3.91644e-06	1.36246e-05	4.39442e-05	0.000131247	0.000362657	0.000926684	0.00219007	0.00479112	0.00971803	0.0183213	0.0322115	0.053028	0.0821224	0.120246	0.16734	0.222486	0.284023	0.349775	0.417336	0.484331	0.54863	0.608471	0.662515	0.709831	0.749839	0.782232	0.806893	0.82381	0.833019	0.834555	0.828423	0.814599	0.793042	0.763738	0.726752	0.682305	0.630858	0.573193	0.510481	0.444318	0.376697	0.309919	0.246406	0.188461	0.137985	0.0962156	0.0635595	0.0395727	0.0231089	0.0126024	0.006395	0.00301111	0.00131302	0.000529659	0.000197581	6.81763e-05	2.17767e-05	6.44642e-06	1.77104e-06	4.52293e-07	1.07557e-07	2.38597e-08	4.9463e-09	9.59993e-10	1.74743e-10	2.98831e-11	4.80922e-12	7.29547e-13	1.04481e-13	1.41473e-14	1.81379e-15	2.20482e-16	2.54449e-17	2.79135e-18	2.91427e-19	2.89899e-20	2.75066e-21	2.49254e-22	2.22282e-23	9.77175e-24	9.41138e-23	1.05754e-21	1.1368e-20	1.16608e-19	1.14012e-18	1.06136e-17	9.39625e-17	7.90109e-16	6.30229e-15	4.7621e-14	3.40387e-13	2.29814e-12	1.46333e-11	8.77337e-11	4.94456e-10	2.61504e-09	1.29554e-08	6.00152e-08	2.59491e-07	
2.20039e-07	8.60155e-07	3.12783e-06	1.05653e-05	3.31109e-05	9.61861e-05	0.000258873	0.000645484	0.00149199	0.00320099	0.0063873	0.011887	0.0207038	0.0338856	0.0523489	0.0766961	0.107074	0.143111	0.183937	0.228286	0.274635	0.321356	0.36686	0.409695	0.448618	0.482617	0.510914	0.532938	0.548297	0.556746	0.558159	0.552516	0.539898	0.5205	0.494653	0.46285	0.425784	0.384372	0.339766	0.293341	0.246641	0.201294	0.158885	0.120801	0.0880851	0.0613166	0.0405533	0.0253613	0.0149284	0.00823582	0.0042426	0.00203455	0.000906179	0.000374287	0.000143248	5.0791e-05	1.66902e-05	5.08698e-06	1.43968e-06	3.78857e-07	9.28429e-08	2.12224e-08	4.53257e-09	9.06027e-10	1.69795e-10	2.98831e-11	4.94713e-12	7.71621e-13	1.13565e-13	1.57952e-14	2.07903e-15	2.59329e-16	3.06948e-17	3.45183e-18	3.69255e-19	3.76181e-20	3.65376e-21	3.38699e-22	3.00009e-23	2.61417e-24	1.13471e-24	1.11934e-23	1.2868e-22	1.41581e-21	1.48732e-20	1.49021e-19	1.42254e-18	1.29229e-17	1.11588e-16	9.14738e-16	7.10935e-15	5.23152e-14	3.63978e-13	2.39073e-12	1.48023e-11	8.62547e-11	4.72258e-10	2.42544e-09	1.16648e-08	5.24437e-08	
4.32054e-08	1.75848e-07	6.66862e-07	2.35307e-06	7.71646e-06	2.34956e-05	6.63875e-05	0.000174043	0.000423505	0.000957461	0.00201445	0.00395341	0.00725859	0.0125121	0.0203293	0.0312661	0.0457175	0.0638316	0.0854589	0.110147	0.137174	0.165618	0.194437	0.222553	0.248924	0.2726	0.292764	0.308749	0.320049	0.326318	0.327368	0.32317	0.313847	0.299681	0.281113	0.258747	0.233343	0.2058	0.17713	0.148404	0.120688	0.0949639	0.0720421	0.0524893	0.0365777	0.0242745	0.0152743	0.00907342	0.00506752	0.00265106	0.00129496	0.000589102	0.00024912	9.78114e-05	3.56357e-05	1.20474e-05	3.78101e-06	1.10253e-06	2.99038e-07	7.55417e-08	1.77995e-08	3.91801e-09	8.0697e-10	1.55772e-10	2.82269e-11	4.80922e-12	7.71621e-13	1.16765e-13	1.66893e-14	2.25631e-15	2.8893e-16	3.50905e-17	4.04704e-18	4.43777e-19	4.63206e-20	4.60732e-21	4.3717e-22	3.96118e-23	3.43137e-24	2.92291e-25	1.25279e-25	1.26511e-24	1.48725e-23	1.67407e-22	1.80012e-21	1.84725e-20	1.80713e-19	1.6835e-18	1.49176e-17	1.2558e-16	1.00309e-15	7.59259e-15	5.43845e-14	3.68115e-13	2.35113e-12	1.41481e-11	8.00883e-11	4.2579e-10	2.12261e-09	9.90573e-09	
7.93206e-09	3.35493e-08	1.32406e-07	4.86943e-07	1.66681e-06	5.30541e-06	1.56928e-05	4.31234e-05	0.000110115	0.000261463	0.000578071	0.00119232	0.00230008	0.00416254	0.00709186	0.0114183	0.0174429	0.0253838	0.0353288	0.0472033	0.0607601	0.0755911	0.0911578	0.106835	0.121957	0.135866	0.147953	0.157689	0.164653	0.168544	0.169198	0.166585	0.160818	0.152143	0.140935	0.127682	0.112965	0.0974277	0.081737	0.0665405	0.0524171	0.0398315	0.029098	0.02036	0.0135919	0.00862229	0.00517668	0.00293001	0.00155772	0.00077536	0.00036035	0.000156035	6.28541e-05	2.35323e-05	8.18576e-06	2.6459e-06	7.95136e-07	2.2235e-07	5.79216e-08	1.40738e-08	3.19424e-09	6.78197e-10	1.3491e-10	2.51832e-11	4.41799e-12	7.29547e-13	1.13565e-13	1.66893e-14	2.31868e-15	3.04965e-16	3.80223e-17	4.49941e-18	5.05977e-19	5.41343e-20	5.51655e-21	5.36023e-22	4.97128e-23	4.40506e-24	3.73349e-25	3.11037e-26	1.31651e-26	1.36031e-25	1.63456e-24	1.88141e-23	2.06978e-22	2.1742e-21	2.17852e-20	2.07993e-19	1.89007e-18	1.63284e-17	1.33944e-16	1.042e-15	7.67736e-15	5.35008e-14	3.5213e-13	2.18578e-12	1.27768e-11	7.0224e-11	3.62342e-10	1.75245e-09	
1.3646e-09	5.98757e-09	2.45463e-08	9.3895e-08	3.34745e-07	1.11117e-06	3.43191e-06	9.85872e-06	2.63421e-05	6.55005e-05	0.000151723	0.000327914	0.000662669	0.00125549	0.00223689	0.00376077	0.00598803	0.00906313	0.0130876	0.0180959	0.0240382	0.0307733	0.038074	0.0456416	0.0531291	0.0601679	0.0663964	0.0714861	0.0751649	0.0772344	0.0775824	0.0761902	0.0731331	0.0685762	0.0627641	0.0560055	0.0486516	0.0410716	0.0336247	0.0266319	0.0203514	0.0149598	0.0105432	0.0070992	0.00455036	0.00276607	0.00158875	0.000859208	0.000436098	0.000207152	9.18761e-05	3.79798e-05	1.46156e-05	5.23239e-06	1.74234e-06	5.39787e-07	1.55681e-07	4.1837e-08	1.04877e-08	2.45551e-09	5.37706e-10	1.10286e-10	2.12181e-11	3.83495e-12	6.52113e-13	1.04481e-13	1.57952e-14	2.25631e-15	3.04965e-16	3.90526e-17	4.74408e-18	5.47376e-19	6.00572e-20	6.27307e-21	6.24458e-22	5.93045e-23	5.37858e-24	4.66296e-25	3.86841e-26	3.15337e-27	1.31818e-27	1.39298e-26	1.71014e-25	2.01192e-24	2.26339e-23	2.43256e-22	2.4951e-21	2.43999e-20	2.27244e-19	2.01333e-18	1.69491e-17	1.35412e-16	1.02541e-15	7.35023e-15	4.98052e-14	3.18573e-13	1.92079e-12	1.09005e-11	5.81377e-11	2.90979e-10	
2.20445e-10	1.00187e-09	4.25913e-09	1.69147e-08	6.26816e-08	2.16528e-07	6.96724e-07	2.08725e-06	5.8212e-06	1.51184e-05	3.65931e-05	8.26506e-05	0.000174513	0.000345249	0.000641705	0.00112398	0.00186136	0.00292435	0.00437368	0.00624803	0.00855279	0.0112523	0.0142671	0.0174764	0.0207269	0.0238445	0.0266494	0.0289719	0.0306667	0.0316258	0.0317874	0.0311409	0.0297281	0.0276396	0.0250071	0.0219923	0.0187728	0.0155269	0.0124179	0.00958075	0.00711206	0.00506493	0.00344962	0.00223948	0.00138107	0.000806261	0.00044409	0.000230054	0.000111768	5.08007e-05	2.15594e-05	8.53072e-06	3.14421e-06	1.07899e-06	3.44746e-07	1.02593e-07	2.84555e-08	7.36286e-09	1.77928e-09	4.02071e-10	8.50759e-11	1.68798e-11	3.1449e-12	5.51007e-13	9.09159e-14	1.41473e-14	2.07903e-15	2.8893e-16	3.80223e-17	4.74408e-18	5.6191e-19	6.32557e-20	6.77555e-21	6.91319e-22	6.72605e-23	6.24639e-24	5.54254e-25	4.70332e-26	3.8209e-27	3.04887e-28	1.25882e-28	1.35988e-27	1.70503e-26	2.04938e-25	2.35656e-24	2.59e-23	2.71809e-22	2.72105e-21	2.59575e-20	2.35704e-19	2.03496e-18	1.66848e-17	1.29756e-16	9.55918e-16	6.66246e-15	4.38711e-14	2.72551e-13	1.59524e-12	8.78379e-12	4.54343e-11	
3.35064e-11	1.57501e-10	6.93256e-10	2.85367e-09	1.09725e-08	3.93696e-08	1.31709e-07	4.10612e-07	1.19263e-06	3.22772e-06	8.14421e-06	1.91781e-05	4.22097e-05	8.69989e-05	0.00016832	0.000306514	0.000526921	0.000857782	0.00132656	0.00195506	0.00275421	0.00371949	0.00482795	0.00603773	0.00729004	0.00851379	0.00963198	0.0105692	0.0112593	0.0116521	0.0117183	0.0114531	0.0108762	0.0100299	0.00897483	0.00778359	0.00653349	0.00529882	0.00414394	0.00311786	0.00225113	0.00155537	0.00102532	0.000642863	0.000382143	0.000214687	0.000113641	5.65188e-05	2.63446e-05	1.14848e-05	4.67494e-06	1.77477e-06	6.27945e-07	2.07015e-07	6.35973e-08	1.82154e-08	4.86766e-09	1.2148e-09	2.83448e-10	6.19114e-11	1.26756e-11	2.43594e-12	4.40018e-13	7.4815e-14	1.19903e-14	1.81379e-15	2.59329e-16	3.50905e-17	4.49941e-18	5.47376e-19	6.32557e-20	6.95177e-21	7.2737e-22	7.2534e-23	6.90083e-24	6.26991e-25	5.44545e-26	4.52496e-27	3.60113e-28	2.81399e-29	1.14766e-29	1.26687e-28	1.62159e-27	1.99048e-26	2.33848e-25	2.62707e-24	2.81944e-23	2.88789e-22	2.82023e-21	2.62309e-20	2.32107e-19	1.95168e-18	1.55762e-17	1.17844e-16	8.44108e-16	5.71688e-15	3.65599e-14	2.20464e-13	1.25183e-12	6.68363e-12	
4.80052e-12	2.33088e-11	1.06077e-10	4.51898e-10	1.79999e-09	6.69666e-09	2.32504e-08	7.52859e-08	2.27276e-07	6.39654e-07	1.67898e-06	4.11331e-06	9.41701e-06	2.01801e-05	4.05609e-05	7.66487e-05	0.000136543	0.000229951	0.000367179	0.000557537	0.00080736	0.00111801	0.00148425	0.00189347	0.00232588	0.00275593	0.00315466	0.00349273	0.00374375	0.00388735	0.0039116	0.00381447	0.00360406	0.00329762	0.00291951	0.00249829	0.00206344	0.00164224	0.00125697	0.000923193	0.000649047	0.000435626	0.000278341	0.000168807	9.68882e-05	5.24756e-05	2.67461e-05	1.27965e-05	5.73469e-06	2.40294e-06	9.40162e-07	3.43159e-07	1.16792e-07	3.70609e-08	1.09678e-08	3.02879e-09	7.81105e-10	1.88309e-10	4.24858e-11	8.98188e-12	1.78159e-12	3.32008e-13	5.82081e-14	9.61409e-15	1.498e-15	2.20482e-16	3.06948e-17	4.04704e-18	5.05977e-19	6.00572e-20	6.77555e-21	7.2737e-22	7.43816e-23	7.25314e-24	6.75105e-25	6.0037e-26	5.10588e-27	4.15635e-28	3.24165e-29	2.48159e-30	9.99841e-31	1.12734e-29	1.47257e-28	1.84524e-27	2.21394e-26	2.54114e-25	2.78767e-24	2.92005e-23	2.91771e-22	2.77812e-21	2.51795e-20	2.16994e-19	1.77602e-18	1.37889e-17	1.01427e-16	7.05937e-16	4.64295e-15	2.88175e-14	1.68562e-13	9.27905e-13	
6.4944e-13	3.25331e-12	1.52883e-11	6.73118e-11	2.77339e-10	1.06821e-09	3.84265e-09	1.29013e-08	4.04073e-08	1.18045e-07	3.21717e-07	8.1844e-07	1.94538e-06	4.32637e-06	9.01787e-06	1.76545e-05	3.25392e-05	5.6608e-05	9.3205e-05	0.000145639	0.000216552	0.000307199	0.000416777	0.000541977	0.000676886	0.000813321	0.00094158	0.00105152	0.00113381	0.00118111	0.00118911	0.00115706	0.00108791	0.000987898	0.000865691	0.000731267	0.000594649	0.000464736	0.000348408	0.000250019	0.000171331	0.000111834	6.93466e-05	4.0738e-05	2.26106e-05	1.18254e-05	5.81359e-06	2.68066e-06	1.15716e-06	4.66931e-07	1.75933e-07	6.18558e-08	2.02876e-08	6.20761e-09	1.77267e-09	4.72738e-10	1.17834e-10	2.74806e-11	6.00314e-12	1.22989e-12	2.36618e-13	4.28054e-14	7.29125e-15	1.17095e-15	1.77534e-16	2.54449e-17	3.45183e-18	4.43777e-19	5.41343e-20	6.27307e-21	6.91319e-22	7.2534e-23	7.25314e-24	6.91945e-25	6.30379e-26	5.48939e-27	4.57332e-28	3.64839e-29	2.78961e-30	2.09291e-31	8.33123e-32	9.59112e-31	1.27804e-29	1.63425e-28	2.00168e-27	2.34638e-26	2.6299e-25	2.81587e-24	2.87738e-23	2.80319e-22	2.60091e-21	2.29584e-20	1.9258e-19	1.5333e-18	1.15735e-17	8.27152e-17	5.59023e-16	3.56804e-15	2.14786e-14	1.21779e-13	
8.30989e-14	4.28999e-13	2.07926e-12	9.4495e-12	4.02196e-11	1.60149e-10	5.96015e-10	2.07156e-09	6.72062e-09	2.03455e-08	5.74758e-08	1.51573e-07	3.73423e-07	8.60417e-07	1.85691e-06	3.76042e-06	7.16076e-06	1.28519e-05	2.17935e-05	3.50058e-05	5.33947e-05	7.75292e-05	0.000107411	0.000142289	0.000180582	0.000219932	0.000257417	0.000289887	0.000314374	0.000328518	0.000330913	0.000321316	0.000300688	0.000271047	0.000235168	0.00019618	0.000157142	0.000120671	8.86706e-05	6.22201e-05	4.15979e-05	2.64335e-05	1.59254e-05	9.07344e-06	4.87656e-06	2.46648e-06	1.17142e-06	5.2142e-07	2.17173e-07	8.45349e-08	3.07261e-08	1.04236e-08	3.30001e-09	9.75195e-10	2.69127e-10	6.94102e-11	1.67449e-11	3.7826e-12	8.0103e-13	1.59218e-13	2.97425e-14	5.22844e-15	8.66057e-16	1.35354e-16	1.99852e-17	2.79135e-18	3.69255e-19	4.63206e-20	5.51655e-21	6.24458e-22	6.72605e-23	6.90083e-24	6.75105e-25	6.30379e-26	5.62349e-27	4.79713e-28	3.91664e-29	3.06317e-30	2.29696e-31	1.68952e-32	6.64545e-33	7.80838e-32	1.06106e-30	1.38405e-29	1.72993e-28	2.07014e-27	2.36965e-26	2.5923e-25	2.70765e-24	2.69759e-23	2.56089e-22	2.31406e-21	1.98816e-20	1.62226e-19	1.25566e-18	9.20829e-18	6.38992e-17	4.1905e-16	2.59372e-15	1.51319e-14	
