0.00446069	0.00310193	0.00518621	-0.001106	-0.00738667	0.00178165	0.000855923	-0.00708938	-3.03827e-05	-0.000284662	0.00240738	-0.00262479	-0.000743445	0.00752459	-0.00280686	-0.00183631	0.00600036	-0.00145096	-0.00170002	-0.00415394	0.00083164	0.00283567	-0.00804373	-0.00643572	-0.00221369	0.00440121	-0.00609978	-0.00973884	-0.00835865	-0.00401217	0.00508469	-0.0014558	-0.0104676	-0.0240495	-0.0118835	-0.00352157	0.00852059	0.00679509	-0.00201889	-0.0261781	-0.0564038	-0.0726737	-0.072297	-0.0597603	-0.032908	-0.00151608	0.0508862	0.0925651	0.126278	0.143478	0.142943	0.143344	0.125001	0.0940487	0.0487781	-0.00395993	-0.0524518	-0.0782814	-0.0907892	-0.0876643	-0.0685792	-0.0551407	-0.0373516	-0.02407	-0.0134706	-0.00052544	-0.00234978	-0.00483433	0.000781518	0.00335478	-0.000778758	-0.00335487	0.00175265	-0.00147649	-0.0119186	-0.0145806	-0.0230955	-0.0431925	-0.0616531	-0.0766879	-0.0876684	-0.0900701	-0.075293	-0.032075	0.0259353	0.0723368	0.106465	0.135341	0.151647	0.1525	0.140143	0.110783	0.069512	0.031992	0.0014386	-0.0302011	-0.0614391	-0.0807073	-0.0779286	-0.0488271	
0.00310193	-0.0135256	-0.00372327	0.0060899	-0.00193592	0.00285384	0.00498022	-0.00294408	0.00236454	-0.00129893	-0.00193189	-0.00494011	-0.0016895	0.000701091	-0.00979612	-0.00578833	0.00248848	-0.00189522	-0.00737029	-0.00431248	0.00162716	0.00603465	-0.00942513	-0.00876922	0.00244245	0.0106516	-0.00599783	-0.0119999	-0.0111349	0.000424322	0.0113662	0.00434074	-0.0186549	-0.0365725	-0.019786	0.00026498	0.0189581	0.0159985	-0.00322735	-0.0523126	-0.110066	-0.142671	-0.145023	-0.117034	-0.0717903	-0.00129388	0.0929812	0.18021	0.246752	0.280101	0.28753	0.286851	0.252636	0.193741	0.101893	-0.00895992	-0.0999084	-0.162608	-0.190128	-0.173306	-0.142265	-0.109778	-0.06474	-0.039412	-0.027719	-0.0129062	-0.00682546	-0.0019108	0.000508688	0.0017397	0.00126585	-0.0021395	0.000682737	-0.00696133	-0.0220331	-0.0270509	-0.0470535	-0.0869782	-0.122363	-0.151757	-0.17425	-0.178824	-0.147948	-0.063652	0.0482478	0.141164	0.211626	0.269154	0.300888	0.302564	0.278126	0.221317	0.141736	0.0671727	0.00414467	-0.0598438	-0.120896	-0.157879	-0.15201	-0.0950746	
0.00518621	-0.00372327	0.00312841	0.00358994	-0.00472837	-0.00544418	0.000651906	-0.00457891	-0.00182161	0.00541546	-0.00203411	-0.00587095	0.000890614	0.00497994	-0.00737003	-0.00313268	0.00270086	-0.00122137	-0.00895724	-0.0059999	0.000346347	0.00122958	-0.013192	-0.0157764	0.000918159	0.00445126	-0.0117024	-0.0213845	-0.0182176	-0.00366777	0.0073859	-0.000755885	-0.0343169	-0.0503795	-0.0335828	-0.00099576	0.0184644	0.0165176	-0.0156224	-0.0856346	-0.163247	-0.210568	-0.208968	-0.167872	-0.0977989	0.0113654	0.146084	0.275897	0.371933	0.417099	0.432531	0.420433	0.369106	0.278901	0.138419	-0.0165462	-0.149823	-0.239748	-0.272652	-0.253631	-0.208893	-0.159171	-0.102811	-0.065914	-0.0435329	-0.0177337	-0.00588884	-0.00295349	0.0012544	0.00309798	-0.00181436	-0.00399096	0.00193493	-0.00925609	-0.031014	-0.0434499	-0.0736559	-0.12728	-0.179399	-0.225877	-0.259982	-0.263974	-0.215008	-0.0947671	0.0637314	0.203624	0.313932	0.399491	0.445283	0.447943	0.412176	0.331527	0.21882	0.108006	0.00937317	-0.087907	-0.176168	-0.22806	-0.218446	-0.136119	
-0.001106	0.0060899	0.00358994	-0.00788413	-0.00244696	0.00298252	-0.00127843	-0.00095098	-0.00517347	-0.00418245	-0.00087271	-0.00312969	0.000483142	-0.000988189	-0.00677885	-0.00105141	0.00022614	-0.00445327	-0.00687065	-0.00667376	-5.573e-05	-0.00344442	-0.0125205	-0.0144207	-0.000117151	0.000138281	-0.0139641	-0.0230452	-0.0186196	-0.00463427	0.00479569	-0.00773489	-0.0420071	-0.0566426	-0.0377858	-0.00108822	0.0183853	0.0135878	-0.0333764	-0.11912	-0.213161	-0.269689	-0.264946	-0.2131	-0.114884	0.0271396	0.199783	0.368039	0.485523	0.551411	0.568561	0.548221	0.482632	0.35495	0.174786	-0.0215793	-0.197939	-0.311654	-0.350189	-0.335938	-0.279111	-0.206826	-0.143534	-0.090769	-0.0465087	-0.0196534	-0.0132407	-0.00809772	-0.000607714	0.00272227	0.0030231	7.47094e-06	-0.00524932	-0.0168159	-0.0343605	-0.0584748	-0.103343	-0.166414	-0.233084	-0.297316	-0.342652	-0.343646	-0.275517	-0.125906	0.0709798	0.257967	0.411071	0.523658	0.582436	0.586775	0.541202	0.441554	0.301845	0.155707	0.0183935	-0.112566	-0.224653	-0.287911	-0.273569	-0.169335	
-0.00738667	-0.00193592	-0.00472837	-0.00244696	0.00608314	0.00190376	-0.00688728	0.00257673	8.58722e-05	-0.00441183	-0.000599756	-0.00482338	-0.00468154	-0.00776569	-0.00400496	-0.00363662	-0.00746213	-0.0066457	-0.00420808	-0.00638717	-0.00288422	-0.00819241	-0.00830819	-0.00984827	-0.00245004	-0.00560609	-0.0141017	-0.0200231	-0.0161733	-0.00482735	-0.00160225	-0.0160639	-0.0457139	-0.0547705	-0.0372625	-0.00140175	0.0141832	0.00318379	-0.0591315	-0.155553	-0.259894	-0.319653	-0.31372	-0.247982	-0.124273	0.0509819	0.255471	0.45581	0.594879	0.679126	0.70069	0.671107	0.587554	0.423703	0.206375	-0.0326121	-0.244753	-0.381859	-0.430822	-0.411715	-0.341155	-0.251009	-0.174751	-0.107953	-0.06097	-0.038633	-0.0185271	-0.00084922	0.00230744	-0.000134099	0.00206941	-0.000224062	-0.00945869	-0.0192984	-0.0394077	-0.0780717	-0.132197	-0.202002	-0.284836	-0.365936	-0.419788	-0.415733	-0.329508	-0.15768	0.0702818	0.303375	0.499978	0.638335	0.710049	0.717681	0.664903	0.551594	0.39047	0.210067	0.0325639	-0.131071	-0.263276	-0.334205	-0.313972	-0.192279	
0.00178165	0.00285384	-0.00544418	0.00298252	0.00190376	-0.00926783	-0.00450821	0.00158911	-0.00209784	-0.00409447	-0.00205812	-0.000279804	-0.00591197	-0.00513641	0.00166883	-0.00532576	-0.0100342	-0.0053324	-0.00436074	-0.00700475	-0.0113555	-0.0135107	-0.00808622	-0.00929793	-0.012228	-0.0175613	-0.016949	-0.0206495	-0.0169756	-0.0129726	-0.0166876	-0.0311135	-0.0500359	-0.0524923	-0.0386842	-0.0101265	-6.50037e-05	-0.0232786	-0.0953503	-0.199803	-0.302054	-0.361409	-0.350332	-0.26733	-0.11736	0.0895009	0.323546	0.543463	0.708537	0.799906	0.825891	0.782697	0.66979	0.475632	0.222591	-0.0505094	-0.286001	-0.438491	-0.498343	-0.476219	-0.396213	-0.30077	-0.212548	-0.128553	-0.0768658	-0.047637	-0.0156603	-0.0015626	-0.00278946	-0.000928705	0.00373776	-1.99373e-05	-0.012469	-0.022822	-0.0476154	-0.0979749	-0.15896	-0.236139	-0.334691	-0.430224	-0.489709	-0.478964	-0.377467	-0.190154	0.0633417	0.339532	0.577072	0.739938	0.826014	0.839805	0.783616	0.661523	0.482838	0.269702	0.0534168	-0.139901	-0.288512	-0.363765	-0.336704	-0.203003	
0.000855923	0.00498022	0.000651906	-0.00127843	-0.00688728	-0.00450821	0.000924167	0.000587741	-0.00579509	-0.00931047	-0.00103302	0.00206926	-0.00763093	-0.00822339	0.00324022	-0.00835415	-0.0107047	-0.00571328	-0.00419109	-0.00729599	-0.0164454	-0.0145435	-0.00438848	-0.0074041	-0.0203638	-0.0240695	-0.0153397	-0.0166473	-0.0153148	-0.0215295	-0.0306864	-0.0432683	-0.0455082	-0.0450521	-0.0353527	-0.0208438	-0.0194731	-0.0568557	-0.13771	-0.240515	-0.337358	-0.388841	-0.372861	-0.271437	-0.096305	0.136377	0.391602	0.628126	0.809667	0.913683	0.93862	0.880729	0.74154	0.514867	0.232882	-0.0677788	-0.32298	-0.491547	-0.55795	-0.533461	-0.452937	-0.345478	-0.24458	-0.156553	-0.0908724	-0.0468233	-0.0182589	-0.0106162	-0.00646496	0.00183434	0.00748779	-0.000108847	-0.0184373	-0.0290436	-0.0551755	-0.115058	-0.185362	-0.271364	-0.382321	-0.488216	-0.550351	-0.533031	-0.420845	-0.222464	0.0531641	0.366202	0.63857	0.825136	0.928619	0.952745	0.89782	0.770413	0.575859	0.332685	0.0826846	-0.135176	-0.296537	-0.373435	-0.339506	-0.20043	
-0.00708938	-0.00294408	-0.00457891	-0.00095098	0.00257673	0.00158911	0.000587741	-0.0049635	-0.00706404	-0.0022018	-0.000892737	-0.00838851	-0.0127002	-0.0064879	-0.000316655	-0.0109674	-0.0130733	-0.0041336	-0.00403703	-0.00865122	-0.0178419	-0.0129858	0.000122239	-0.00874266	-0.0264917	-0.0257024	-0.0125957	-0.010784	-0.016684	-0.0299063	-0.04569	-0.0479491	-0.0379184	-0.0326388	-0.0341067	-0.0334465	-0.0477548	-0.097864	-0.183598	-0.278658	-0.362312	-0.404444	-0.378005	-0.25902	-0.0613434	0.19292	0.459234	0.709344	0.902157	1.01556	1.03881	0.962813	0.796171	0.54455	0.234891	-0.0834501	-0.352966	-0.539979	-0.611562	-0.588552	-0.506759	-0.385331	-0.26977	-0.175918	-0.106207	-0.0589767	-0.0289625	-0.013644	0.000684592	0.00701861	0.00122593	-0.00745981	-0.016947	-0.0298697	-0.0684579	-0.134756	-0.208713	-0.305194	-0.428316	-0.539709	-0.600452	-0.578495	-0.460529	-0.252265	0.0427404	0.382564	0.681323	0.891643	1.0167	1.05623	1.00737	0.876157	0.665901	0.397357	0.1222	-0.113227	-0.283499	-0.360152	-0.321062	-0.184635	
-3.03827e-05	0.00236454	-0.00182161	-0.00517347	8.58722e-05	-0.00209784	-0.00579509	-0.00706404	0.00105971	0.000845833	-0.00882286	-0.00610594	-0.0035812	-0.00223838	-0.00902507	-0.011688	-0.0107397	-0.00645911	-0.0110041	-0.014633	-0.0220199	-0.0121961	-0.00686257	-0.0165448	-0.0352048	-0.0270192	-0.0149146	-0.011631	-0.0253986	-0.0445673	-0.0609725	-0.0521381	-0.0316679	-0.0280483	-0.0401178	-0.0600059	-0.0888093	-0.154721	-0.234415	-0.3195	-0.381333	-0.411019	-0.367936	-0.229889	-0.01035	0.25792	0.535654	0.789525	0.995487	1.11123	1.12604	1.03068	0.830307	0.554871	0.224799	-0.104849	-0.38394	-0.57352	-0.65175	-0.633283	-0.545821	-0.42524	-0.30551	-0.201138	-0.11904	-0.066098	-0.0361955	-0.0127698	0.00306007	0.000414538	-0.00431375	-0.0022282	-0.012911	-0.0416887	-0.0855291	-0.14708	-0.230084	-0.342462	-0.471389	-0.581782	-0.640847	-0.617605	-0.49558	-0.276047	0.0336233	0.387306	0.703894	0.938759	1.0896	1.1496	1.11072	0.975465	0.749769	0.46304	0.17366	-0.0711692	-0.245908	-0.321235	-0.281193	-0.156907	
-0.000284662	-0.00129893	0.00541546	-0.00418245	-0.00441183	-0.00409447	-0.00931047	-0.0022018	0.000845833	-0.00520689	-0.0118641	-0.000581603	-0.00172218	-0.00890506	-0.0116151	-0.00775571	-0.00509659	-0.0123209	-0.0130788	-0.0163057	-0.0165878	-0.0112293	-0.0141254	-0.0235992	-0.0339128	-0.0259938	-0.01525	-0.0174136	-0.0339268	-0.0595556	-0.0669072	-0.0513295	-0.0238317	-0.0271493	-0.0509456	-0.0910316	-0.138378	-0.210347	-0.28272	-0.346677	-0.387752	-0.397788	-0.334854	-0.180689	0.0570873	0.32929	0.611392	0.865949	1.07551	1.19078	1.19415	1.07388	0.850362	0.552181	0.210811	-0.121452	-0.408512	-0.59988	-0.686074	-0.670113	-0.583109	-0.461011	-0.332247	-0.227311	-0.138808	-0.0754299	-0.0387673	-0.0115158	-0.00132962	-0.00355586	-0.000869759	0.000107916	-0.0191282	-0.0542249	-0.0943373	-0.15722	-0.257301	-0.380558	-0.507037	-0.615354	-0.674618	-0.650895	-0.523202	-0.291397	0.0253725	0.379776	0.707283	0.967395	1.14703	1.23121	1.20441	1.06436	0.825676	0.530369	0.238337	-0.00731502	-0.181175	-0.25492	-0.220937	-0.119469	
0.00240738	-0.00193189	-0.00203411	-0.00087271	-0.000599756	-0.00205812	-0.00103302	-0.000892737	-0.00882286	-0.0118641	-0.0113778	-0.00425759	-0.00616235	-0.0158496	-0.0111187	-0.00354076	-0.00692343	-0.0149277	-0.0143949	-0.0119316	-0.00939637	-0.0128801	-0.0213429	-0.0251197	-0.0255058	-0.022433	-0.0174417	-0.0238026	-0.0437453	-0.0659811	-0.0648985	-0.0424949	-0.0198207	-0.029117	-0.0689811	-0.126829	-0.192855	-0.263293	-0.322471	-0.36224	-0.379859	-0.365834	-0.281996	-0.11163	0.132807	0.406712	0.683088	0.936911	1.14245	1.25134	1.2388	1.0955	0.850785	0.539479	0.197173	-0.135553	-0.417517	-0.615402	-0.712157	-0.701407	-0.624343	-0.500051	-0.361822	-0.245606	-0.148155	-0.08495	-0.0438783	-0.0172712	-0.00954554	-0.000306156	0.00438229	-0.00423972	-0.0257377	-0.0604452	-0.102521	-0.173783	-0.286163	-0.412352	-0.536348	-0.644771	-0.703345	-0.676758	-0.540551	-0.29803	0.0162204	0.360882	0.694993	0.979848	1.18868	1.29799	1.28326	1.13914	0.893814	0.60108	0.316852	0.0786644	-0.0882563	-0.161093	-0.14247	-0.0748854	
-0.00262479	-0.00494011	-0.00587095	-0.00312969	-0.00482338	-0.000279804	0.00206926	-0.00838851	-0.00610594	-0.000581603	-0.00425759	-0.00511566	-0.0074977	-0.0168521	-0.0121174	-0.00691531	-0.0156362	-0.0232643	-0.0203353	-0.0138668	-0.0132816	-0.0249289	-0.0339415	-0.0261365	-0.0222309	-0.0251248	-0.0287331	-0.0367703	-0.0568413	-0.0687235	-0.0596785	-0.0384228	-0.026255	-0.0459763	-0.100244	-0.17773	-0.255288	-0.319374	-0.359857	-0.373779	-0.366962	-0.322496	-0.218368	-0.0331133	0.212349	0.482948	0.755072	1.00424	1.2029	1.30286	1.26867	1.10638	0.841981	0.519139	0.178632	-0.152358	-0.432782	-0.630774	-0.731485	-0.728201	-0.64881	-0.524211	-0.388157	-0.266604	-0.16691	-0.0972201	-0.0519459	-0.0252146	-0.00523175	0.00703094	-0.000901661	-0.0113109	-0.0282021	-0.064941	-0.112615	-0.193247	-0.313124	-0.439012	-0.5621	-0.671064	-0.727116	-0.693643	-0.545938	-0.297887	0.00412009	0.333845	0.672621	0.979066	1.21369	1.3454	1.34146	1.19749	0.956174	0.677311	0.409133	0.18579	0.0316548	-0.0420152	-0.0488695	-0.0253559	
-0.000743445	-0.0016895	0.000890614	0.000483142	-0.00468154	-0.00591197	-0.00763093	-0.0127002	-0.0035812	-0.00172218	-0.00616235	-0.0074977	-0.0124696	-0.0100919	-0.0058542	-0.00630836	-0.0181278	-0.021336	-0.0142597	-0.0114067	-0.0164041	-0.0335788	-0.0370712	-0.0214699	-0.0203998	-0.0316084	-0.0432468	-0.0520996	-0.0658872	-0.0654212	-0.0523458	-0.040907	-0.042812	-0.0738576	-0.141556	-0.233414	-0.313571	-0.363472	-0.379628	-0.367699	-0.329065	-0.255033	-0.126369	0.0638686	0.306117	0.566282	0.82847	1.0662	1.24778	1.32869	1.27077	1.08992	0.81161	0.49037	0.155504	-0.162138	-0.434602	-0.633789	-0.737744	-0.745307	-0.671566	-0.552585	-0.414885	-0.288682	-0.188933	-0.109492	-0.055603	-0.0236645	-0.00251007	0.00236164	-0.00602765	-0.0135897	-0.0308116	-0.0676018	-0.124725	-0.216955	-0.335813	-0.459456	-0.586811	-0.696472	-0.744964	-0.698606	-0.540141	-0.295676	-0.0113628	0.304822	0.646415	0.967344	1.22041	1.36851	1.37433	1.23916	1.01559	0.760711	0.514528	0.311869	0.174589	0.0972751	0.0561985	0.027809	
0.00752459	0.000701091	0.00497994	-0.000988189	-0.00776569	-0.00513641	-0.00822339	-0.0064879	-0.00223838	-0.00890506	-0.0158496	-0.0168521	-0.0100919	-0.00299556	-0.0100845	-0.0176511	-0.0181139	-0.0140269	-0.0111494	-0.0140176	-0.0227563	-0.0358501	-0.0310168	-0.0157599	-0.020612	-0.0392766	-0.0553468	-0.0614409	-0.0639258	-0.0526245	-0.0443504	-0.0480214	-0.0668289	-0.109069	-0.189268	-0.287624	-0.361888	-0.392165	-0.383654	-0.344616	-0.273735	-0.168815	-0.0228141	0.16815	0.397642	0.646273	0.892705	1.114	1.27279	1.32891	1.251	1.05538	0.774419	0.459596	0.139245	-0.16438	-0.427737	-0.625815	-0.740498	-0.758038	-0.695607	-0.585111	-0.443286	-0.311366	-0.200834	-0.112778	-0.0594236	-0.0257109	-0.00910809	-0.00673025	-0.00613571	-0.0106443	-0.0290082	-0.0736971	-0.146814	-0.238001	-0.347537	-0.479036	-0.615652	-0.719041	-0.752571	-0.691419	-0.528904	-0.295605	-0.0262945	0.281145	0.620649	0.945628	1.20709	1.36366	1.38002	1.26589	1.07435	0.851684	0.63187	0.453451	0.333677	0.249173	0.168721	0.0841911	
-0.00280686	-0.00979612	-0.00737003	-0.00677885	-0.00400496	0.00166883	0.00324022	-0.000316655	-0.00902507	-0.0116151	-0.0111187	-0.0121174	-0.0058542	-0.0100845	-0.0274354	-0.0253253	-0.0147307	-0.0159512	-0.0206781	-0.0262369	-0.0319408	-0.0351874	-0.0261145	-0.0191231	-0.0287982	-0.0515811	-0.0660841	-0.0662615	-0.054483	-0.0411439	-0.044424	-0.0671988	-0.102179	-0.156549	-0.244769	-0.339992	-0.400679	-0.408243	-0.376189	-0.308134	-0.2052	-0.0722949	0.0853147	0.269487	0.485089	0.717613	0.948236	1.147	1.28004	1.31129	1.21762	1.01489	0.739039	0.434362	0.127367	-0.162804	-0.423404	-0.623364	-0.744213	-0.773375	-0.714564	-0.602757	-0.461613	-0.325634	-0.212456	-0.125909	-0.0707197	-0.0365589	-0.015607	0.000361381	0.00276043	-0.0126425	-0.0377605	-0.0889827	-0.161865	-0.243877	-0.360604	-0.508841	-0.643147	-0.731064	-0.749673	-0.678336	-0.518779	-0.296478	-0.0336963	0.267318	0.596393	0.914244	1.173	1.33019	1.36053	1.28059	1.13299	0.948954	0.759212	0.60558	0.499689	0.404431	0.284382	0.143615	
-0.00183631	-0.00578833	-0.00313268	-0.00105141	-0.00363662	-0.00532576	-0.00835415	-0.0109674	-0.011688	-0.00775571	-0.00354076	-0.00691531	-0.00630836	-0.0176511	-0.0253253	-0.0113794	-0.00954365	-0.0198694	-0.0272779	-0.0338999	-0.0332668	-0.0300023	-0.0268639	-0.0321625	-0.0456861	-0.0659904	-0.0777952	-0.0672317	-0.0488761	-0.041628	-0.0632198	-0.103417	-0.154051	-0.218357	-0.30584	-0.386923	-0.426161	-0.409593	-0.351299	-0.251422	-0.115668	0.0412524	0.20474	0.379465	0.578457	0.794063	1.00073	1.17201	1.26923	1.27502	1.16422	0.959427	0.692558	0.401181	0.11284	-0.163159	-0.412635	-0.611738	-0.736414	-0.77367	-0.725009	-0.618753	-0.482574	-0.347138	-0.233172	-0.143046	-0.0779253	-0.0350725	-0.00975212	0.00294553	-0.002033	-0.0203513	-0.046722	-0.0959835	-0.163829	-0.253796	-0.387567	-0.536975	-0.6584	-0.735061	-0.74288	-0.665393	-0.510953	-0.292477	-0.0286754	0.262985	0.572832	0.873825	1.11922	1.27177	1.32171	1.28617	1.18972	1.04946	0.893124	0.761487	0.662275	0.553599	0.398365	0.205032	
0.00600036	0.00248848	0.00270086	0.00022614	-0.00746213	-0.0100342	-0.0107047	-0.0130733	-0.0107397	-0.00509659	-0.00692343	-0.0156362	-0.0181278	-0.0181139	-0.0147307	-0.00954365	-0.0162885	-0.0239433	-0.0314287	-0.0352136	-0.0261667	-0.0222739	-0.0312697	-0.0466551	-0.0556944	-0.0712864	-0.074728	-0.0571935	-0.0406607	-0.0487884	-0.0891905	-0.144066	-0.209618	-0.277617	-0.355463	-0.412027	-0.428239	-0.386834	-0.302079	-0.170278	-0.00744254	0.164556	0.325026	0.486606	0.664702	0.858411	1.03507	1.17008	1.23353	1.21279	1.09581	0.896764	0.64598	0.375139	0.106244	-0.153787	-0.394083	-0.591544	-0.724498	-0.773852	-0.735582	-0.641292	-0.508661	-0.367373	-0.248023	-0.149454	-0.0790616	-0.0361381	-0.0107569	-0.00181965	-0.00862972	-0.0249286	-0.048522	-0.0940397	-0.170252	-0.277801	-0.413347	-0.55179	-0.667286	-0.737561	-0.73524	-0.655342	-0.502212	-0.277488	-0.0114512	0.264376	0.548917	0.825502	1.04971	1.19704	1.27191	1.28429	1.24084	1.14842	1.02769	0.912543	0.811625	0.688461	0.505069	0.265496	
-0.00145096	-0.00189522	-0.00122137	-0.00445327	-0.0066457	-0.0053324	-0.00571328	-0.0041336	-0.00645911	-0.0123209	-0.0149277	-0.0232643	-0.021336	-0.0140269	-0.0159512	-0.0198694	-0.0239433	-0.0292962	-0.035913	-0.0314869	-0.0185984	-0.0233966	-0.0457246	-0.059254	-0.0621609	-0.0683595	-0.0647204	-0.0468028	-0.0430769	-0.0711744	-0.125967	-0.195272	-0.269059	-0.335464	-0.389664	-0.420139	-0.409376	-0.34572	-0.230875	-0.0714895	0.111548	0.288176	0.441055	0.585599	0.742325	0.906618	1.04882	1.14437	1.1742	1.13685	1.01917	0.836647	0.607597	0.359056	0.109016	-0.138062	-0.373628	-0.575869	-0.715641	-0.77773	-0.749718	-0.656068	-0.52502	-0.383105	-0.25817	-0.155774	-0.0840117	-0.0410667	-0.0182992	-0.0082215	-0.0072857	-0.0207702	-0.0476002	-0.0994956	-0.187743	-0.299195	-0.426548	-0.562005	-0.676461	-0.737885	-0.729869	-0.648494	-0.485456	-0.249181	0.0122755	0.267022	0.524067	0.77139	0.972435	1.1184	1.21933	1.27502	1.28197	1.23932	1.15377	1.04877	0.939927	0.80287	0.598032	0.319904	
-0.00170002	-0.00737029	-0.00895724	-0.00687065	-0.00420808	-0.00436074	-0.00419109	-0.00403703	-0.0110041	-0.0130788	-0.0143949	-0.0203353	-0.0142597	-0.0111494	-0.0206781	-0.0272779	-0.0314287	-0.035913	-0.0365474	-0.0270849	-0.0235332	-0.0434211	-0.0643966	-0.0729068	-0.0664066	-0.0653255	-0.0570641	-0.0506363	-0.0671033	-0.112235	-0.179331	-0.257182	-0.335062	-0.385091	-0.412423	-0.41102	-0.377604	-0.286117	-0.144284	0.0392841	0.232022	0.406593	0.549211	0.677544	0.809089	0.942596	1.04391	1.10268	1.1039	1.05411	0.945863	0.77904	0.573313	0.344988	0.109767	-0.125902	-0.355277	-0.558779	-0.705117	-0.774484	-0.755984	-0.669257	-0.53861	-0.393995	-0.268712	-0.16791	-0.0949755	-0.0480162	-0.0201574	-0.00536503	-0.00327298	-0.0202935	-0.0522775	-0.110003	-0.202373	-0.311812	-0.436687	-0.571941	-0.682087	-0.740055	-0.730927	-0.636843	-0.454232	-0.21357	0.0345674	0.268428	0.498296	0.716012	0.899389	1.0485	1.16957	1.25791	1.30926	1.31376	1.25922	1.16	1.0419	0.892574	0.670438	0.362002	
-0.00415394	-0.00431248	-0.0059999	-0.00667376	-0.00638717	-0.00700475	-0.00729599	-0.00865122	-0.014633	-0.0163057	-0.0119316	-0.0138668	-0.0114067	-0.0140176	-0.0262369	-0.0338999	-0.0352136	-0.0314869	-0.0270849	-0.0263477	-0.0413537	-0.0598321	-0.0739761	-0.0746605	-0.0638269	-0.0553644	-0.0542796	-0.0690066	-0.106196	-0.164186	-0.238653	-0.321308	-0.389374	-0.41615	-0.409595	-0.38114	-0.319268	-0.202372	-0.0332443	0.163087	0.356918	0.523583	0.653166	0.762578	0.864339	0.957635	1.01846	1.03848	1.01916	0.965665	0.869425	0.726679	0.543418	0.334339	0.114594	-0.112315	-0.338227	-0.540912	-0.690959	-0.768984	-0.756019	-0.674263	-0.552902	-0.411785	-0.284046	-0.179464	-0.101344	-0.0505244	-0.0192777	-0.00211054	-0.000958069	-0.0221283	-0.0603343	-0.121183	-0.211572	-0.319119	-0.444026	-0.579187	-0.691143	-0.75032	-0.728492	-0.609494	-0.414327	-0.181997	0.0517165	0.268236	0.472686	0.667836	0.843711	0.995844	1.12523	1.23349	1.31955	1.36156	1.33085	1.23732	1.11394	0.954225	0.716322	0.386462	
0.00083164	0.00162716	0.000346347	-5.573e-05	-0.00288422	-0.0113555	-0.0164454	-0.0178419	-0.0220199	-0.0165878	-0.00939637	-0.0132816	-0.0164041	-0.0227563	-0.0319408	-0.0332668	-0.0261667	-0.0185984	-0.0235332	-0.0413537	-0.0572453	-0.0671975	-0.0719954	-0.0714133	-0.0542651	-0.0486083	-0.0657332	-0.10529	-0.157296	-0.223127	-0.301176	-0.377951	-0.425434	-0.421262	-0.384509	-0.326173	-0.237699	-0.0923497	0.0928742	0.294064	0.479775	0.635131	0.750626	0.835508	0.901674	0.951416	0.968519	0.958967	0.923224	0.873137	0.795083	0.673939	0.51584	0.326633	0.121066	-0.0937908	-0.312514	-0.517186	-0.672738	-0.759662	-0.760969	-0.687484	-0.567185	-0.425979	-0.297827	-0.189915	-0.10507	-0.048285	-0.0147823	-0.000261281	-0.00413228	-0.0297238	-0.0693241	-0.125724	-0.212124	-0.322222	-0.452152	-0.593069	-0.708179	-0.755894	-0.708773	-0.572391	-0.380229	-0.159045	0.0648211	0.266077	0.451879	0.638468	0.814252	0.962614	1.08769	1.20359	1.30924	1.3723	1.3576	1.27392	1.15231	0.984319	0.732179	0.391124	
0.00283567	0.00603465	0.00122958	-0.00344442	-0.00819241	-0.0135107	-0.0145435	-0.0129858	-0.0121961	-0.0112293	-0.0128801	-0.0249289	-0.0335788	-0.0358501	-0.0351874	-0.0300023	-0.0222739	-0.0233966	-0.0434211	-0.0598321	-0.0671975	-0.0648458	-0.0671977	-0.0603427	-0.0445761	-0.053044	-0.0951484	-0.152295	-0.212909	-0.282049	-0.356675	-0.414731	-0.433124	-0.398846	-0.333192	-0.247176	-0.129189	0.0344273	0.227467	0.419471	0.592522	0.732723	0.827895	0.883443	0.906392	0.911581	0.892698	0.860008	0.823648	0.784906	0.730265	0.637278	0.501244	0.329949	0.136898	-0.0735563	-0.290609	-0.496434	-0.65971	-0.755517	-0.764072	-0.69815	-0.584248	-0.441485	-0.304578	-0.189674	-0.102836	-0.0469568	-0.0169536	-0.00769701	-0.01251	-0.0333472	-0.0674477	-0.12071	-0.210646	-0.330838	-0.469949	-0.612961	-0.717196	-0.742824	-0.679191	-0.542288	-0.356887	-0.141641	0.073724	0.264069	0.446137	0.637015	0.811373	0.946789	1.05866	1.16919	1.27357	1.33843	1.3335	1.26487	1.15159	0.979034	0.718149	0.378038	
-0.00804373	-0.00942513	-0.013192	-0.0125205	-0.00830819	-0.00808622	-0.00438848	0.000122239	-0.00686257	-0.0141254	-0.0213429	-0.0339415	-0.0370712	-0.0310168	-0.0261145	-0.0268639	-0.0312697	-0.0457246	-0.0643966	-0.0739761	-0.0719954	-0.0671977	-0.0632792	-0.0575884	-0.05601	-0.0892717	-0.149812	-0.21683	-0.280426	-0.348666	-0.406205	-0.436086	-0.421731	-0.360759	-0.266977	-0.15099	-0.00889588	0.166384	0.353328	0.533398	0.690211	0.814159	0.88627	0.905393	0.887022	0.85102	0.805255	0.763574	0.731663	0.711398	0.680399	0.609666	0.49477	0.33674	0.150432	-0.0543509	-0.272048	-0.483731	-0.652013	-0.7556	-0.771549	-0.704548	-0.58643	-0.441677	-0.305967	-0.193744	-0.108629	-0.0556275	-0.0268966	-0.0127655	-0.00952649	-0.0249707	-0.0592989	-0.118604	-0.21959	-0.349826	-0.489136	-0.620641	-0.707759	-0.721517	-0.657048	-0.523284	-0.339711	-0.129608	0.0792035	0.272195	0.465957	0.66319	0.82889	0.946183	1.03866	1.12754	1.20811	1.25856	1.25844	1.20624	1.105	0.935334	0.677846	0.352397	
-0.00643572	-0.00876922	-0.0157764	-0.0144207	-0.00984827	-0.00929793	-0.0074041	-0.00874266	-0.0165448	-0.0235992	-0.0251197	-0.0261365	-0.0214699	-0.0157599	-0.0191231	-0.0321625	-0.0466551	-0.059254	-0.0729068	-0.0746605	-0.0714133	-0.0603427	-0.0575884	-0.0663078	-0.0917535	-0.144478	-0.214716	-0.284978	-0.349304	-0.403667	-0.433988	-0.428822	-0.38635	-0.298714	-0.176372	-0.0321502	0.127098	0.300433	0.476596	0.639155	0.780889	0.883556	0.925614	0.906737	0.84561	0.778468	0.715603	0.67274	0.654052	0.650666	0.640411	0.588843	0.485764	0.336469	0.155718	-0.0483311	-0.262166	-0.470587	-0.639708	-0.742719	-0.761105	-0.700616	-0.589935	-0.450045	-0.315549	-0.20551	-0.121269	-0.0627857	-0.0255983	-0.00522744	0.00156097	-0.0155133	-0.0594668	-0.130026	-0.236162	-0.36359	-0.492945	-0.612494	-0.693082	-0.707266	-0.644562	-0.510451	-0.328894	-0.12278	0.0918603	0.30317	0.511903	0.708177	0.860659	0.958648	1.02304	1.07243	1.11224	1.13818	1.13622	1.09521	1.00735	0.852661	0.616449	0.31962	
-0.00221369	0.00244245	0.000918159	-0.000117151	-0.00245004	-0.012228	-0.0203638	-0.0264917	-0.0352048	-0.0339128	-0.0255058	-0.0222309	-0.0203998	-0.020612	-0.0287982	-0.0456861	-0.0556944	-0.0621609	-0.0664066	-0.0638269	-0.0542651	-0.0445761	-0.05601	-0.0917535	-0.138619	-0.200875	-0.273302	-0.345059	-0.398193	-0.427424	-0.421469	-0.386081	-0.316032	-0.202843	-0.0511604	0.113535	0.276753	0.439835	0.597677	0.743675	0.863	0.937717	0.941829	0.87966	0.782047	0.688285	0.618014	0.580193	0.574776	0.589873	0.598257	0.563168	0.476197	0.338028	0.165525	-0.0293932	-0.240289	-0.448645	-0.619879	-0.731105	-0.758438	-0.704274	-0.598928	-0.46342	-0.330833	-0.21623	-0.12262	-0.0569482	-0.0149074	0.0066684	0.00683122	-0.0208271	-0.0715462	-0.141381	-0.241761	-0.362333	-0.485383	-0.601965	-0.684078	-0.700418	-0.638231	-0.505098	-0.323879	-0.109206	0.12645	0.358791	0.574008	0.763483	0.902822	0.977438	1.00129	0.998587	0.990915	0.986374	0.97191	0.932162	0.858943	0.733907	0.537879	0.282214	
