-0.0145806	-0.0270509	-0.0434499	-0.0584748	-0.0780717	-0.0979749	-0.115058	-0.134756	-0.14708	-0.15722	-0.173783	-0.193247	-0.216955	-0.238001	-0.243877	-0.253796	-0.277801	-0.299195	-0.311812	-0.319119	-0.322222	-0.330838	-0.349826	-0.36359	-0.362333	-0.353451	-0.342713	-0.335307	-0.341062	-0.357613	-0.36378	-0.345551	-0.302695	-0.238128	-0.151131	-0.0571046	0.0206648	0.0644986	0.072788	0.04322	-0.0322951	-0.154958	-0.312559	-0.480154	-0.642081	-0.789359	-0.917307	-1.01247	-1.05656	-1.03564	-0.951823	-0.820017	-0.66792	-0.51807	-0.388257	-0.28651	-0.210202	-0.15801	-0.120914	-0.0968018	-0.0809385	-0.0701304	-0.0659258	-0.0615123	-0.0591021	-0.0562114	-0.0500761	-0.0470501	-0.0433748	-0.0435648	-0.0507492	-0.0533195	-0.0526923	-0.0496069	-0.0437247	-0.0507451	-0.0648441	-0.0646216	-0.0591547	-0.0643841	-0.0794775	-0.106235	-0.143659	-0.186647	-0.249745	-0.353117	-0.492137	-0.646334	-0.791384	-0.893213	-0.923955	-0.887397	-0.80924	-0.711642	-0.609181	-0.511585	-0.416564	-0.313215	-0.201241	-0.0945941	
-0.0230955	-0.0470535	-0.0736559	-0.103343	-0.132197	-0.15896	-0.185362	-0.208713	-0.230084	-0.257301	-0.286163	-0.313124	-0.335813	-0.347537	-0.360604	-0.387567	-0.413347	-0.426548	-0.436687	-0.444026	-0.452152	-0.469949	-0.489136	-0.492945	-0.485383	-0.476198	-0.469602	-0.471692	-0.486937	-0.499729	-0.490565	-0.455048	-0.397884	-0.319889	-0.227594	-0.143138	-0.0872858	-0.0685551	-0.0848448	-0.142774	-0.246781	-0.392218	-0.557335	-0.721337	-0.872452	-1.00562	-1.11268	-1.17677	-1.18088	-1.11885	-0.999801	-0.846403	-0.684854	-0.535142	-0.411391	-0.314728	-0.244547	-0.194958	-0.159823	-0.136531	-0.118398	-0.10551	-0.0941453	-0.0823878	-0.0730334	-0.0633992	-0.0573065	-0.0548914	-0.0542607	-0.0578728	-0.0575271	-0.0521761	-0.0489407	-0.0467913	-0.0524913	-0.0648441	-0.0644708	-0.05573	-0.0580232	-0.06863	-0.0826962	-0.103323	-0.125037	-0.152709	-0.210422	-0.308647	-0.436868	-0.582801	-0.727185	-0.839224	-0.89986	-0.912152	-0.884861	-0.826832	-0.753588	-0.676112	-0.584682	-0.461869	-0.310174	-0.151625	
-0.0431925	-0.0869782	-0.12728	-0.166414	-0.202002	-0.236139	-0.271364	-0.305194	-0.342462	-0.380558	-0.412352	-0.439012	-0.459456	-0.479036	-0.508841	-0.536975	-0.55179	-0.562005	-0.571941	-0.579187	-0.593069	-0.612961	-0.620641	-0.612494	-0.601965	-0.595089	-0.59458	-0.605744	-0.621556	-0.620658	-0.592859	-0.542104	-0.472744	-0.386783	-0.300383	-0.236476	-0.209028	-0.217616	-0.263389	-0.352928	-0.486151	-0.648444	-0.815917	-0.973094	-1.11253	-1.2295	-1.31087	-1.33896	-1.3017	-1.20136	-1.05516	-0.889124	-0.726365	-0.584358	-0.469664	-0.381725	-0.317205	-0.268322	-0.231583	-0.201439	-0.17508	-0.152505	-0.130897	-0.113014	-0.0987722	-0.087651	-0.0809429	-0.0755487	-0.0715519	-0.0660086	-0.0572989	-0.0531279	-0.0537327	-0.0577252	-0.0653325	-0.0646216	-0.05573	-0.0563391	-0.0656869	-0.0741983	-0.0856202	-0.0974316	-0.105671	-0.129099	-0.18665	-0.274277	-0.384584	-0.514347	-0.648405	-0.766945	-0.862174	-0.928924	-0.955945	-0.941462	-0.899326	-0.837097	-0.742154	-0.599797	-0.415364	-0.209921	
-0.0616531	-0.122363	-0.179399	-0.233084	-0.284836	-0.334691	-0.382321	-0.428316	-0.471389	-0.507037	-0.536348	-0.5621	-0.586811	-0.615652	-0.643147	-0.6584	-0.667286	-0.676461	-0.682087	-0.691143	-0.708179	-0.717196	-0.707759	-0.693082	-0.684078	-0.680974	-0.687101	-0.701467	-0.706394	-0.68552	-0.640069	-0.576901	-0.49838	-0.413475	-0.344299	-0.30907	-0.31194	-0.350278	-0.428999	-0.551661	-0.710255	-0.882735	-1.04902	-1.1989	-1.32806	-1.42806	-1.48241	-1.4757	-1.40324	-1.27601	-1.11692	-0.950891	-0.797798	-0.668845	-0.565447	-0.485477	-0.422421	-0.371039	-0.327697	-0.288336	-0.253475	-0.221767	-0.193439	-0.169988	-0.14944	-0.132049	-0.116752	-0.102417	-0.0890667	-0.0762132	-0.0687594	-0.0677252	-0.0681195	-0.0693371	-0.0669366	-0.0591547	-0.0580232	-0.0656869	-0.0722528	-0.079219	-0.0868776	-0.0873191	-0.0913765	-0.120605	-0.175159	-0.245513	-0.33421	-0.442204	-0.560941	-0.687219	-0.819173	-0.938091	-1.01795	-1.04968	-1.03883	-0.985323	-0.880427	-0.720016	-0.510631	-0.265148	
-0.0766879	-0.151757	-0.225877	-0.297316	-0.365936	-0.430224	-0.488216	-0.539709	-0.581782	-0.615354	-0.644771	-0.671064	-0.696472	-0.719041	-0.731064	-0.735061	-0.737561	-0.737885	-0.740055	-0.75032	-0.755894	-0.742824	-0.721517	-0.707266	-0.700418	-0.700704	-0.710128	-0.716822	-0.701305	-0.65971	-0.600176	-0.52746	-0.44611	-0.373773	-0.331753	-0.329075	-0.363113	-0.43464	-0.549134	-0.703896	-0.881763	-1.05991	-1.22436	-1.36951	-1.49021	-1.57311	-1.60133	-1.56465	-1.46714	-1.32707	-1.16903	-1.01498	-0.879649	-0.767892	-0.678608	-0.607103	-0.547277	-0.495609	-0.448256	-0.404143	-0.363178	-0.324184	-0.288405	-0.255064	-0.223416	-0.194182	-0.166885	-0.142177	-0.120987	-0.105768	-0.0972812	-0.0906313	-0.083962	-0.0770851	-0.0685013	-0.0643841	-0.06863	-0.0741983	-0.079219	-0.0842418	-0.0818526	-0.0772318	-0.0906767	-0.125404	-0.168239	-0.21868	-0.285325	-0.369424	-0.475006	-0.612853	-0.777439	-0.938937	-1.0665	-1.14384	-1.16129	-1.11088	-0.993412	-0.817587	-0.589096	-0.31124	
-0.0876684	-0.17425	-0.259982	-0.342652	-0.419788	-0.489709	-0.550351	-0.600452	-0.640847	-0.674618	-0.703345	-0.727116	-0.744964	-0.752571	-0.749673	-0.74288	-0.73524	-0.729869	-0.730927	-0.728492	-0.708773	-0.679191	-0.657048	-0.644562	-0.638231	-0.6405	-0.644849	-0.632174	-0.592919	-0.534624	-0.464888	-0.386958	-0.312839	-0.264278	-0.255022	-0.284825	-0.351031	-0.458149	-0.607787	-0.788274	-0.977312	-1.1568	-1.3189	-1.45983	-1.57018	-1.63366	-1.63632	-1.57581	-1.46482	-1.32584	-1.18214	-1.05121	-0.941488	-0.853578	-0.783969	-0.726661	-0.676965	-0.631167	-0.586589	-0.542852	-0.498752	-0.454386	-0.410233	-0.365663	-0.321909	-0.280103	-0.241232	-0.207114	-0.179359	-0.158026	-0.13948	-0.121421	-0.105138	-0.0906857	-0.080818	-0.0794775	-0.0826962	-0.0856202	-0.0868776	-0.0818526	-0.0738935	-0.0799553	-0.104654	-0.133183	-0.159536	-0.192769	-0.238417	-0.3025	-0.403493	-0.554235	-0.740429	-0.93119	-1.09804	-1.21439	-1.25385	-1.20453	-1.0772	-0.888904	-0.644135	-0.342115	
-0.0900701	-0.178824	-0.263974	-0.343646	-0.415733	-0.478964	-0.533031	-0.578495	-0.617605	-0.650895	-0.676758	-0.693643	-0.698606	-0.691419	-0.678336	-0.665393	-0.655342	-0.648494	-0.636843	-0.609494	-0.572391	-0.542288	-0.523284	-0.510451	-0.505098	-0.504648	-0.492171	-0.454062	-0.395205	-0.325805	-0.249663	-0.174302	-0.119088	-0.101649	-0.125211	-0.185691	-0.284725	-0.426489	-0.604582	-0.799585	-0.9906	-1.1666	-1.3238	-1.45617	-1.54987	-1.58912	-1.5664	-1.48858	-1.37489	-1.24882	-1.13019	-1.03077	-0.953614	-0.896215	-0.852991	-0.818008	-0.786702	-0.755161	-0.721441	-0.684186	-0.642433	-0.59677	-0.547416	-0.495655	-0.443869	-0.393739	-0.347122	-0.305347	-0.267971	-0.232622	-0.197954	-0.166203	-0.139518	-0.119734	-0.109512	-0.106235	-0.103323	-0.0974316	-0.0873191	-0.0772318	-0.0799553	-0.0992269	-0.120837	-0.135186	-0.148791	-0.167805	-0.196257	-0.251825	-0.35739	-0.515864	-0.709462	-0.916059	-1.10921	-1.25078	-1.3044	-1.25889	-1.12853	-0.930564	-0.670915	-0.354015	
-0.075293	-0.147948	-0.215008	-0.275517	-0.329508	-0.377467	-0.420845	-0.460529	-0.49558	-0.523202	-0.540551	-0.545938	-0.540141	-0.528904	-0.518779	-0.510953	-0.502212	-0.485456	-0.454232	-0.414327	-0.380229	-0.356887	-0.339711	-0.328894	-0.323879	-0.31046	-0.273035	-0.213246	-0.142704	-0.0668824	0.00958756	0.0709945	0.0977497	0.082633	0.0295267	-0.0601868	-0.190983	-0.361077	-0.555004	-0.751126	-0.934912	-1.10147	-1.2471	-1.36133	-1.42851	-1.43752	-1.3899	-1.30095	-1.19338	-1.08884	-1.00212	-0.939135	-0.898749	-0.875813	-0.86361	-0.856195	-0.848566	-0.837147	-0.819889	-0.795304	-0.763413	-0.724941	-0.680954	-0.633596	-0.584449	-0.534397	-0.484045	-0.432999	-0.380457	-0.327274	-0.277244	-0.234335	-0.200452	-0.176443	-0.159652	-0.143659	-0.125037	-0.105671	-0.0913765	-0.0906767	-0.104654	-0.120837	-0.128992	-0.13279	-0.137405	-0.144419	-0.166787	-0.228209	-0.340475	-0.496661	-0.685801	-0.895094	-1.09568	-1.24392	-1.30487	-1.26863	-1.14289	-0.93875	-0.66788	-0.347195	
-0.032075	-0.063652	-0.0947671	-0.125906	-0.15768	-0.190154	-0.222464	-0.252265	-0.276047	-0.291397	-0.29803	-0.297887	-0.295676	-0.295605	-0.296478	-0.292477	-0.277488	-0.249181	-0.21357	-0.181997	-0.159045	-0.141641	-0.129608	-0.12278	-0.109206	-0.0730234	-0.0133506	0.0581103	0.133945	0.21102	0.277216	0.312926	0.307221	0.262605	0.182737	0.0644497	-0.0937719	-0.28082	-0.476019	-0.662007	-0.831793	-0.982955	-1.10833	-1.19391	-1.22647	-1.203	-1.13443	-1.04166	-0.947311	-0.868744	-0.81478	-0.78625	-0.77886	-0.785929	-0.800776	-0.817842	-0.832854	-0.843201	-0.847226	-0.844205	-0.834248	-0.817368	-0.793852	-0.763735	-0.726325	-0.681217	-0.628505	-0.569159	-0.506158	-0.444471	-0.388568	-0.340056	-0.298393	-0.261162	-0.224289	-0.186647	-0.152709	-0.129099	-0.120605	-0.125404	-0.133183	-0.135186	-0.13279	-0.129422	-0.125307	-0.129268	-0.161612	-0.23565	-0.348328	-0.49382	-0.670636	-0.867252	-1.05261	-1.1897	-1.25303	-1.22975	-1.11399	-0.90985	-0.637238	-0.325766	
0.0259353	0.0482478	0.0637314	0.0709798	0.0702818	0.0633417	0.0531641	0.0427404	0.0336233	0.0253725	0.0162204	0.00412009	-0.0113628	-0.0262945	-0.0336963	-0.0286754	-0.0114512	0.0122755	0.0345674	0.0517165	0.0648211	0.073724	0.0792035	0.0918603	0.12645	0.185072	0.256595	0.332223	0.409195	0.478327	0.521132	0.524027	0.48738	0.416222	0.309323	0.163453	-0.0144456	-0.205762	-0.391402	-0.561747	-0.714474	-0.845087	-0.941917	-0.990887	-0.985192	-0.931258	-0.847196	-0.755613	-0.67592	-0.619826	-0.590746	-0.58607	-0.600107	-0.626531	-0.659939	-0.696172	-0.732409	-0.766763	-0.79771	-0.824028	-0.8442	-0.856425	-0.858935	-0.849882	-0.828207	-0.794303	-0.749921	-0.698277	-0.643434	-0.58838	-0.533597	-0.478048	-0.420734	-0.361327	-0.302228	-0.249745	-0.210422	-0.18665	-0.175159	-0.168239	-0.159536	-0.148791	-0.137405	-0.125307	-0.119306	-0.13592	-0.186623	-0.268065	-0.37381	-0.505276	-0.661746	-0.827446	-0.977469	-1.09107	-1.15157	-1.13906	-1.03564	-0.842059	-0.583735	-0.295405	
0.0723368	0.141164	0.203624	0.257967	0.303375	0.339532	0.366202	0.382564	0.387306	0.379776	0.360882	0.333845	0.304822	0.281145	0.267318	0.262985	0.264376	0.267022	0.268428	0.268236	0.266077	0.264069	0.272195	0.30317	0.358791	0.428533	0.502945	0.578955	0.649268	0.696883	0.706731	0.676924	0.612978	0.515598	0.381125	0.213092	0.0274445	-0.156044	-0.325191	-0.476769	-0.608114	-0.710027	-0.768665	-0.774392	-0.729406	-0.648541	-0.553574	-0.465402	-0.398462	-0.359012	-0.346602	-0.356924	-0.384375	-0.423792	-0.471092	-0.523228	-0.57793	-0.633145	-0.686838	-0.736822	-0.780685	-0.816232	-0.841655	-0.855863	-0.858908	-0.851622	-0.835157	-0.810528	-0.777746	-0.735571	-0.682838	-0.620116	-0.550111	-0.477792	-0.410112	-0.353117	-0.308647	-0.274277	-0.245513	-0.21868	-0.192769	-0.167805	-0.144419	-0.129268	-0.13592	-0.17305	-0.235924	-0.315925	-0.412362	-0.526726	-0.650737	-0.769438	-0.873072	-0.956297	-1.00543	-0.995443	-0.905575	-0.736798	-0.51203	-0.260044	
0.106465	0.211626	0.313932	0.411071	0.499978	0.577072	0.63857	0.681323	0.703894	0.707283	0.694993	0.672621	0.646415	0.620649	0.596393	0.572832	0.548917	0.524067	0.498296	0.472686	0.451879	0.446137	0.465957	0.511903	0.574008	0.642844	0.714745	0.783123	0.832234	0.846391	0.82181	0.763738	0.674411	0.55047	0.392991	0.215079	0.0362526	-0.129279	-0.276872	-0.404948	-0.506709	-0.569418	-0.581761	-0.542373	-0.462724	-0.363131	-0.265271	-0.185796	-0.133506	-0.109959	-0.111987	-0.134384	-0.171842	-0.21992	-0.275198	-0.335118	-0.397644	-0.461006	-0.523648	-0.584127	-0.641256	-0.694162	-0.742155	-0.784705	-0.821074	-0.849873	-0.86901	-0.875774	-0.867321	-0.84194	-0.800267	-0.745322	-0.681863	-0.615632	-0.551628	-0.492137	-0.436868	-0.384584	-0.33421	-0.285325	-0.238417	-0.196257	-0.166787	-0.161612	-0.186623	-0.235924	-0.299627	-0.374266	-0.459356	-0.547377	-0.626132	-0.690997	-0.746774	-0.794315	-0.820121	-0.802914	-0.728839	-0.598804	-0.424174	-0.21961	
0.135341	0.269154	0.399491	0.523658	0.638335	0.739938	0.825136	0.891643	0.938759	0.967395	0.979848	0.979066	0.967344	0.945628	0.914244	0.873825	0.825502	0.77139	0.716012	0.667836	0.638468	0.637015	0.66319	0.708177	0.763483	0.824984	0.885888	0.931176	0.945094	0.922475	0.867798	0.784144	0.66869	0.52088	0.351175	0.178131	0.0172681	-0.125267	-0.248347	-0.347275	-0.410908	-0.427234	-0.392051	-0.31356	-0.210091	-0.103331	-0.0114755	0.0545871	0.0915257	0.101488	0.0893861	0.0607158	0.0202871	-0.028209	-0.0821677	-0.139856	-0.20015	-0.262394	-0.326246	-0.391549	-0.458215	-0.525946	-0.593997	-0.66095	-0.724475	-0.78146	-0.828413	-0.862009	-0.879909	-0.881446	-0.867573	-0.840343	-0.802464	-0.756596	-0.70437	-0.646334	-0.582801	-0.514347	-0.442204	-0.369424	-0.3025	-0.251825	-0.228209	-0.23565	-0.268065	-0.315925	-0.374266	-0.440032	-0.503968	-0.552724	-0.580844	-0.595371	-0.605552	-0.611106	-0.603118	-0.573293	-0.518098	-0.434827	-0.319112	-0.170476	
0.151647	0.300888	0.445283	0.582436	0.710049	0.826014	0.928619	1.0167	1.0896	1.14703	1.18868	1.21369	1.22041	1.20709	1.173	1.11922	1.04971	0.972435	0.899389	0.843711	0.814252	0.811373	0.82889	0.860659	0.902822	0.948148	0.982019	0.989035	0.963176	0.907844	0.826153	0.715624	0.574652	0.411475	0.243296	0.0862766	-0.0520725	-0.170533	-0.265978	-0.328904	-0.347213	-0.314517	-0.235934	-0.127463	-0.0101666	0.0967801	0.180686	0.23642	0.264841	0.270177	0.257675	0.232106	0.19712	0.15519	0.107802	0.055748	-0.000636186	-0.0612799	-0.126188	-0.195298	-0.268308	-0.344498	-0.422654	-0.500997	-0.577283	-0.649066	-0.71398	-0.770044	-0.815916	-0.85081	-0.874186	-0.885569	-0.884322	-0.869265	-0.838732	-0.791384	-0.727185	-0.648405	-0.560941	-0.475006	-0.403493	-0.35739	-0.340475	-0.348328	-0.37381	-0.412362	-0.459356	-0.503968	-0.531428	-0.533841	-0.515725	-0.486749	-0.451779	-0.410873	-0.366529	-0.325393	-0.290235	-0.252289	-0.195137	-0.108624	
0.1525	0.302564	0.447943	0.586775	0.717681	0.839805	0.952745	1.05623	1.1496	1.23121	1.29799	1.3454	1.36851	1.36366	1.33019	1.27177	1.19704	1.1184	1.0485	0.995844	0.962614	0.946789	0.946183	0.958648	0.977438	0.989014	0.979234	0.942046	0.879751	0.794747	0.684407	0.546321	0.386879	0.221722	0.0670036	-0.0687585	-0.183966	-0.276513	-0.338359	-0.357696	-0.326538	-0.247254	-0.133386	-0.00490452	0.118548	0.222802	0.300986	0.352506	0.380622	0.390028	0.385187	0.369524	0.345285	0.313735	0.275471	0.230724	0.179588	0.122202	0.0588645	-0.00988477	-0.0832174	-0.160035	-0.239036	-0.318829	-0.398119	-0.475864	-0.551329	-0.624052	-0.693584	-0.759027	-0.818616	-0.8694	-0.907085	-0.926457	-0.922704	-0.893213	-0.839224	-0.766945	-0.687219	-0.612853	-0.554235	-0.515864	-0.496661	-0.49382	-0.505276	-0.526726	-0.547377	-0.552724	-0.533841	-0.492346	-0.434904	-0.365264	-0.284879	-0.200576	-0.127351	-0.0800737	-0.0615898	-0.0593421	-0.0541544	-0.0336842	
0.140143	0.278126	0.412176	0.541202	0.664903	0.783616	0.89782	1.00737	1.11072	1.20441	1.28326	1.34146	1.37433	1.38002	1.36053	1.32171	1.27191	1.21933	1.16957	1.12523	1.08769	1.05866	1.03866	1.02304	1.00129	0.962608	0.902701	0.823653	0.727065	0.609863	0.468936	0.30908	0.144169	-0.0103807	-0.145683	-0.259844	-0.351459	-0.41377	-0.435535	-0.407759	-0.330541	-0.215033	-0.0797906	0.0556055	0.176003	0.273149	0.345211	0.394621	0.42565	0.442584	0.448767	0.44633	0.436347	0.419148	0.394648	0.362629	0.322944	0.275673	0.221209	0.160281	0.0939059	0.0232549	-0.0505387	-0.126611	-0.204561	-0.284497	-0.366892	-0.452183	-0.540138	-0.629194	-0.71599	-0.795312	-0.86073	-0.906071	-0.927285	-0.923955	-0.89986	-0.862174	-0.819173	-0.777439	-0.740429	-0.709462	-0.685801	-0.670636	-0.661746	-0.650737	-0.626132	-0.580844	-0.515725	-0.434904	-0.33946	-0.228633	-0.107726	0.00749264	0.0966157	0.1459	0.154858	0.133579	0.0949594	0.048708	
0.110783	0.221317	0.331527	0.441554	0.551594	0.661523	0.770413	0.876157	0.975465	1.06436	1.13914	1.19749	1.23916	1.26589	1.28059	1.28617	1.28429	1.27502	1.25791	1.23349	1.20359	1.16919	1.12754	1.07243	0.998587	0.906061	0.798896	0.679298	0.544614	0.391793	0.224618	0.0551776	-0.102525	-0.24008	-0.355736	-0.448771	-0.513636	-0.539914	-0.518184	-0.446864	-0.33501	-0.199649	-0.0599245	0.0684764	0.176296	0.260745	0.32365	0.369081	0.401427	0.424268	0.439981	0.449804	0.45411	0.452725	0.445204	0.43105	0.409865	0.381439	0.345785	0.303098	0.253668	0.197736	0.135375	0.066408	-0.00952361	-0.0927408	-0.183154	-0.279807	-0.380519	-0.481796	-0.579151	-0.667859	-0.74403	-0.805607	-0.85275	-0.887397	-0.912152	-0.928924	-0.938091	-0.938937	-0.93119	-0.916059	-0.895094	-0.867252	-0.827446	-0.769438	-0.690997	-0.595371	-0.486749	-0.365264	-0.228633	-0.0796194	0.069089	0.198552	0.292448	0.342822	0.348842	0.312381	0.23643	0.127779	
0.069512	0.141736	0.21882	0.301845	0.39047	0.482838	0.575859	0.665901	0.749769	0.825676	0.893814	0.956174	1.01559	1.07435	1.13299	1.18972	1.24084	1.28197	1.30926	1.31955	1.30924	1.27357	1.20811	1.11224	0.990915	0.851928	0.700397	0.536519	0.35961	0.174299	-0.0081512	-0.175197	-0.319515	-0.440048	-0.536976	-0.606058	-0.638011	-0.62359	-0.560222	-0.455336	-0.324556	-0.186429	-0.0569098	0.0539679	0.142584	0.210212	0.26076	0.298807	0.328355	0.352322	0.372516	0.389852	0.404624	0.416732	0.425834	0.431428	0.432866	0.42934	0.419836	0.403116	0.377738	0.342168	0.294995	0.235254	0.162798	0.0786333	-0.0149229	-0.114382	-0.215587	-0.314526	-0.40824	-0.495547	-0.57722	-0.655402	-0.732387	-0.80924	-0.884861	-0.955945	-1.01795	-1.0665	-1.09804	-1.10921	-1.09568	-1.05261	-0.977469	-0.873072	-0.746774	-0.605552	-0.451779	-0.284879	-0.107726	0.069089	0.229946	0.361055	0.454478	0.505969	0.510272	0.460164	0.351608	0.191263	
0.031992	0.0671727	0.108006	0.155707	0.210067	0.269702	0.332685	0.397357	0.46304	0.530369	0.60108	0.677311	0.760711	0.851684	0.948954	1.04946	1.14842	1.23932	1.31376	1.36156	1.3723	1.33843	1.25856	1.13818	0.986374	0.810979	0.616693	0.408055	0.193752	-0.0130988	-0.199799	-0.359479	-0.491654	-0.597413	-0.673926	-0.713404	-0.707437	-0.653236	-0.557219	-0.433886	-0.301147	-0.17501	-0.0660653	0.0213715	0.0880515	0.137688	0.174986	0.20432	0.229118	0.25176	0.27373	0.295849	0.318459	0.341536	0.364717	0.387283	0.408112	0.425649	0.43793	0.442684	0.43755	0.42039	0.389666	0.344804	0.286438	0.216424	0.137573	0.0530893	-0.0341596	-0.122332	-0.211042	-0.301327	-0.395117	-0.494343	-0.600029	-0.711642	-0.826832	-0.941462	-1.04968	-1.14384	-1.21439	-1.25078	-1.24392	-1.1897	-1.09107	-0.956297	-0.794315	-0.611106	-0.410873	-0.200576	0.00749264	0.198552	0.361055	0.489451	0.581137	0.630776	0.627891	0.560845	0.42502	0.22982	
0.0014386	0.00414467	0.00937317	0.0183935	0.0325639	0.0534168	0.0826846	0.1222	0.17366	0.238337	0.316852	0.409133	0.514528	0.63187	0.759212	0.893124	1.02769	1.15377	1.25922	1.33085	1.3576	1.3335	1.25844	1.13622	0.97191	0.771393	0.543637	0.3028	0.0666003	-0.149065	-0.335147	-0.489745	-0.613507	-0.704304	-0.755796	-0.760946	-0.717583	-0.631909	-0.517788	-0.392635	-0.2724	-0.168034	-0.0843814	-0.0211387	0.0251965	0.059371	0.0859877	0.108792	0.13048	0.152801	0.176748	0.202745	0.230768	0.260414	0.290934	0.321257	0.350034	0.375714	0.396659	0.411297	0.418281	0.416628	0.405793	0.385645	0.356341	0.318121	0.271087	0.215038	0.149455	0.0736208	-0.0131385	-0.11121	-0.220547	-0.340668	-0.470692	-0.609181	-0.753588	-0.899326	-1.03883	-1.16129	-1.25385	-1.3044	-1.30487	-1.25303	-1.15157	-1.00543	-0.820121	-0.603118	-0.366529	-0.127351	0.0966157	0.292448	0.454478	0.581137	0.669056	0.709598	0.690882	0.603985	0.449367	0.239987	
-0.0302011	-0.0598438	-0.087907	-0.112566	-0.131071	-0.139901	-0.135176	-0.113227	-0.0711692	-0.00731502	0.0786644	0.18579	0.311869	0.453451	0.60558	0.761487	0.912543	1.04877	1.16	1.23732	1.27392	1.26487	1.20624	1.09521	0.932162	0.72395	0.485457	0.236932	-0.00199242	-0.217666	-0.403414	-0.556044	-0.671395	-0.742939	-0.764524	-0.734973	-0.661028	-0.556658	-0.439277	-0.325028	-0.22532	-0.145598	-0.08611	-0.0437276	-0.0138614	0.00810701	0.0260365	0.0427657	0.0601648	0.0793142	0.100693	0.124329	0.149912	0.176877	0.204488	0.231927	0.25839	0.283188	0.305817	0.325988	0.343572	0.358467	0.370388	0.378627	0.381844	0.377976	0.364327	0.337849	0.295577	0.235105	0.154979	0.0548953	-0.0642865	-0.200634	-0.35115	-0.511585	-0.676112	-0.837097	-0.985323	-1.11088	-1.20453	-1.25889	-1.26863	-1.22975	-1.13906	-0.995443	-0.802914	-0.573293	-0.325393	-0.0800737	0.1459	0.342822	0.505969	0.630776	0.709598	0.732695	0.692518	0.588138	0.427131	0.224499	
-0.0614391	-0.120896	-0.176168	-0.224653	-0.263276	-0.288512	-0.296537	-0.283499	-0.245908	-0.181175	-0.0882563	0.0316548	0.174589	0.333677	0.499689	0.662275	0.811625	0.939927	1.0419	1.11394	1.15231	1.15159	1.105	1.00735	0.858943	0.668041	0.44948	0.220349	-0.00435006	-0.213141	-0.396398	-0.544071	-0.645648	-0.693064	-0.684639	-0.627262	-0.535268	-0.426576	-0.318036	-0.221963	-0.144797	-0.0877196	-0.0483515	-0.0226254	-0.00623689	0.00452051	0.0124501	0.019482	0.0268515	0.0353029	0.0452606	0.0569528	0.0704959	0.0859505	0.103362	0.122783	0.144288	0.167951	0.193813	0.221803	0.251635	0.282695	0.313915	0.343679	0.369767	0.389363	0.39912	0.395303	0.37402	0.331556	0.264847	0.172086	0.0534191	-0.0884286	-0.24784	-0.416564	-0.584682	-0.742154	-0.880427	-0.993412	-1.0772	-1.12853	-1.14289	-1.11399	-1.03564	-0.905575	-0.728839	-0.518098	-0.290235	-0.0615898	0.154858	0.348842	0.510272	0.627891	0.690882	0.692518	0.633215	0.520871	0.36842	0.190303	
-0.0807073	-0.157879	-0.22806	-0.287911	-0.334205	-0.363765	-0.373435	-0.360152	-0.321235	-0.25492	-0.161093	-0.0420152	0.0972751	0.249173	0.404431	0.553599	0.688461	0.80287	0.892574	0.954225	0.984319	0.979034	0.935334	0.852661	0.733907	0.584843	0.412605	0.224795	0.0302515	-0.159227	-0.328261	-0.460003	-0.540658	-0.564177	-0.534582	-0.464695	-0.372073	-0.274105	-0.184247	-0.110353	-0.0550001	-0.0170002	0.00680635	0.0200869	0.0261275	0.0274729	0.0259207	0.0226905	0.0186367	0.0144376	0.0107319	0.00820424	0.00762191	0.00983101	0.0157164	0.0261297	0.0417926	0.0631851	0.0904346	0.123223	0.160728	0.201608	0.244027	0.285706	0.323975	0.355807	0.377832	0.38637	0.377552	0.347626	0.293494	0.213466	0.108073	-0.0193489	-0.162589	-0.313215	-0.461869	-0.599797	-0.720016	-0.817587	-0.888904	-0.930564	-0.93875	-0.90985	-0.842059	-0.736798	-0.598804	-0.434827	-0.252289	-0.0593421	0.133579	0.312381	0.460164	0.560845	0.603985	0.588138	0.520871	0.415527	0.286528	0.14553	
-0.0779286	-0.15201	-0.218446	-0.273569	-0.313972	-0.336704	-0.339506	-0.321062	-0.281193	-0.220937	-0.14247	-0.0488695	0.0561985	0.168721	0.284382	0.398365	0.505069	0.598032	0.670438	0.716322	0.732179	0.718149	0.677846	0.616449	0.537879	0.442898	0.329809	0.197896	0.051679	-0.0969136	-0.230334	-0.330632	-0.385511	-0.392234	-0.357768	-0.295622	-0.221212	-0.14781	-0.0842706	-0.0347056	0.000510001	0.0232274	0.0361511	0.0419152	0.0426376	0.0398264	0.0344836	0.0272789	0.018722	0.00930031	-0.00042511	-0.00976174	-0.017863	-0.023737	-0.0262871	-0.0243824	-0.0169571	-0.00313475	0.0176327	0.0454219	0.0797077	0.119264	0.162117	0.205566	0.246297	0.280593	0.304636	0.314887	0.308487	0.28362	0.239748	0.177668	0.0993637	0.00771535	-0.0937949	-0.201241	-0.310174	-0.415364	-0.510631	-0.589096	-0.644135	-0.670915	-0.66788	-0.637238	-0.583735	-0.51203	-0.424174	-0.319112	-0.195137	-0.0541544	0.0949594	0.23643	0.351608	0.42502	0.449367	0.427131	0.36842	0.286528	0.19341	0.0968421	
-0.0488271	-0.0950746	-0.136119	-0.169335	-0.192279	-0.203003	-0.20043	-0.184635	-0.156907	-0.119469	-0.0748854	-0.0253559	0.027809	0.0841911	0.143615	0.205032	0.265496	0.319904	0.362002	0.386462	0.391124	0.378038	0.352397	0.31962	0.282214	0.238485	0.184211	0.116455	0.037198	-0.045541	-0.11987	-0.174285	-0.201743	-0.201654	-0.179235	-0.143005	-0.101851	-0.0628208	-0.0301657	-0.00548518	0.0115069	0.0220806	0.0277694	0.0299398	0.0296187	0.0274917	0.0239812	0.0193468	0.0137754	0.00745233	0.000613661	-0.00641636	-0.0131999	-0.0191716	-0.0236383	-0.0257978	-0.0247833	-0.0197402	-0.00993859	0.00507784	0.025322	0.0501968	0.0783729	0.107763	0.135636	0.158911	0.174588	0.180279	0.174662	0.157738	0.130735	0.0956413	0.0545068	0.00878249	-0.040946	-0.0945941	-0.151625	-0.209921	-0.265148	-0.31124	-0.342115	-0.354015	-0.347195	-0.325766	-0.295405	-0.260044	-0.21961	-0.170476	-0.108624	-0.0336842	0.048708	0.127779	0.191263	0.22982	0.239987	0.224499	0.190303	0.14553	0.0968421	0.0480235	
