-0.118532	-0.120805	-0.108798	-0.0949264	-0.0922118	-0.0977331	-0.0910525	-0.080852	-0.0818849	-0.0827161	-0.075759	-0.0717374	-0.0770266	-0.0734414	-0.0695409	-0.0686366	-0.0629821	-0.0642573	-0.0650085	-0.0628977	-0.0634735	-0.0655794	-0.060779	-0.0644334	-0.0610713	-0.0611744	-0.0613307	-0.0598789	-0.0601047	-0.0605605	-0.0588592	-0.0613878	-0.0592453	-0.0613045	-0.0613024	-0.0612503	-0.0628018	-0.0633705	-0.0618965	-0.0663543	-0.0616574	-0.0652497	-0.0641981	-0.0639279	-0.0654063	-0.0702993	-0.0711307	-0.0767505	-0.0739421	-0.0729168	-0.080316	-0.0830472	-0.0801943	-0.0854749	-0.0974123	-0.0940071	-0.0925429	-0.103591	-0.116198	-0.121133	-0.113676	-0.11925	-0.147058	-0.171649	-0.180119	-0.169987	-0.157246	-0.18149	-0.255413	-0.357661	-0.462152	-0.525258	-0.488559	-0.321765	-0.0306825	0.362353	0.807673	1.21938	1.51679	1.67155	1.69611	1.59549	1.355	0.981787	0.538546	0.116072	-0.219579	-0.437687	-0.525112	-0.495852	-0.401007	-0.293983	-0.205948	-0.160898	-0.162782	-0.17821	-0.177635	-0.158282	-0.128791	-0.112632	
-0.118151	-0.120729	-0.109992	-0.0972125	-0.0933469	-0.0969641	-0.0904011	-0.0815549	-0.0835016	-0.0835126	-0.0772561	-0.0734466	-0.0744685	-0.0699507	-0.0672958	-0.0725867	-0.0702001	-0.064766	-0.067865	-0.0633657	-0.0616996	-0.0624219	-0.0602513	-0.059824	-0.0611575	-0.0581345	-0.0612077	-0.0582209	-0.0600888	-0.059343	-0.0586386	-0.0606296	-0.0576484	-0.0613024	-0.0579896	-0.060688	-0.059982	-0.0599296	-0.0615061	-0.0626076	-0.061155	-0.0673863	-0.0653104	-0.0677404	-0.0719043	-0.0702845	-0.0665986	-0.0741621	-0.0730215	-0.0754269	-0.0814362	-0.0837769	-0.0826613	-0.0853996	-0.0960268	-0.0950119	-0.0940787	-0.104076	-0.117166	-0.121684	-0.113681	-0.121061	-0.149994	-0.173494	-0.18017	-0.168999	-0.158236	-0.187279	-0.265736	-0.370921	-0.476444	-0.537704	-0.497154	-0.326574	-0.0315529	0.367073	0.819295	1.23754	1.54007	1.69803	1.72319	1.62036	1.37541	0.996128	0.545951	0.117217	-0.222928	-0.444717	-0.53611	-0.50975	-0.414992	-0.30567	-0.213683	-0.163665	-0.162178	-0.177586	-0.178699	-0.160903	-0.131552	-0.113643	
-0.117718	-0.122193	-0.112228	-0.0974473	-0.0922832	-0.098422	-0.0941438	-0.0819813	-0.0811771	-0.0838478	-0.0778287	-0.0733694	-0.0784473	-0.0734223	-0.0679557	-0.0690274	-0.0667759	-0.0651293	-0.0661147	-0.0652628	-0.0628881	-0.0654441	-0.0613361	-0.0630146	-0.0615086	-0.0607574	-0.0610282	-0.0603386	-0.0597714	-0.060916	-0.0589436	-0.0613186	-0.0593299	-0.0612503	-0.060688	-0.0614568	-0.0619712	-0.0628562	-0.0627108	-0.0650034	-0.0634508	-0.0667851	-0.0645085	-0.066787	-0.0678254	-0.0689094	-0.070065	-0.0781089	-0.0751766	-0.075379	-0.0817535	-0.08309	-0.0803027	-0.0879804	-0.0993831	-0.0938023	-0.093879	-0.106829	-0.119055	-0.120981	-0.113508	-0.124123	-0.153845	-0.175469	-0.179964	-0.16782	-0.159982	-0.195224	-0.279175	-0.387699	-0.494052	-0.552493	-0.506843	-0.331521	-0.0317239	0.373535	0.833793	1.25964	1.56836	1.73034	1.75626	1.65061	1.4002	1.01377	0.55555	0.119455	-0.22609	-0.452425	-0.548938	-0.526646	-0.432514	-0.320707	-0.224024	-0.167744	-0.161625	-0.176632	-0.179877	-0.164268	-0.135035	-0.114489	
-0.117017	-0.12212	-0.114475	-0.100749	-0.0933646	-0.0969643	-0.0938013	-0.0842495	-0.0835298	-0.0846054	-0.0794269	-0.0725161	-0.0751918	-0.0749366	-0.0695854	-0.0714676	-0.0690393	-0.0653247	-0.0674406	-0.0645724	-0.0636262	-0.0646172	-0.0622312	-0.0622238	-0.0628619	-0.0598372	-0.0626405	-0.0595371	-0.0610419	-0.0607958	-0.0592672	-0.0622749	-0.0586	-0.0628018	-0.059982	-0.0619712	-0.0627429	-0.0617837	-0.0636975	-0.0647692	-0.0628038	-0.0673079	-0.0659644	-0.0674275	-0.0703374	-0.0707911	-0.0715199	-0.0767982	-0.0720066	-0.0764198	-0.0830303	-0.0842518	-0.0834937	-0.089394	-0.0975925	-0.0940255	-0.0967302	-0.108637	-0.119862	-0.120947	-0.114228	-0.127812	-0.15813	-0.177598	-0.179522	-0.166535	-0.162848	-0.205754	-0.295963	-0.407967	-0.514609	-0.568932	-0.516797	-0.335816	-0.0305421	0.382085	0.851018	1.28509	1.60082	1.76765	1.79451	1.68541	1.42864	1.03437	0.567505	0.123345	-0.228314	-0.459983	-0.562825	-0.546027	-0.453413	-0.339229	-0.237329	-0.173575	-0.161405	-0.175349	-0.18085	-0.167959	-0.139635	-0.116508	
-0.116755	-0.122905	-0.116847	-0.102485	-0.0934555	-0.0981058	-0.0971843	-0.0849216	-0.0816016	-0.0850116	-0.0817745	-0.0753143	-0.0765857	-0.0734947	-0.0690503	-0.0724178	-0.0714206	-0.0654226	-0.0676878	-0.0661179	-0.0614836	-0.0649806	-0.0621251	-0.0610169	-0.0638636	-0.0597512	-0.062912	-0.0609552	-0.0610365	-0.0622936	-0.0598657	-0.0630527	-0.0594866	-0.0633705	-0.0599296	-0.0628562	-0.0617837	-0.0615235	-0.0641292	-0.0626765	-0.0638056	-0.0682927	-0.0649023	-0.0691559	-0.0725694	-0.0708031	-0.070232	-0.0769697	-0.0747973	-0.0795581	-0.0841255	-0.0834056	-0.0822725	-0.0917255	-0.100019	-0.0938422	-0.0976112	-0.11157	-0.121953	-0.120257	-0.114873	-0.132726	-0.163206	-0.179589	-0.178585	-0.165353	-0.167404	-0.219371	-0.316316	-0.431623	-0.537609	-0.586144	-0.526015	-0.338512	-0.0272169	0.393131	0.870775	1.31313	1.63644	1.80891	1.83689	1.72371	1.45983	1.05748	0.581996	0.129558	-0.228696	-0.4664	-0.576817	-0.567216	-0.477429	-0.361341	-0.254008	-0.181712	-0.161849	-0.173726	-0.181566	-0.171971	-0.144973	-0.119067	
-0.116414	-0.122812	-0.119502	-0.10618	-0.094834	-0.0970982	-0.0978872	-0.0879297	-0.0835928	-0.0850535	-0.0821696	-0.0749285	-0.0779053	-0.0788892	-0.0692527	-0.0678054	-0.0710706	-0.067813	-0.0674135	-0.0693881	-0.0662332	-0.0662254	-0.0652929	-0.0632501	-0.0634276	-0.061621	-0.0617053	-0.0609796	-0.0605215	-0.0609871	-0.0599779	-0.0613491	-0.0602368	-0.0618965	-0.0615061	-0.0627108	-0.0636975	-0.0641292	-0.0662878	-0.0659427	-0.0683325	-0.0680533	-0.0677048	-0.0702615	-0.0693306	-0.0674032	-0.0750382	-0.0801657	-0.0742672	-0.0796603	-0.0837421	-0.084682	-0.0849369	-0.0940369	-0.099461	-0.093938	-0.100995	-0.114651	-0.122627	-0.119472	-0.117035	-0.13889	-0.168372	-0.181144	-0.177222	-0.164673	-0.17431	-0.236602	-0.340412	-0.458463	-0.562366	-0.603057	-0.533331	-0.338514	-0.0208268	0.407141	0.892812	1.34287	1.67402	1.85286	1.88215	1.76426	1.49272	1.08257	0.599218	0.138874	-0.226184	-0.470526	-0.589781	-0.589345	-0.504163	-0.387076	-0.274466	-0.192829	-0.163515	-0.171851	-0.181691	-0.175978	-0.151399	-0.122905	
-0.116772	-0.122385	-0.122062	-0.110154	-0.0959934	-0.0966423	-0.100653	-0.0905541	-0.0831705	-0.0856983	-0.0855896	-0.0761067	-0.074129	-0.0778599	-0.0755	-0.0744871	-0.0715036	-0.0668858	-0.0668124	-0.0657397	-0.0623695	-0.0658051	-0.0640813	-0.0630131	-0.0666353	-0.0621338	-0.0658322	-0.0636169	-0.0636792	-0.0652208	-0.062247	-0.0661727	-0.0618185	-0.0663543	-0.0626076	-0.0650034	-0.0647692	-0.0626765	-0.0659427	-0.0632952	-0.0640568	-0.0671938	-0.0661085	-0.0692537	-0.0733351	-0.0756101	-0.0767798	-0.0761237	-0.0736926	-0.0825209	-0.0863595	-0.0842034	-0.0859156	-0.0979267	-0.0995044	-0.0938357	-0.104319	-0.117874	-0.123635	-0.119023	-0.120097	-0.145996	-0.173648	-0.182167	-0.175402	-0.165006	-0.184401	-0.257991	-0.368341	-0.488126	-0.587978	-0.618398	-0.537435	-0.334594	-0.010336	0.424617	0.916812	1.37327	1.71215	1.89798	1.92875	1.80559	1.52608	1.109	0.619359	0.152159	-0.219598	-0.471077	-0.600404	-0.611328	-0.533031	-0.416354	-0.29907	-0.207671	-0.16712	-0.170017	-0.181112	-0.179577	-0.158525	-0.128237	
-0.118517	-0.12181	-0.12321	-0.114452	-0.100192	-0.0964477	-0.100108	-0.0933694	-0.0857211	-0.0851005	-0.0866818	-0.0814143	-0.0772891	-0.0773429	-0.0698776	-0.069677	-0.0766628	-0.0709811	-0.0697682	-0.0731687	-0.0668688	-0.0657017	-0.0673294	-0.061108	-0.0644376	-0.0614574	-0.0612811	-0.0619618	-0.0605347	-0.0612168	-0.0611909	-0.0606797	-0.0614434	-0.0616574	-0.061155	-0.0634508	-0.0628038	-0.0638056	-0.0683325	-0.0640568	-0.0725209	-0.0701596	-0.0705513	-0.0745785	-0.0740526	-0.0676667	-0.0746487	-0.0783747	-0.0781449	-0.0863891	-0.0849723	-0.0853655	-0.0894853	-0.0982459	-0.0985329	-0.0967924	-0.108823	-0.12054	-0.123875	-0.118669	-0.124879	-0.154391	-0.17854	-0.182212	-0.173328	-0.167234	-0.198631	-0.283991	-0.400046	-0.520049	-0.61329	-0.630702	-0.536902	-0.325421	0.00537869	0.446069	0.94239	1.40318	1.74923	1.94251	1.97491	1.84601	1.55854	1.13604	0.642583	0.170342	-0.207654	-0.466657	-0.607217	-0.631847	-0.563213	-0.44892	-0.328087	-0.227033	-0.173587	-0.168685	-0.179782	-0.182449	-0.165968	-0.135108	
-0.121069	-0.121561	-0.125413	-0.118409	-0.102393	-0.0967353	-0.103048	-0.0972	-0.086629	-0.0853689	-0.0866483	-0.0804873	-0.0781112	-0.0832795	-0.0794905	-0.0702577	-0.0705999	-0.0716132	-0.0649795	-0.0698776	-0.0676986	-0.0678622	-0.068369	-0.0679169	-0.066492	-0.0680941	-0.0647915	-0.0674207	-0.064485	-0.0661827	-0.0653943	-0.065166	-0.0666891	-0.0652497	-0.0673863	-0.0667851	-0.0673079	-0.0682927	-0.0680533	-0.0671938	-0.0701596	-0.0660373	-0.0692723	-0.0711796	-0.0698229	-0.0745606	-0.0842729	-0.0791185	-0.0789148	-0.0846491	-0.0855916	-0.0864429	-0.0910208	-0.103255	-0.0994738	-0.0973365	-0.113021	-0.123731	-0.123637	-0.119297	-0.131923	-0.163304	-0.182322	-0.18129	-0.171598	-0.172437	-0.21795	-0.314913	-0.435277	-0.553394	-0.63686	-0.638337	-0.530232	-0.309591	0.0274837	0.471974	0.969085	1.43136	1.78351	1.98439	2.01851	1.88361	1.58862	1.1629	0.668997	0.194361	-0.189001	-0.455802	-0.60863	-0.649341	-0.593602	-0.48428	-0.361593	-0.25167	-0.18408	-0.168622	-0.177699	-0.184216	-0.173607	-0.143493	
-0.126464	-0.120542	-0.124946	-0.123893	-0.109432	-0.0964284	-0.100363	-0.100538	-0.0915408	-0.0866454	-0.0897951	-0.0852176	-0.0744216	-0.07789	-0.0795149	-0.0769292	-0.0753184	-0.075273	-0.0705438	-0.0704166	-0.0684719	-0.0656428	-0.0673885	-0.0645393	-0.0653378	-0.0655381	-0.0638652	-0.0658032	-0.0639025	-0.0650344	-0.0646393	-0.0642906	-0.0651257	-0.0641981	-0.0653104	-0.0645085	-0.0659644	-0.0649023	-0.0677048	-0.0661085	-0.0705513	-0.0692723	-0.0741133	-0.0748778	-0.0765355	-0.0784477	-0.0793734	-0.0744618	-0.0804556	-0.0893055	-0.0880387	-0.0884429	-0.0970867	-0.102686	-0.0956291	-0.103063	-0.119653	-0.124758	-0.123016	-0.121906	-0.140745	-0.172077	-0.184891	-0.179536	-0.170931	-0.181949	-0.243306	-0.350843	-0.473506	-0.586984	-0.656952	-0.63955	-0.515901	-0.285673	0.0571247	0.502724	0.99637	1.45652	1.81311	2.02131	2.05715	1.9163	1.61478	1.18873	0.698627	0.2251	-0.162282	-0.437021	-0.602978	-0.66202	-0.622761	-0.521644	-0.399407	-0.282158	-0.199854	-0.171059	-0.175387	-0.18426	-0.180276	-0.153962	
-0.134358	-0.122761	-0.12453	-0.125305	-0.115155	-0.100673	-0.101797	-0.10264	-0.0930405	-0.0865629	-0.0885082	-0.0909622	-0.0829077	-0.0786553	-0.0783307	-0.0743618	-0.0747299	-0.0759187	-0.0714504	-0.073348	-0.071874	-0.0692629	-0.069807	-0.06848	-0.0658912	-0.0684933	-0.0641053	-0.0669829	-0.0650109	-0.0646678	-0.0668903	-0.0632091	-0.0680572	-0.0639279	-0.0677404	-0.066787	-0.0674275	-0.0691559	-0.0702615	-0.0692537	-0.0745785	-0.0711796	-0.0748778	-0.0748995	-0.0750912	-0.0756497	-0.0798103	-0.0794977	-0.0889386	-0.0903587	-0.0859371	-0.0899932	-0.0989369	-0.103339	-0.0994391	-0.108849	-0.122523	-0.125906	-0.123263	-0.126055	-0.151689	-0.180459	-0.185511	-0.177101	-0.172727	-0.197419	-0.275383	-0.391496	-0.513859	-0.619246	-0.671548	-0.632542	-0.492418	-0.252271	0.095338	0.53856	1.02366	1.4774	1.83606	2.05066	2.08808	1.94181	1.63548	1.21267	0.731375	0.263306	-0.126197	-0.40886	-0.588592	-0.667911	-0.64888	-0.559837	-0.441004	-0.318833	-0.22218	-0.177356	-0.173718	-0.183035	-0.185264	-0.164435	
-0.144072	-0.125391	-0.124856	-0.127968	-0.121759	-0.104149	-0.0994081	-0.105599	-0.100793	-0.089403	-0.086989	-0.0888081	-0.0841681	-0.0845943	-0.0828567	-0.0769361	-0.0731832	-0.077958	-0.0715603	-0.0723045	-0.0744988	-0.0701396	-0.0711312	-0.0726872	-0.0667858	-0.0727654	-0.0662429	-0.0700163	-0.0677188	-0.067363	-0.0693783	-0.0657479	-0.0710808	-0.0654063	-0.0719043	-0.0678254	-0.0703374	-0.0725694	-0.0693306	-0.0733351	-0.0740526	-0.0698229	-0.0765355	-0.0750912	-0.0745709	-0.0800242	-0.0854475	-0.0825309	-0.0883784	-0.0869403	-0.0878318	-0.0960491	-0.104946	-0.103036	-0.0991948	-0.115273	-0.127406	-0.125739	-0.123546	-0.134166	-0.164326	-0.186263	-0.183988	-0.175411	-0.178842	-0.220279	-0.31444	-0.436213	-0.55505	-0.648148	-0.678407	-0.615558	-0.458381	-0.208097	0.142936	0.579501	1.05033	1.49281	1.85034	2.06961	2.1083	1.95777	1.64923	1.23389	0.766988	0.309484	-0.0796083	-0.369956	-0.563879	-0.66493	-0.669789	-0.597244	-0.485397	-0.361546	-0.252265	-0.189438	-0.173809	-0.18038	-0.188351	-0.17558	
-0.157524	-0.131538	-0.124609	-0.127846	-0.127012	-0.112437	-0.10215	-0.10304	-0.102907	-0.096068	-0.0894077	-0.0926042	-0.0834057	-0.0800384	-0.0878451	-0.0847421	-0.0756884	-0.0777698	-0.0771573	-0.0680732	-0.074093	-0.0707414	-0.0678884	-0.0725897	-0.0682256	-0.0698964	-0.0707709	-0.068335	-0.070738	-0.0694527	-0.0691206	-0.0708195	-0.0687136	-0.0702993	-0.0702845	-0.0689094	-0.0707911	-0.0708031	-0.0674032	-0.0756101	-0.0676667	-0.0745606	-0.0784477	-0.0756497	-0.0800242	-0.0891185	-0.083017	-0.0798327	-0.091121	-0.0898265	-0.0934029	-0.100109	-0.104274	-0.101277	-0.106067	-0.123325	-0.127949	-0.125531	-0.127747	-0.144938	-0.175868	-0.189437	-0.181572	-0.175765	-0.191121	-0.251899	-0.360285	-0.483812	-0.595249	-0.671198	-0.675188	-0.586993	-0.412534	-0.152074	0.200373	0.62528	1.07577	1.50173	1.85401	2.07516	2.11457	1.96176	1.65469	1.25166	0.805031	0.363777	-0.0216559	-0.319115	-0.527406	-0.651003	-0.682976	-0.631764	-0.531133	-0.409556	-0.290706	-0.209261	-0.178045	-0.177489	-0.18781	-0.185166	
-0.171325	-0.141972	-0.126969	-0.127566	-0.131749	-0.118597	-0.104341	-0.106001	-0.105085	-0.0991847	-0.0909469	-0.0956095	-0.0945476	-0.0783425	-0.0786896	-0.0858802	-0.0821041	-0.0776836	-0.0851776	-0.0769242	-0.075645	-0.0763513	-0.072108	-0.0698812	-0.0726818	-0.0658146	-0.0709936	-0.0662981	-0.0677929	-0.0685184	-0.0652262	-0.0704892	-0.0644434	-0.0711307	-0.0665986	-0.070065	-0.0715199	-0.070232	-0.0750382	-0.0767798	-0.0746487	-0.0842729	-0.0793734	-0.0798103	-0.0854475	-0.083017	-0.0744749	-0.0892627	-0.0969507	-0.0911715	-0.0955368	-0.102687	-0.107116	-0.103013	-0.112237	-0.128842	-0.12951	-0.12667	-0.133041	-0.158272	-0.186946	-0.18942	-0.178467	-0.180295	-0.212209	-0.293119	-0.411826	-0.532511	-0.632067	-0.685519	-0.659605	-0.545479	-0.353818	-0.0834669	0.267594	0.675293	1.09937	1.50334	1.8452	2.06424	2.10358	1.9514	1.65071	1.26535	0.84488	0.42586	0.0480971	-0.255386	-0.477974	-0.624208	-0.685701	-0.660746	-0.57617	-0.461511	-0.337605	-0.238394	-0.188448	-0.176778	-0.185044	-0.190825	
-0.183932	-0.15578	-0.133458	-0.12527	-0.132548	-0.130625	-0.110434	-0.104149	-0.107814	-0.104848	-0.0918669	-0.0900528	-0.101374	-0.0942405	-0.0830204	-0.0806112	-0.0829099	-0.0738634	-0.0781929	-0.0790851	-0.0771907	-0.0778687	-0.0796974	-0.075271	-0.0790608	-0.0745608	-0.0768907	-0.074089	-0.0755056	-0.073756	-0.0747292	-0.0746422	-0.0740014	-0.0767505	-0.0741621	-0.0781089	-0.0767982	-0.0769697	-0.0801657	-0.0761237	-0.0783747	-0.0791185	-0.0744618	-0.0794977	-0.0825309	-0.0798327	-0.0892627	-0.101737	-0.0939046	-0.0893934	-0.099747	-0.108637	-0.105568	-0.105012	-0.123997	-0.133627	-0.127025	-0.128237	-0.144695	-0.17473	-0.193037	-0.185273	-0.177906	-0.192477	-0.243949	-0.343529	-0.467241	-0.58	-0.662495	-0.687968	-0.62963	-0.489963	-0.281442	-0.00204447	0.3439	0.728584	1.1206	1.49704	1.82223	2.03391	2.0721	1.92444	1.63635	1.27452	0.885718	0.494841	0.129501	-0.178169	-0.414679	-0.582938	-0.675184	-0.68108	-0.617855	-0.51515	-0.392091	-0.278412	-0.207545	-0.180093	-0.181339	-0.19276	
-0.193238	-0.170997	-0.1455	-0.129327	-0.128523	-0.133993	-0.121645	-0.108289	-0.107551	-0.111866	-0.103242	-0.0854679	-0.0911848	-0.0963513	-0.0935529	-0.0885229	-0.0893768	-0.0846094	-0.077811	-0.0791675	-0.0745556	-0.0745867	-0.0738843	-0.0736909	-0.0733591	-0.0739355	-0.0735249	-0.0737777	-0.0742258	-0.0732946	-0.0748279	-0.0731395	-0.0745282	-0.0739421	-0.0730215	-0.0751766	-0.0720066	-0.0747973	-0.0742672	-0.0736926	-0.0781449	-0.0789148	-0.0804556	-0.0889386	-0.0883784	-0.091121	-0.0969507	-0.0939046	-0.0854164	-0.0950114	-0.110819	-0.10985	-0.105394	-0.115602	-0.131236	-0.130937	-0.127686	-0.137511	-0.160318	-0.187146	-0.192967	-0.181507	-0.183471	-0.214309	-0.287351	-0.401985	-0.523948	-0.62321	-0.682916	-0.675439	-0.583698	-0.41973	-0.194965	0.0917284	0.427853	0.783867	1.13898	1.48241	1.78365	1.98155	2.01733	1.87896	1.61087	1.27882	0.92657	0.569216	0.221656	-0.0873352	-0.336956	-0.526039	-0.64883	-0.689268	-0.653014	-0.567539	-0.451875	-0.329475	-0.23818	-0.1912	-0.178843	-0.190009	
-0.196459	-0.185807	-0.159737	-0.137391	-0.129442	-0.136675	-0.130225	-0.113098	-0.105902	-0.109352	-0.116635	-0.102007	-0.0897157	-0.0914393	-0.0902341	-0.0885078	-0.0877359	-0.0912647	-0.0860538	-0.0864595	-0.083529	-0.0811693	-0.0791487	-0.0781397	-0.0753551	-0.0761518	-0.0734371	-0.0744921	-0.0730283	-0.073221	-0.0735122	-0.072517	-0.0744761	-0.0729168	-0.0754269	-0.075379	-0.0764198	-0.0795581	-0.0796603	-0.0825209	-0.0863891	-0.0846491	-0.0893055	-0.0903587	-0.0869403	-0.0898265	-0.0911715	-0.0893934	-0.0950114	-0.113057	-0.113987	-0.105161	-0.10893	-0.124145	-0.13614	-0.132196	-0.131941	-0.149101	-0.176367	-0.195196	-0.189687	-0.180953	-0.197228	-0.248453	-0.343058	-0.465758	-0.57826	-0.658408	-0.689403	-0.645201	-0.520828	-0.334402	-0.0944511	0.196501	0.517258	0.839595	1.15405	1.45911	1.72831	1.90525	1.93716	1.81346	1.5737	1.27798	0.966335	0.646904	0.322776	0.0165984	-0.244607	-0.452909	-0.604561	-0.681643	-0.677859	-0.615144	-0.513747	-0.390258	-0.281451	-0.213575	-0.182824	-0.184418	
-0.192913	-0.195852	-0.177662	-0.151464	-0.129922	-0.133166	-0.141521	-0.127835	-0.110682	-0.102481	-0.109865	-0.114124	-0.103323	-0.0967866	-0.0938982	-0.0907503	-0.0859069	-0.0871032	-0.0863194	-0.0854314	-0.0857761	-0.0853592	-0.0833359	-0.0840546	-0.0816493	-0.0816466	-0.080637	-0.0798975	-0.0797462	-0.0793203	-0.0793526	-0.0795435	-0.0799343	-0.080316	-0.0814362	-0.0817535	-0.0830303	-0.0841255	-0.0837421	-0.0863595	-0.0849723	-0.0855916	-0.0880387	-0.0859371	-0.0878318	-0.0934029	-0.0955368	-0.099747	-0.110819	-0.113987	-0.10376	-0.105467	-0.12096	-0.137999	-0.137995	-0.12821	-0.140324	-0.168014	-0.191125	-0.196201	-0.184885	-0.187307	-0.22337	-0.297419	-0.409032	-0.530221	-0.626	-0.681454	-0.677982	-0.595218	-0.440671	-0.233963	0.0193162	0.309896	0.609263	0.894047	1.16524	1.42673	1.6555	1.80406	1.83065	1.72713	1.52434	1.2716	1.0038	0.72536	0.430129	0.13226	-0.137864	-0.36349	-0.541101	-0.654812	-0.688192	-0.653717	-0.573199	-0.458207	-0.337827	-0.248833	-0.197646	-0.181907	
-0.187577	-0.197836	-0.191178	-0.171895	-0.144501	-0.128049	-0.135846	-0.140091	-0.128507	-0.110705	-0.103812	-0.1086	-0.109603	-0.105816	-0.100015	-0.0983781	-0.0920647	-0.0892197	-0.0867856	-0.0859188	-0.0837079	-0.0850772	-0.0836563	-0.083861	-0.0838521	-0.0835076	-0.0828493	-0.0838675	-0.0819068	-0.0839016	-0.0820165	-0.0834509	-0.0829094	-0.0830472	-0.0837769	-0.08309	-0.0842518	-0.0834056	-0.084682	-0.0842034	-0.0853655	-0.0864429	-0.0884429	-0.0899932	-0.0960491	-0.100109	-0.102687	-0.108637	-0.10985	-0.105161	-0.105467	-0.121203	-0.137234	-0.139346	-0.129319	-0.134719	-0.161738	-0.185366	-0.196936	-0.192138	-0.184538	-0.20603	-0.265424	-0.3606	-0.480513	-0.59012	-0.662776	-0.687715	-0.645058	-0.524484	-0.343469	-0.118839	0.144571	0.428489	0.70058	0.945408	1.17173	1.38468	1.56497	1.67843	1.69841	1.62001	1.4623	1.259	1.03764	0.801779	0.540116	0.25721	-0.0175383	-0.258207	-0.458133	-0.606055	-0.679757	-0.678889	-0.624619	-0.527997	-0.406464	-0.299038	-0.226	-0.188287	
-0.186181	-0.194382	-0.198625	-0.187664	-0.165111	-0.139835	-0.131667	-0.136031	-0.139159	-0.128535	-0.111962	-0.106747	-0.104431	-0.107634	-0.105343	-0.104493	-0.102199	-0.0971992	-0.0941587	-0.0899354	-0.0880516	-0.0839048	-0.0847989	-0.0817088	-0.082209	-0.0819249	-0.080769	-0.0819938	-0.0806412	-0.0814914	-0.0810807	-0.0808204	-0.0817602	-0.0801943	-0.0826613	-0.0803027	-0.0834937	-0.0822725	-0.0849369	-0.0859156	-0.0894853	-0.0910208	-0.0970867	-0.0989369	-0.104946	-0.104274	-0.107116	-0.105568	-0.105394	-0.10893	-0.12096	-0.137234	-0.138541	-0.132613	-0.133906	-0.154164	-0.180268	-0.19556	-0.197591	-0.187831	-0.194666	-0.242121	-0.324296	-0.434206	-0.551304	-0.639945	-0.683645	-0.672416	-0.588143	-0.433165	-0.229911	0.00989086	0.278313	0.54797	0.787793	0.991771	1.17218	1.33201	1.45716	1.53048	1.54293	1.49327	1.38709	1.23897	1.06628	0.873337	0.648524	0.387796	0.114724	-0.137908	-0.356365	-0.533816	-0.648357	-0.686323	-0.662841	-0.592201	-0.482312	-0.364793	-0.271376	-0.209023	
-0.198612	-0.188482	-0.197424	-0.199941	-0.186408	-0.157718	-0.138218	-0.132911	-0.135734	-0.140979	-0.129666	-0.118613	-0.10887	-0.102551	-0.102974	-0.100578	-0.104509	-0.102219	-0.103345	-0.0994099	-0.099535	-0.0943926	-0.0933286	-0.0900106	-0.0883289	-0.085932	-0.0859543	-0.0829836	-0.0847856	-0.0821707	-0.0838634	-0.0833169	-0.0836734	-0.0854749	-0.0853996	-0.0879804	-0.089394	-0.0917255	-0.0940369	-0.0979267	-0.0982459	-0.103255	-0.102686	-0.103339	-0.103036	-0.101277	-0.103013	-0.105012	-0.115602	-0.124145	-0.137999	-0.139346	-0.132613	-0.134666	-0.147677	-0.175747	-0.196999	-0.199886	-0.191714	-0.189959	-0.22449	-0.297932	-0.396854	-0.512112	-0.614277	-0.673749	-0.683381	-0.631545	-0.506367	-0.322383	-0.101083	0.150111	0.416196	0.663535	0.867663	1.03104	1.16456	1.2675	1.33335	1.36415	1.36871	1.34933	1.2983	1.20967	1.08774	0.937366	0.750954	0.519198	0.256085	-0.00385535	-0.23732	-0.438294	-0.590536	-0.671179	-0.683324	-0.643786	-0.557171	-0.441965	-0.334359	-0.25024	
-0.234474	-0.195457	-0.190072	-0.196944	-0.202916	-0.186182	-0.156022	-0.138906	-0.129317	-0.134061	-0.138992	-0.132868	-0.127925	-0.115966	-0.109382	-0.101271	-0.0985492	-0.0978589	-0.0976752	-0.098573	-0.0988486	-0.100278	-0.0988417	-0.0995837	-0.0984956	-0.0972349	-0.0975851	-0.0954379	-0.0963703	-0.0949103	-0.0955888	-0.0956207	-0.0954727	-0.0974123	-0.0960268	-0.0993831	-0.0975925	-0.100019	-0.099461	-0.0995044	-0.0985329	-0.0994738	-0.0956291	-0.0994391	-0.0991948	-0.106067	-0.112237	-0.123997	-0.131236	-0.13614	-0.137995	-0.129319	-0.133906	-0.147677	-0.173666	-0.199942	-0.200829	-0.191901	-0.190251	-0.21352	-0.277462	-0.36954	-0.477838	-0.586438	-0.661274	-0.685714	-0.657336	-0.562563	-0.400501	-0.193919	0.0413143	0.298252	0.552716	0.770434	0.937316	1.06075	1.1461	1.18983	1.19582	1.18516	1.18215	1.19202	1.19587	1.1686	1.09945	0.991389	0.843349	0.645782	0.402141	0.141987	-0.102847	-0.321475	-0.504856	-0.628595	-0.681247	-0.676615	-0.622021	-0.523319	-0.411144	-0.311603	
-0.293471	-0.225158	-0.196763	-0.189484	-0.195963	-0.203747	-0.186435	-0.16202	-0.142246	-0.128053	-0.130755	-0.131855	-0.132724	-0.130925	-0.125313	-0.119932	-0.11018	-0.105553	-0.0996203	-0.0975091	-0.0939511	-0.0948575	-0.0930353	-0.0942572	-0.0937579	-0.0948038	-0.0941112	-0.0954769	-0.0943066	-0.095448	-0.0947674	-0.0947495	-0.0952319	-0.0940071	-0.0950119	-0.0938023	-0.0940255	-0.0938422	-0.093938	-0.0938357	-0.0967924	-0.0973365	-0.103063	-0.108849	-0.115273	-0.123325	-0.128842	-0.133627	-0.130937	-0.132196	-0.12821	-0.134719	-0.154164	-0.175747	-0.199942	-0.201219	-0.190013	-0.191959	-0.209637	-0.261558	-0.349478	-0.452566	-0.559745	-0.646422	-0.684611	-0.671355	-0.601823	-0.464718	-0.272831	-0.0500904	0.194526	0.449072	0.681759	0.864534	0.994189	1.07782	1.11345	1.09807	1.04804	1.00067	0.991115	1.02649	1.08046	1.11302	1.09806	1.03291	0.922412	0.761827	0.546845	0.296272	0.0450958	-0.186368	-0.392605	-0.555175	-0.651594	-0.685289	-0.667751	-0.598824	-0.495854	-0.389566	
-0.374929	-0.280316	-0.221542	-0.198238	-0.189119	-0.196281	-0.201107	-0.187401	-0.169996	-0.148197	-0.133329	-0.129515	-0.127083	-0.128758	-0.127646	-0.128307	-0.124999	-0.120263	-0.115409	-0.110873	-0.105746	-0.102186	-0.099173	-0.0965866	-0.0948896	-0.0939772	-0.0924741	-0.0928779	-0.091523	-0.0924091	-0.0915375	-0.0922821	-0.0923626	-0.0925429	-0.0940787	-0.093879	-0.0967302	-0.0976112	-0.100995	-0.104319	-0.108823	-0.113021	-0.119653	-0.122523	-0.127406	-0.127949	-0.12951	-0.127025	-0.127686	-0.131941	-0.140324	-0.161738	-0.180268	-0.196999	-0.200829	-0.190013	-0.192718	-0.20964	-0.251319	-0.334654	-0.436674	-0.538672	-0.630053	-0.681581	-0.67955	-0.627072	-0.51414	-0.339613	-0.126958	0.106254	0.354243	0.595831	0.797423	0.942647	1.03572	1.07849	1.06324	0.992195	0.894613	0.818609	0.804136	0.858948	0.953905	1.04055	1.07962	1.05903	0.985657	0.862439	0.683065	0.453557	0.20393	-0.0360862	-0.25738	-0.450324	-0.58998	-0.66523	-0.686937	-0.656746	-0.577764	-0.477569	
-0.467773	-0.366442	-0.274353	-0.22112	-0.197533	-0.189838	-0.197078	-0.198598	-0.190149	-0.176161	-0.155695	-0.141175	-0.131735	-0.12744	-0.125772	-0.124888	-0.126519	-0.125543	-0.124007	-0.121772	-0.119352	-0.115387	-0.113317	-0.109619	-0.107737	-0.105197	-0.103872	-0.10232	-0.101711	-0.101156	-0.100949	-0.101651	-0.101608	-0.103591	-0.104076	-0.106829	-0.108637	-0.11157	-0.114651	-0.117874	-0.12054	-0.123731	-0.124758	-0.125906	-0.125739	-0.125531	-0.12667	-0.128237	-0.137511	-0.149101	-0.168014	-0.185366	-0.19556	-0.199886	-0.191901	-0.191959	-0.20964	-0.247814	-0.326185	-0.428259	-0.525554	-0.614979	-0.676741	-0.685335	-0.643034	-0.549117	-0.393965	-0.191697	0.0328947	0.271526	0.51417	0.730975	0.894901	1.00245	1.05892	1.05859	0.992923	0.87378	0.741117	0.646825	0.629435	0.696124	0.819497	0.950067	1.04017	1.06614	1.03097	0.944208	0.803805	0.606224	0.369356	0.12638	-0.103928	-0.316794	-0.49393	-0.612467	-0.674289	-0.687001	-0.644961	-0.562425	
-0.55425	-0.464297	-0.364985	-0.276993	-0.223201	-0.195708	-0.189291	-0.195542	-0.19786	-0.194723	-0.183171	-0.16606	-0.150324	-0.13734	-0.130003	-0.124609	-0.122778	-0.12329	-0.123619	-0.123566	-0.124181	-0.122915	-0.122232	-0.120757	-0.119376	-0.117849	-0.116832	-0.115404	-0.115157	-0.114167	-0.114633	-0.114429	-0.115334	-0.116198	-0.117166	-0.119055	-0.119862	-0.121953	-0.122627	-0.123635	-0.123875	-0.123637	-0.123016	-0.123263	-0.123546	-0.127747	-0.133041	-0.144695	-0.160318	-0.176367	-0.191125	-0.196936	-0.197591	-0.191714	-0.190251	-0.209637	-0.251319	-0.326185	-0.425638	-0.519743	-0.604504	-0.671259	-0.689573	-0.653728	-0.571974	-0.435191	-0.245192	-0.0272702	0.202701	0.44059	0.665999	0.847388	0.971042	1.04192	1.06008	1.01431	0.90185	0.746324	0.593616	0.492132	0.473883	0.544564	0.682039	0.842632	0.976747	1.05005	1.05585	1.00515	0.90362	0.745471	0.534406	0.2974	0.0629972	-0.160165	-0.364119	-0.524177	-0.626697	-0.680998	-0.685728	-0.635338	
-0.630782	-0.552964	-0.465821	-0.370881	-0.287633	-0.229976	-0.196574	-0.186806	-0.189995	-0.195044	-0.197026	-0.191143	-0.179646	-0.164561	-0.150178	-0.138565	-0.128746	-0.122923	-0.1202	-0.118599	-0.118699	-0.119473	-0.119742	-0.120761	-0.12087	-0.121286	-0.121325	-0.121295	-0.121388	-0.121165	-0.121479	-0.121112	-0.121689	-0.121133	-0.121684	-0.120981	-0.120947	-0.120257	-0.119472	-0.119023	-0.118669	-0.119297	-0.121906	-0.126055	-0.134166	-0.144938	-0.158272	-0.17473	-0.187146	-0.195196	-0.196201	-0.192138	-0.187831	-0.189959	-0.21352	-0.261558	-0.334654	-0.428259	-0.519743	-0.600788	-0.667532	-0.692132	-0.660998	-0.585867	-0.463645	-0.28711	-0.0756728	0.147692	0.378267	0.605633	0.800418	0.93987	1.02417	1.05846	1.03503	0.943379	0.792158	0.615212	0.457976	0.359459	0.342155	0.409819	0.547447	0.721996	0.88872	1.00678	1.05678	1.04379	0.979451	0.863225	0.689536	0.471291	0.239032	0.012399	-0.205213	-0.39891	-0.543333	-0.635641	-0.685557	-0.684194	
-0.683756	-0.632708	-0.558353	-0.472865	-0.383221	-0.304163	-0.24332	-0.203877	-0.186449	-0.183556	-0.187879	-0.192586	-0.193625	-0.189649	-0.180309	-0.169188	-0.15709	-0.144968	-0.135211	-0.127566	-0.121546	-0.118175	-0.115582	-0.114462	-0.113831	-0.113686	-0.113683	-0.113903	-0.113883	-0.114139	-0.113956	-0.114053	-0.113818	-0.113676	-0.113681	-0.113508	-0.114228	-0.114873	-0.117035	-0.120097	-0.124879	-0.131923	-0.140745	-0.151689	-0.164326	-0.175868	-0.186946	-0.193037	-0.192967	-0.189687	-0.184885	-0.184538	-0.194666	-0.22449	-0.277462	-0.349478	-0.436674	-0.525554	-0.604504	-0.667532	-0.692968	-0.664874	-0.593331	-0.4809	-0.316926	-0.112719	0.105576	0.328759	0.553218	0.75606	0.909357	1.00597	1.05292	1.04837	0.980245	0.846517	0.669124	0.487089	0.339067	0.251333	0.236273	0.295732	0.421941	0.594484	0.778854	0.934077	1.02946	1.05788	1.03019	0.95414	0.824275	0.639102	0.41948	0.194095	-0.0263593	-0.238602	-0.421633	-0.554043	-0.640509	-0.687501	
-0.686579	-0.684786	-0.640526	-0.570771	-0.487395	-0.401825	-0.325136	-0.262586	-0.218195	-0.192602	-0.182001	-0.180987	-0.184054	-0.188061	-0.189549	-0.187459	-0.182985	-0.175758	-0.166894	-0.158128	-0.149298	-0.141526	-0.135032	-0.129517	-0.125415	-0.122163	-0.119822	-0.118252	-0.117106	-0.116706	-0.116433	-0.117005	-0.117598	-0.11925	-0.121061	-0.124123	-0.127812	-0.132726	-0.13889	-0.145996	-0.154391	-0.163304	-0.172077	-0.180459	-0.186263	-0.189437	-0.18942	-0.185273	-0.181507	-0.180953	-0.187307	-0.20603	-0.242121	-0.297932	-0.36954	-0.452566	-0.538672	-0.614979	-0.671259	-0.692132	-0.664874	-0.595696	-0.488891	-0.334587	-0.13799	0.0755919	0.292268	0.511208	0.716968	0.880788	0.988362	1.04518	1.05477	1.00737	0.894671	0.728381	0.540657	0.368753	0.240054	0.167776	0.155654	0.204002	0.311004	0.468075	0.653658	0.833176	0.970189	1.04355	1.05495	1.01638	0.930189	0.788891	0.597015	0.380139	0.161865	-0.0533928	-0.259761	-0.433452	-0.558233	-0.641414	
-0.638289	-0.682961	-0.686327	-0.651875	-0.589725	-0.511023	-0.428577	-0.352207	-0.287474	-0.23826	-0.205615	-0.187512	-0.179595	-0.178223	-0.180509	-0.183037	-0.184739	-0.185164	-0.183406	-0.180155	-0.17584	-0.170564	-0.165345	-0.160112	-0.155433	-0.15137	-0.148046	-0.145514	-0.143801	-0.142846	-0.142736	-0.143365	-0.144804	-0.147058	-0.149994	-0.153845	-0.15813	-0.163206	-0.168372	-0.173648	-0.17854	-0.182322	-0.184891	-0.185511	-0.183988	-0.181572	-0.178467	-0.177906	-0.183471	-0.197228	-0.22337	-0.265424	-0.324296	-0.396854	-0.477838	-0.559745	-0.630053	-0.676741	-0.689573	-0.660998	-0.593331	-0.488891	-0.34041	-0.150836	0.0575136	0.268358	0.480904	0.685603	0.855898	0.972381	1.03699	1.05657	1.02541	0.932557	0.781542	0.597519	0.415907	0.265874	0.162007	0.106677	0.0976122	0.13415	0.218423	0.350879	0.522585	0.709912	0.878233	0.996177	1.05108	1.05015	1.00356	0.90892	0.759398	0.565262	0.353389	0.141756	-0.0683015	-0.268413	-0.435391	-0.556663	
-0.548911	-0.631092	-0.677083	-0.687039	-0.663666	-0.612531	-0.542594	-0.46511	-0.389252	-0.321438	-0.266234	-0.225932	-0.199636	-0.184302	-0.177313	-0.17566	-0.176481	-0.178532	-0.180581	-0.181781	-0.182251	-0.181699	-0.180405	-0.178637	-0.176537	-0.174455	-0.172527	-0.170898	-0.169762	-0.16904	-0.168973	-0.169315	-0.170327	-0.171649	-0.173494	-0.175469	-0.177598	-0.179589	-0.181144	-0.182167	-0.182212	-0.18129	-0.179536	-0.177101	-0.175411	-0.175765	-0.180295	-0.192477	-0.214309	-0.248453	-0.297419	-0.3606	-0.434206	-0.512112	-0.586438	-0.646422	-0.681581	-0.685335	-0.653728	-0.585867	-0.4809	-0.334587	-0.150836	0.0514562	0.25654	0.462728	0.663794	0.836514	0.959073	1.02955	1.05596	1.03662	0.960476	0.825205	0.649157	0.464942	0.303366	0.181952	0.103935	0.0644752	0.058162	0.0838903	0.145708	0.249487	0.396173	0.574417	0.757974	0.91302	1.01375	1.05447	1.04507	0.992691	0.891827	0.737821	0.544922	0.338915	0.133504	-0.0706927	-0.264522	-0.427634	
-0.409416	-0.533429	-0.619125	-0.669066	-0.686242	-0.673723	-0.635345	-0.577691	-0.509169	-0.437399	-0.368636	-0.30812	-0.259399	-0.223124	-0.198208	-0.182994	-0.174871	-0.171502	-0.171255	-0.172521	-0.174397	-0.176348	-0.177912	-0.179091	-0.179793	-0.180133	-0.180216	-0.180135	-0.180015	-0.179908	-0.17988	-0.179918	-0.180034	-0.180119	-0.18017	-0.179964	-0.179522	-0.178585	-0.177222	-0.175402	-0.173328	-0.171598	-0.170931	-0.172727	-0.178842	-0.191121	-0.212209	-0.243949	-0.287351	-0.343058	-0.409032	-0.480513	-0.551304	-0.614277	-0.661274	-0.684611	-0.67955	-0.643034	-0.571974	-0.463645	-0.316926	-0.13799	0.0575136	0.25654	0.456683	0.652646	0.824196	0.949468	1.02367	1.05449	1.04319	0.980039	0.859081	0.692675	0.509767	0.341716	0.209125	0.117865	0.0632421	0.0369811	0.0328786	0.0497878	0.0920892	0.167754	0.283731	0.439173	0.619501	0.796568	0.93851	1.02504	1.05561	1.04074	0.984605	0.880319	0.725602	0.536436	0.336427	0.13704	-0.0605292	-0.248156	
-0.219535	-0.379552	-0.507822	-0.600173	-0.657552	-0.683428	-0.681514	-0.65577	-0.611566	-0.555076	-0.491986	-0.427378	-0.366096	-0.311933	-0.266813	-0.231447	-0.205447	-0.187393	-0.175773	-0.169027	-0.165639	-0.164537	-0.164778	-0.165734	-0.166986	-0.16824	-0.169354	-0.170246	-0.170866	-0.171239	-0.171316	-0.171155	-0.17069	-0.169987	-0.168999	-0.16782	-0.166535	-0.165353	-0.164673	-0.165006	-0.167234	-0.172437	-0.181949	-0.197419	-0.220279	-0.251899	-0.293119	-0.343529	-0.401985	-0.465758	-0.530221	-0.59012	-0.639945	-0.673749	-0.685714	-0.671355	-0.627072	-0.549117	-0.435191	-0.28711	-0.112719	0.0755919	0.268358	0.462728	0.652646	0.819972	0.944421	1.01992	1.05308	1.04681	0.992996	0.883918	0.72724	0.547943	0.376733	0.236448	0.135903	0.0721186	0.036433	0.0201039	0.017613	0.0279985	0.0550319	0.106424	0.191411	0.316024	0.476796	0.65635	0.825836	0.95616	1.03189	1.05575	1.03778	0.979985	0.875429	0.723522	0.539938	0.345888	0.152376	-0.0381658	
