-0.0462768	-0.0844341	-0.122421	-0.148979	-0.157489	-0.147041	-0.12	-0.0719988	0.00396268	0.0917079	0.19221	0.309844	0.428751	0.539503	0.646183	0.747118	0.837234	0.904941	0.948351	0.98142	0.976081	0.929214	0.850006	0.751715	0.650655	0.546952	0.442771	0.344924	0.280065	0.252936	0.241047	0.233212	0.215464	0.193764	0.171697	0.184267	0.239066	0.329183	0.429373	0.523414	0.592615	0.60974	0.552009	0.426341	0.246428	0.0451801	-0.172181	-0.383506	-0.565488	-0.686249	-0.716949	-0.65509	-0.519937	-0.343397	-0.159148	0.00779122	0.147555	0.255705	0.342505	0.403167	0.443911	0.474944	0.491919	0.49555	0.486178	0.464517	0.423225	0.365659	0.294951	0.199491	0.0895654	-0.0271761	-0.156899	-0.289179	-0.413942	-0.529201	-0.636676	-0.737806	-0.820119	-0.881468	-0.936695	-0.980729	-1.00207	-1.01362	-1.03392	-1.07104	-1.11941	-1.15	-1.13047	-1.05442	-0.927804	-0.751375	-0.53517	-0.301043	-0.064883	0.155796	0.320496	0.381861	0.326329	0.183706	
-0.0090614	-0.00828791	-0.00424967	0.00997592	0.0374427	0.0774286	0.131603	0.200861	0.285953	0.378498	0.471411	0.569105	0.665416	0.747199	0.823658	0.893913	0.94945	0.976337	0.977827	0.960574	0.909775	0.820992	0.714678	0.604205	0.504876	0.41484	0.329812	0.2545	0.211809	0.201522	0.203528	0.202372	0.191567	0.171697	0.154586	0.170437	0.229651	0.323557	0.42559	0.523313	0.593923	0.613117	0.559039	0.436072	0.264767	0.0708907	-0.137077	-0.335688	-0.507738	-0.614645	-0.632364	-0.561391	-0.417854	-0.234983	-0.0515932	0.113479	0.249564	0.344084	0.41305	0.457035	0.481657	0.494008	0.487284	0.466042	0.432119	0.382061	0.310739	0.226419	0.130829	0.014192	-0.107631	-0.226711	-0.350941	-0.470892	-0.57865	-0.674593	-0.761391	-0.838752	-0.891701	-0.917609	-0.93187	-0.931771	-0.911929	-0.892113	-0.895044	-0.929869	-0.988998	-1.03953	-1.04539	-0.996298	-0.893576	-0.734885	-0.530076	-0.302365	-0.0693119	0.149884	0.313883	0.375696	0.321976	0.18167	
0.0404351	0.0875533	0.134037	0.189101	0.257049	0.334271	0.414763	0.501058	0.593386	0.676155	0.7558	0.835699	0.906921	0.963499	1.01068	1.04678	1.06047	1.04175	0.99224	0.930654	0.838091	0.724053	0.605412	0.497862	0.411195	0.339128	0.273282	0.217616	0.190894	0.194456	0.20297	0.208647	0.19945	0.184267	0.170437	0.192884	0.258627	0.357195	0.465218	0.565604	0.640144	0.661247	0.608017	0.489775	0.321398	0.134129	-0.0668423	-0.259593	-0.421773	-0.519716	-0.530341	-0.452282	-0.307515	-0.130735	0.0453346	0.197466	0.314972	0.395372	0.450522	0.475468	0.476814	0.463172	0.431575	0.383452	0.319638	0.242805	0.148158	0.0429803	-0.0668451	-0.187558	-0.305411	-0.415835	-0.526532	-0.628881	-0.717328	-0.792048	-0.853681	-0.899445	-0.913887	-0.897614	-0.869797	-0.831692	-0.783685	-0.749748	-0.752764	-0.799466	-0.878267	-0.952283	-0.983221	-0.958625	-0.876314	-0.731582	-0.534717	-0.310632	-0.0786801	0.140225	0.304159	0.367017	0.315947	0.178858	
0.0904147	0.191062	0.287473	0.385079	0.487944	0.586732	0.68156	0.774685	0.864635	0.945531	1.01521	1.08021	1.13385	1.16467	1.1802	1.17723	1.14582	1.07927	0.990214	0.892985	0.781333	0.657389	0.545862	0.451553	0.384554	0.330598	0.282087	0.240587	0.227186	0.238006	0.252394	0.259301	0.252884	0.239066	0.229651	0.258627	0.329569	0.434715	0.54468	0.649124	0.723984	0.743994	0.691172	0.570846	0.405382	0.219535	0.0194747	-0.169618	-0.330893	-0.426742	-0.435189	-0.360208	-0.221403	-0.0514791	0.110894	0.248673	0.351549	0.410403	0.43987	0.438	0.414468	0.375991	0.315816	0.240924	0.155769	0.0587925	-0.050884	-0.15973	-0.267071	-0.382068	-0.48842	-0.583489	-0.677153	-0.760168	-0.82555	-0.871953	-0.89948	-0.905309	-0.876617	-0.820119	-0.759415	-0.69812	-0.639554	-0.608346	-0.624435	-0.69062	-0.79142	-0.887392	-0.940098	-0.936432	-0.871225	-0.737551	-0.546266	-0.324004	-0.0919259	0.127293	0.291397	0.355702	0.308094	0.175186	
0.142104	0.285898	0.420972	0.551448	0.679354	0.797383	0.902699	1.00244	1.09236	1.16308	1.22474	1.27421	1.30473	1.30709	1.28719	1.24653	1.17555	1.07685	0.963606	0.856751	0.742477	0.630374	0.534866	0.463108	0.414943	0.37902	0.342041	0.312983	0.307032	0.324658	0.339828	0.348513	0.341513	0.329183	0.323557	0.357195	0.434715	0.541363	0.654184	0.75682	0.828819	0.843845	0.783087	0.658449	0.487635	0.297823	0.0952932	-0.0974141	-0.259727	-0.354315	-0.364869	-0.292409	-0.160187	-0.00561858	0.139228	0.255141	0.330108	0.363646	0.368857	0.342067	0.2927	0.227067	0.14563	0.054358	-0.0442761	-0.145887	-0.252416	-0.356318	-0.456378	-0.557832	-0.647166	-0.725571	-0.799251	-0.855815	-0.889072	-0.898494	-0.885616	-0.849874	-0.783149	-0.698465	-0.621396	-0.554522	-0.501174	-0.484287	-0.519673	-0.60655	-0.72687	-0.840515	-0.910781	-0.92479	-0.874273	-0.749828	-0.562761	-0.341305	-0.108455	0.111245	0.275462	0.341495	0.298186	0.170526	
0.16856	0.343873	0.504023	0.654306	0.802019	0.932371	1.04694	1.15195	1.2424	1.31182	1.36159	1.39247	1.3958	1.36643	1.31367	1.24193	1.14604	1.03156	0.91755	0.816505	0.718777	0.625166	0.554788	0.50337	0.475351	0.451123	0.42511	0.402923	0.405051	0.425007	0.441646	0.448987	0.441201	0.429373	0.42559	0.465218	0.54468	0.654184	0.764303	0.863964	0.929817	0.934385	0.86549	0.730504	0.553397	0.357376	0.147833	-0.0497557	-0.216363	-0.316046	-0.331394	-0.268118	-0.151697	-0.0146386	0.107061	0.198079	0.248565	0.256395	0.235795	0.183483	0.114254	0.0359851	-0.0551532	-0.150985	-0.246693	-0.344572	-0.445884	-0.537266	-0.622182	-0.708493	-0.779035	-0.833583	-0.877559	-0.898887	-0.892989	-0.861712	-0.810472	-0.741773	-0.651279	-0.555968	-0.479878	-0.421714	-0.383415	-0.385644	-0.440491	-0.544915	-0.679861	-0.806194	-0.890261	-0.919648	-0.882439	-0.766343	-0.582918	-0.361827	-0.127976	0.0920414	0.256087	0.324052	0.285937	0.164722	
0.176317	0.355018	0.524386	0.685028	0.840088	0.97785	1.09789	1.2078	1.29381	1.35002	1.38559	1.39327	1.37251	1.31876	1.24634	1.16321	1.06251	0.955564	0.857761	0.778846	0.703939	0.635743	0.587815	0.557783	0.543039	0.530271	0.508918	0.494922	0.50088	0.524287	0.539557	0.545574	0.536309	0.523414	0.523313	0.565604	0.649124	0.75682	0.863964	0.957331	1.01225	1.00481	0.920559	0.772977	0.584538	0.376494	0.156594	-0.0507835	-0.227181	-0.332653	-0.357058	-0.306069	-0.204	-0.0883839	0.00953166	0.0764473	0.101785	0.0890732	0.0512418	-0.0119438	-0.0859058	-0.168967	-0.260038	-0.351212	-0.441899	-0.530305	-0.616409	-0.692751	-0.762737	-0.826264	-0.866683	-0.888859	-0.896416	-0.877318	-0.831779	-0.766096	-0.688695	-0.602886	-0.506063	-0.416633	-0.354252	-0.312558	-0.292465	-0.313041	-0.383728	-0.500608	-0.644825	-0.779405	-0.874552	-0.918054	-0.893616	-0.78569	-0.605897	-0.385143	-0.150384	0.0695136	0.232919	0.302973	0.271015	0.157588	
0.169332	0.343545	0.503424	0.655535	0.807588	0.938772	1.04955	1.14663	1.21658	1.25476	1.27091	1.2601	1.22112	1.16004	1.0868	1.01215	0.927936	0.843843	0.776357	0.725756	0.677841	0.634371	0.608727	0.595669	0.593929	0.587522	0.572566	0.563346	0.575457	0.599541	0.614218	0.61763	0.605932	0.592615	0.593923	0.640144	0.723984	0.828819	0.929817	1.01225	1.05435	1.02775	0.926201	0.760861	0.557219	0.334238	0.100765	-0.120354	-0.305508	-0.419701	-0.453358	-0.411669	-0.325039	-0.226535	-0.146063	-0.0952066	-0.0842576	-0.106848	-0.149506	-0.216301	-0.291746	-0.371481	-0.455909	-0.538099	-0.615674	-0.690501	-0.761745	-0.81609	-0.858046	-0.889317	-0.894226	-0.878838	-0.847324	-0.791968	-0.717444	-0.632051	-0.545172	-0.458855	-0.37041	-0.297817	-0.254995	-0.231089	-0.227431	-0.262462	-0.34395	-0.468062	-0.616844	-0.756277	-0.860852	-0.918015	-0.906368	-0.80689	-0.631115	-0.410988	-0.175686	0.0434129	0.205558	0.277826	0.25306	0.148913	
0.151492	0.307284	0.454049	0.588312	0.715953	0.821466	0.905579	0.976861	1.01858	1.03147	1.02814	1.00326	0.961067	0.904337	0.847645	0.795937	0.738602	0.687654	0.653752	0.632835	0.611332	0.590174	0.58516	0.587135	0.595831	0.596231	0.585567	0.583706	0.600064	0.626058	0.638586	0.639152	0.624752	0.60974	0.613117	0.661247	0.743994	0.843845	0.934385	1.00481	1.02775	0.980733	0.857636	0.672681	0.453019	0.214663	-0.0328132	-0.262886	-0.455496	-0.572685	-0.607822	-0.571511	-0.49133	-0.40129	-0.330395	-0.288815	-0.284155	-0.307975	-0.353637	-0.41929	-0.48635	-0.557798	-0.631959	-0.700647	-0.762921	-0.817179	-0.859496	-0.881807	-0.89179	-0.885918	-0.851388	-0.801358	-0.740426	-0.662267	-0.574368	-0.485962	-0.405158	-0.330577	-0.258906	-0.207335	-0.183941	-0.174867	-0.18347	-0.228186	-0.315646	-0.442581	-0.592245	-0.734184	-0.847381	-0.91824	-0.919668	-0.829186	-0.658112	-0.439176	-0.203958	0.0134334	0.173571	0.248167	0.231693	0.138469	
0.127521	0.25336	0.365615	0.466963	0.562274	0.631468	0.679531	0.716859	0.727048	0.716467	0.702182	0.672735	0.634908	0.596939	0.56185	0.538342	0.510391	0.488744	0.486142	0.488553	0.486838	0.48523	0.494242	0.510164	0.525324	0.531552	0.525165	0.529896	0.551609	0.577598	0.588795	0.585238	0.569012	0.552009	0.559039	0.608017	0.691172	0.783087	0.86549	0.920559	0.926201	0.857636	0.714493	0.512259	0.279706	0.0278591	-0.226148	-0.463089	-0.654821	-0.766749	-0.79883	-0.757951	-0.676826	-0.590239	-0.523507	-0.483492	-0.481601	-0.506582	-0.547153	-0.603238	-0.660793	-0.721163	-0.778421	-0.824565	-0.85916	-0.883099	-0.892643	-0.879545	-0.853233	-0.811602	-0.747445	-0.676059	-0.599751	-0.514501	-0.429351	-0.351701	-0.28659	-0.229172	-0.176477	-0.144984	-0.137254	-0.138264	-0.154635	-0.204806	-0.294383	-0.420782	-0.568608	-0.711538	-0.833102	-0.917867	-0.932704	-0.851916	-0.686471	-0.469557	-0.23533	-0.020772	0.136523	0.213565	0.206531	0.126008	
0.0816117	0.163363	0.235324	0.291647	0.341272	0.371473	0.384997	0.394069	0.384968	0.362913	0.34474	0.32161	0.295475	0.275728	0.265562	0.264234	0.259605	0.262955	0.281174	0.30085	0.312456	0.32354	0.345143	0.36819	0.389954	0.397935	0.396483	0.407132	0.433114	0.459166	0.467268	0.461235	0.441905	0.426341	0.436072	0.489775	0.570846	0.658449	0.730504	0.772977	0.760861	0.672681	0.512259	0.297039	0.0546272	-0.202049	-0.459557	-0.693557	-0.875931	-0.978307	-0.997752	-0.948646	-0.865329	-0.778571	-0.710928	-0.673178	-0.669696	-0.683578	-0.715833	-0.761597	-0.801425	-0.839	-0.868004	-0.884192	-0.887958	-0.877935	-0.850879	-0.804801	-0.751788	-0.686948	-0.606843	-0.528916	-0.452801	-0.3748	-0.303249	-0.243259	-0.196949	-0.156681	-0.121019	-0.105845	-0.108709	-0.115169	-0.135688	-0.188172	-0.277093	-0.400507	-0.544509	-0.687508	-0.817459	-0.916273	-0.94474	-0.874426	-0.715765	-0.501999	-0.269972	-0.0595794	0.0939965	0.173624	0.177199	0.111271	
0.0241186	0.0452043	0.0628514	0.0731295	0.0795441	0.0719422	0.058698	0.0477254	0.0251458	0.00399885	-0.00551014	-0.0182009	-0.0264924	-0.024825	-0.0166921	0.000923455	0.0118091	0.0296485	0.0630392	0.0881404	0.107672	0.126181	0.15323	0.182406	0.2038	0.214316	0.214572	0.231487	0.260434	0.284524	0.290873	0.280258	0.261915	0.246428	0.264767	0.321398	0.405382	0.487635	0.553397	0.584538	0.557219	0.453019	0.279706	0.0546272	-0.190171	-0.451478	-0.705479	-0.933525	-1.10547	-1.19163	-1.19773	-1.13817	-1.04604	-0.953326	-0.882903	-0.837818	-0.8235	-0.828467	-0.846341	-0.86651	-0.877918	-0.887223	-0.886274	-0.8698	-0.839562	-0.799466	-0.746296	-0.679418	-0.612031	-0.538051	-0.457884	-0.387697	-0.322511	-0.259259	-0.205766	-0.164835	-0.135665	-0.109133	-0.0867658	-0.0834818	-0.0921717	-0.100516	-0.122796	-0.175524	-0.261894	-0.380519	-0.519222	-0.661771	-0.800194	-0.912938	-0.955046	-0.896037	-0.745543	-0.536374	-0.308097	-0.10338	0.0456151	0.128012	0.143355	0.0940008	
-0.0337761	-0.0734954	-0.110981	-0.149969	-0.184371	-0.219599	-0.252725	-0.274123	-0.298049	-0.318259	-0.319909	-0.320716	-0.319066	-0.302113	-0.279476	-0.253362	-0.230891	-0.202453	-0.162795	-0.131936	-0.111574	-0.0854759	-0.056025	-0.0242138	-0.00310516	0.00629224	0.0101455	0.0313728	0.0624423	0.0841654	0.0868991	0.074511	0.0554755	0.0451801	0.0708907	0.134129	0.219535	0.297823	0.357376	0.376494	0.334238	0.214663	0.0278591	-0.202049	-0.451478	-0.710998	-0.958569	-1.17713	-1.32766	-1.39425	-1.37976	-1.30176	-1.19761	-1.0977	-1.01508	-0.958934	-0.932207	-0.911857	-0.90202	-0.894595	-0.879074	-0.860351	-0.826969	-0.781841	-0.730496	-0.67161	-0.602645	-0.530163	-0.464017	-0.393804	-0.324564	-0.269802	-0.220032	-0.173787	-0.138093	-0.113525	-0.0971712	-0.0800875	-0.0674211	-0.0720608	-0.0827557	-0.0907451	-0.113529	-0.165234	-0.247741	-0.360179	-0.492481	-0.634343	-0.781217	-0.907367	-0.962861	-0.916025	-0.775317	-0.572562	-0.349953	-0.152565	-0.00892491	0.0764869	0.10471	0.0739488	
-0.0856582	-0.170869	-0.245494	-0.31862	-0.387059	-0.44596	-0.492666	-0.529432	-0.558381	-0.571624	-0.571747	-0.567626	-0.558419	-0.53587	-0.508888	-0.480675	-0.457273	-0.424943	-0.384177	-0.357188	-0.334681	-0.30832	-0.275972	-0.245546	-0.22608	-0.21791	-0.211065	-0.185307	-0.153648	-0.135451	-0.135746	-0.150499	-0.167804	-0.172181	-0.137077	-0.0668423	0.0194747	0.0952932	0.147833	0.156594	0.100765	-0.0328132	-0.226148	-0.459557	-0.705479	-0.958569	-1.19584	-1.39479	-1.52249	-1.5634	-1.52258	-1.42415	-1.30306	-1.18359	-1.08364	-1.00983	-0.955322	-0.911635	-0.882194	-0.84815	-0.805975	-0.760977	-0.707308	-0.648888	-0.585288	-0.520425	-0.453533	-0.387669	-0.329993	-0.271707	-0.2199	-0.182307	-0.147446	-0.11656	-0.0953438	-0.0828054	-0.0747105	-0.0634477	-0.0577077	-0.0670894	-0.0770948	-0.083707	-0.10654	-0.156434	-0.234103	-0.339212	-0.464331	-0.605473	-0.760523	-0.899051	-0.967396	-0.933634	-0.804572	-0.610453	-0.395815	-0.207496	-0.0698249	0.0189281	0.0610512	0.0508983	
-0.105543	-0.220858	-0.321933	-0.412511	-0.496495	-0.569408	-0.62688	-0.669799	-0.707514	-0.729476	-0.735234	-0.738291	-0.73368	-0.714048	-0.691572	-0.670578	-0.648176	-0.619036	-0.582442	-0.560497	-0.542602	-0.513876	-0.486	-0.456474	-0.442871	-0.435939	-0.426548	-0.39787	-0.366848	-0.353758	-0.356477	-0.373323	-0.386274	-0.383506	-0.335688	-0.259593	-0.169618	-0.0974141	-0.0497557	-0.0507835	-0.120354	-0.262886	-0.463089	-0.693557	-0.933525	-1.17713	-1.39479	-1.57093	-1.66522	-1.67144	-1.59782	-1.47104	-1.32422	-1.18643	-1.06871	-0.974745	-0.904195	-0.84237	-0.789244	-0.732242	-0.674716	-0.62101	-0.560343	-0.496979	-0.436902	-0.379278	-0.318804	-0.266267	-0.22505	-0.181302	-0.145765	-0.123222	-0.100593	-0.0814333	-0.0706534	-0.0661009	-0.062388	-0.0544034	-0.0538188	-0.0655419	-0.0731553	-0.0782869	-0.101167	-0.14869	-0.220722	-0.317556	-0.43504	-0.575569	-0.738141	-0.887456	-0.967848	-0.948096	-0.83277	-0.649944	-0.44597	-0.26848	-0.137151	-0.0446361	0.0122771	0.024687	
-0.109393	-0.222585	-0.323752	-0.419949	-0.5133	-0.587765	-0.648339	-0.705355	-0.747451	-0.774013	-0.793131	-0.805697	-0.813827	-0.806939	-0.797525	-0.791075	-0.780213	-0.757789	-0.735117	-0.721992	-0.710856	-0.68594	-0.662371	-0.640138	-0.631433	-0.628166	-0.615726	-0.585462	-0.558032	-0.549019	-0.556455	-0.571237	-0.581502	-0.565488	-0.507738	-0.421773	-0.330893	-0.259727	-0.216363	-0.227181	-0.305508	-0.455496	-0.654821	-0.875931	-1.10547	-1.32766	-1.52249	-1.66522	-1.72076	-1.69108	-1.58363	-1.4299	-1.2652	-1.1115	-0.976858	-0.872415	-0.784913	-0.707593	-0.646431	-0.584127	-0.527439	-0.471594	-0.410799	-0.356907	-0.306657	-0.25818	-0.213912	-0.179849	-0.150033	-0.11818	-0.0987625	-0.0874014	-0.072272	-0.0615575	-0.0580424	-0.0578915	-0.0556727	-0.0498372	-0.053406	-0.0655007	-0.0698238	-0.0740376	-0.0971333	-0.141774	-0.207461	-0.295291	-0.405062	-0.545155	-0.714085	-0.872026	-0.963444	-0.958658	-0.859377	-0.690944	-0.500688	-0.335719	-0.210804	-0.114005	-0.041572	-0.00476255	
-0.0968658	-0.196781	-0.284719	-0.365582	-0.448638	-0.521782	-0.581665	-0.641083	-0.691041	-0.723307	-0.757442	-0.783405	-0.800341	-0.808698	-0.813413	-0.823118	-0.822817	-0.813318	-0.804703	-0.806255	-0.801871	-0.785758	-0.769691	-0.75827	-0.756667	-0.758313	-0.74318	-0.715166	-0.691566	-0.689997	-0.69861	-0.713201	-0.714938	-0.686249	-0.614645	-0.519716	-0.426742	-0.354315	-0.316046	-0.332653	-0.419701	-0.572685	-0.766749	-0.978307	-1.19163	-1.39425	-1.5634	-1.67144	-1.69108	-1.62606	-1.48714	-1.31296	-1.13272	-0.966725	-0.828376	-0.719338	-0.628009	-0.555866	-0.496366	-0.435274	-0.381818	-0.331284	-0.284093	-0.24288	-0.20529	-0.172817	-0.141467	-0.118367	-0.100112	-0.0810546	-0.0720703	-0.0660563	-0.0563905	-0.0518952	-0.0523996	-0.054048	-0.0519726	-0.0480888	-0.0549376	-0.0657424	-0.0666572	-0.0709144	-0.0943123	-0.13552	-0.194237	-0.272621	-0.375018	-0.514802	-0.688325	-0.852215	-0.953489	-0.964629	-0.88388	-0.733368	-0.56018	-0.409266	-0.290489	-0.188785	-0.100278	-0.0374069	
-0.0691361	-0.146405	-0.218862	-0.285247	-0.355713	-0.414299	-0.465069	-0.521195	-0.569087	-0.605987	-0.645753	-0.681058	-0.707205	-0.728763	-0.7479	-0.77019	-0.781024	-0.78197	-0.790334	-0.801594	-0.806107	-0.796528	-0.79127	-0.789197	-0.796486	-0.799983	-0.784683	-0.75823	-0.742748	-0.745772	-0.757608	-0.767836	-0.761149	-0.716949	-0.632364	-0.530341	-0.435189	-0.364869	-0.331394	-0.357058	-0.453358	-0.607822	-0.79883	-0.997752	-1.19773	-1.37976	-1.52258	-1.59782	-1.58363	-1.48714	-1.32689	-1.14103	-0.955608	-0.793859	-0.6607	-0.557288	-0.473336	-0.407984	-0.352682	-0.299812	-0.26099	-0.225222	-0.18977	-0.160669	-0.136119	-0.112255	-0.0922846	-0.0836165	-0.072198	-0.0586583	-0.0572634	-0.0551709	-0.0484269	-0.0475393	-0.0504798	-0.0525424	-0.0498139	-0.0481094	-0.0574398	-0.06562	-0.0636382	-0.0690204	-0.0925866	-0.129758	-0.180999	-0.249882	-0.345664	-0.485069	-0.660755	-0.827532	-0.937435	-0.965424	-0.905824	-0.777124	-0.624537	-0.488962	-0.37569	-0.268378	-0.163412	-0.0730421	
-0.0534735	-0.100708	-0.151108	-0.198697	-0.248321	-0.294626	-0.337826	-0.388203	-0.42766	-0.45982	-0.50335	-0.538052	-0.566624	-0.594333	-0.621195	-0.650982	-0.667499	-0.677813	-0.698549	-0.717998	-0.726347	-0.725652	-0.727312	-0.73702	-0.748021	-0.75449	-0.736069	-0.715278	-0.706573	-0.715281	-0.728147	-0.732771	-0.716474	-0.65509	-0.561391	-0.452282	-0.360208	-0.292409	-0.268118	-0.306069	-0.411669	-0.571511	-0.757951	-0.948646	-1.13817	-1.30176	-1.42415	-1.47104	-1.4299	-1.31296	-1.14103	-0.952212	-0.773735	-0.6207	-0.498182	-0.407001	-0.334036	-0.281706	-0.238084	-0.201902	-0.17667	-0.146879	-0.12224	-0.105572	-0.0901702	-0.0767723	-0.0679644	-0.0630415	-0.0531562	-0.048131	-0.0520219	-0.0487969	-0.0441069	-0.0468785	-0.0506734	-0.051564	-0.0484209	-0.0496392	-0.0602647	-0.0647302	-0.0609886	-0.0685064	-0.0917843	-0.124279	-0.16774	-0.227563	-0.317843	-0.456417	-0.631191	-0.797603	-0.914945	-0.960624	-0.924838	-0.822093	-0.693658	-0.574373	-0.465659	-0.351974	-0.230295	-0.111265	
-0.0340825	-0.0632227	-0.0946429	-0.125913	-0.161095	-0.192466	-0.223235	-0.259849	-0.291667	-0.319546	-0.358279	-0.390117	-0.412141	-0.444015	-0.471586	-0.500641	-0.51825	-0.533032	-0.560495	-0.582804	-0.590077	-0.596686	-0.602717	-0.62073	-0.633265	-0.637926	-0.618107	-0.602166	-0.601371	-0.613877	-0.625882	-0.624392	-0.59529	-0.519937	-0.417854	-0.307515	-0.221403	-0.160187	-0.151697	-0.204	-0.325039	-0.49133	-0.676826	-0.865329	-1.04604	-1.19761	-1.30306	-1.32422	-1.2652	-1.13272	-0.955608	-0.773735	-0.605989	-0.466515	-0.36256	-0.286427	-0.227642	-0.190348	-0.158513	-0.132995	-0.113584	-0.0939725	-0.0831037	-0.0745921	-0.0655126	-0.0566329	-0.0517216	-0.0511333	-0.0457251	-0.0448024	-0.0484108	-0.0449881	-0.0436143	-0.0478519	-0.0508612	-0.0507273	-0.048119	-0.0523265	-0.0626293	-0.0630157	-0.0591753	-0.0694338	-0.0916093	-0.118854	-0.154546	-0.206314	-0.292407	-0.429123	-0.599384	-0.762259	-0.885966	-0.950029	-0.94068	-0.868089	-0.767155	-0.664726	-0.559402	-0.438555	-0.299979	-0.15144	
-0.0178873	-0.030467	-0.0568297	-0.0774851	-0.0925266	-0.112525	-0.136657	-0.160233	-0.180496	-0.204823	-0.231663	-0.257278	-0.275499	-0.301785	-0.329537	-0.350158	-0.36557	-0.38271	-0.409589	-0.429128	-0.433418	-0.441724	-0.452963	-0.471345	-0.485019	-0.481963	-0.463192	-0.451303	-0.458409	-0.472476	-0.481866	-0.472854	-0.42946	-0.343397	-0.234983	-0.130735	-0.0514791	-0.00561858	-0.0146386	-0.0883839	-0.226535	-0.40129	-0.590239	-0.778571	-0.953326	-1.0977	-1.18359	-1.18643	-1.1115	-0.966725	-0.793859	-0.6207	-0.466515	-0.346828	-0.261035	-0.196651	-0.153934	-0.128807	-0.102163	-0.0866499	-0.0778023	-0.0673751	-0.0616143	-0.0551876	-0.0490436	-0.0452951	-0.0470626	-0.0467331	-0.0403716	-0.0434896	-0.0478777	-0.0434811	-0.0438545	-0.0490888	-0.0514597	-0.0501306	-0.0486158	-0.0556699	-0.0641334	-0.060784	-0.0586401	-0.0716608	-0.0916801	-0.11328	-0.141644	-0.186933	-0.270097	-0.40321	-0.565077	-0.721614	-0.850787	-0.933718	-0.953263	-0.914815	-0.844265	-0.75885	-0.655678	-0.526895	-0.371225	-0.19268	
-0.0148602	-0.0157823	-0.0256883	-0.0398862	-0.0481194	-0.060421	-0.0787629	-0.0901248	-0.0993152	-0.11984	-0.137364	-0.151347	-0.166299	-0.186498	-0.207828	-0.222721	-0.23249	-0.250986	-0.274594	-0.286237	-0.288028	-0.29642	-0.309088	-0.326769	-0.334587	-0.325404	-0.305628	-0.300505	-0.312377	-0.326368	-0.331285	-0.311852	-0.255642	-0.159148	-0.0515932	0.0453346	0.110894	0.139228	0.107061	0.00953166	-0.146063	-0.330395	-0.523507	-0.710928	-0.882903	-1.01508	-1.08364	-1.06871	-0.976858	-0.828376	-0.6607	-0.498182	-0.36256	-0.261035	-0.18723	-0.136775	-0.10777	-0.085454	-0.068178	-0.0654367	-0.0584878	-0.0496697	-0.0471809	-0.0450037	-0.0436764	-0.0426372	-0.0439099	-0.0416598	-0.0395677	-0.0461199	-0.0463629	-0.0416905	-0.045968	-0.0511738	-0.0513468	-0.0493013	-0.0503642	-0.0594371	-0.0643427	-0.0584614	-0.0597814	-0.0748746	-0.0915556	-0.107433	-0.129451	-0.170297	-0.251402	-0.378405	-0.528092	-0.676154	-0.810085	-0.912105	-0.962672	-0.961793	-0.923751	-0.855141	-0.753002	-0.615565	-0.442508	-0.233855	
-0.00673036	-0.00809327	-0.0116447	-0.0186907	-0.0216742	-0.0252727	-0.036863	-0.0441252	-0.0488532	-0.0648132	-0.0736915	-0.0804271	-0.0895055	-0.10431	-0.11813	-0.122146	-0.130073	-0.145935	-0.162848	-0.166969	-0.164908	-0.174977	-0.18718	-0.200962	-0.203028	-0.185602	-0.17014	-0.169827	-0.186396	-0.197299	-0.195263	-0.164703	-0.0937091	0.00779122	0.113479	0.197466	0.248673	0.255141	0.198079	0.0764473	-0.0952066	-0.288815	-0.483492	-0.673178	-0.837818	-0.958934	-1.00983	-0.974745	-0.872415	-0.719338	-0.557288	-0.407001	-0.286427	-0.196651	-0.136775	-0.0991927	-0.0758941	-0.0620537	-0.0554309	-0.0521634	-0.0433117	-0.0405673	-0.0434761	-0.0427108	-0.0396382	-0.0395428	-0.0433275	-0.0410259	-0.0405756	-0.0465219	-0.0446684	-0.0429797	-0.0488085	-0.0516357	-0.050663	-0.049614	-0.0534428	-0.0625497	-0.063095	-0.0569284	-0.0628142	-0.0784759	-0.0907956	-0.101368	-0.118606	-0.157243	-0.236412	-0.354167	-0.48845	-0.626794	-0.764945	-0.885977	-0.969169	-1.00829	-1.00384	-0.951543	-0.84964	-0.70293	-0.512041	-0.273625	
0.00310829	0.000773345	-0.00664561	-0.0090277	-0.00447162	-0.0111103	-0.0170821	-0.0122995	-0.0154774	-0.0291956	-0.0289024	-0.0318414	-0.0431525	-0.0495716	-0.0592312	-0.057122	-0.0620911	-0.0783646	-0.0837271	-0.0805373	-0.0784718	-0.0849343	-0.0987302	-0.102299	-0.0987608	-0.0744988	-0.0641208	-0.0703769	-0.0862475	-0.0944854	-0.0805561	-0.039744	0.0469901	0.147555	0.249564	0.314972	0.351549	0.330108	0.248565	0.101785	-0.0842576	-0.284155	-0.481601	-0.669696	-0.8235	-0.932207	-0.955322	-0.904195	-0.784913	-0.628009	-0.473336	-0.334036	-0.227642	-0.153934	-0.10777	-0.0758941	-0.062096	-0.0520801	-0.0435252	-0.0411223	-0.0376282	-0.0410124	-0.0424756	-0.0378838	-0.0376394	-0.0424041	-0.043064	-0.0382475	-0.0427007	-0.0485607	-0.0437315	-0.0440666	-0.0507244	-0.0521241	-0.0506299	-0.0506944	-0.0569628	-0.0645061	-0.0610118	-0.0569999	-0.0674469	-0.0817155	-0.0891369	-0.0953909	-0.109918	-0.148387	-0.224712	-0.32979	-0.446511	-0.574896	-0.716861	-0.856513	-0.973152	-1.05326	-1.0822	-1.04556	-0.9436	-0.787141	-0.577829	-0.310523	
0.000778804	-0.00251481	0.00429048	0.00329343	0.000615154	-0.00124063	-0.00300038	-0.000783367	-0.00324204	-0.00946089	-0.00477573	-0.00178178	-0.0129555	-0.0135689	-0.0144139	-0.0135223	-0.0177216	-0.0306301	-0.0310081	-0.0201171	-0.0243076	-0.0282529	-0.0405339	-0.0376076	-0.0247576	-0.00149817	0.00399835	-0.00847542	-0.0220927	-0.0223266	0.00123504	0.0590681	0.153007	0.255705	0.344084	0.395372	0.410403	0.363646	0.256395	0.0890732	-0.106848	-0.307975	-0.506582	-0.683578	-0.828467	-0.911857	-0.911635	-0.84237	-0.707593	-0.555866	-0.407984	-0.281706	-0.190348	-0.128807	-0.085454	-0.0620537	-0.0520801	-0.0385377	-0.0388088	-0.0412069	-0.0387295	-0.0409069	-0.0376563	-0.0366585	-0.0407842	-0.0423158	-0.040351	-0.040497	-0.0471346	-0.0467516	-0.0417235	-0.0474774	-0.0534404	-0.0517677	-0.0501763	-0.0528523	-0.0609886	-0.0649348	-0.0586914	-0.0592462	-0.0730784	-0.0838725	-0.0865554	-0.0900788	-0.104265	-0.143913	-0.215358	-0.30459	-0.403086	-0.522245	-0.667701	-0.82526	-0.975075	-1.09524	-1.15597	-1.13431	-1.03261	-0.866118	-0.637756	-0.343065	
0.0018139	-0.005257	0.00278178	0.00647465	0.00419497	0.00629089	0.0099198	0.00776515	0.00378085	0.00641807	0.00559495	0.00781535	0.00193174	0.002312	0.00868469	0.0109173	0.00469758	0.000636703	0.0070778	0.018607	0.0142295	0.00747769	0.00395443	0.0101788	0.0320414	0.049691	0.0482255	0.0327323	0.0229805	0.0337744	0.0682156	0.143558	0.240857	0.342505	0.41305	0.450522	0.43987	0.368857	0.235795	0.0512418	-0.149506	-0.353637	-0.547153	-0.715833	-0.846341	-0.90202	-0.882194	-0.789244	-0.646431	-0.496366	-0.352682	-0.238084	-0.158513	-0.102163	-0.068178	-0.0554309	-0.0435252	-0.0388088	-0.0445201	-0.0388642	-0.0353249	-0.0374038	-0.0373399	-0.0400206	-0.0413552	-0.0423144	-0.0415656	-0.0421605	-0.0469515	-0.0450861	-0.0443973	-0.051586	-0.053221	-0.0504611	-0.0513725	-0.0566967	-0.0641077	-0.0633869	-0.0574409	-0.0640341	-0.0786401	-0.0843333	-0.0834036	-0.0862918	-0.102388	-0.143383	-0.206981	-0.27816	-0.359502	-0.470962	-0.619654	-0.794058	-0.975335	-1.13241	-1.22188	-1.21458	-1.11407	-0.937535	-0.689701	-0.369901	
0.0111483	0.00356668	0.00262917	0.00669572	0.00349291	0.00163359	0.011133	0.0151629	0.00660643	0.0165873	0.0185644	0.0143753	0.0145895	0.0145244	0.0222553	0.0210701	0.0140834	0.0150053	0.0289877	0.0336726	0.0307654	0.0232144	0.0286856	0.0403752	0.066719	0.0765052	0.0693462	0.0530277	0.0530262	0.0733325	0.124644	0.210905	0.312082	0.403167	0.457035	0.475468	0.438	0.342067	0.183483	-0.0119438	-0.216301	-0.41929	-0.603238	-0.761597	-0.86651	-0.894595	-0.84815	-0.732242	-0.584127	-0.435274	-0.299812	-0.201902	-0.132995	-0.0866499	-0.0654367	-0.0521634	-0.0411223	-0.0412069	-0.0388642	-0.031599	-0.0361567	-0.0417423	-0.0406502	-0.0398681	-0.0417295	-0.0424374	-0.0397612	-0.0444888	-0.0497489	-0.0448809	-0.0462088	-0.0532683	-0.0526279	-0.0510048	-0.0539986	-0.0604003	-0.0653121	-0.0610728	-0.0587045	-0.0706693	-0.0827646	-0.0830148	-0.0804971	-0.0850004	-0.104607	-0.145636	-0.198054	-0.250622	-0.317581	-0.423387	-0.575132	-0.764882	-0.974116	-1.16254	-1.27644	-1.28299	-1.18504	-0.998818	-0.731678	-0.389969	
-0.000568196	0.00262024	0.00432921	0.00851964	0.00866892	0.0101503	0.0122644	0.0104675	0.00693493	0.0172413	0.0220469	0.0139031	0.0211126	0.025751	0.0314667	0.0283146	0.0235099	0.0313045	0.0453385	0.043776	0.0387268	0.0355937	0.0453011	0.0637909	0.0859022	0.0879274	0.0740707	0.063037	0.0728416	0.106161	0.17352	0.268148	0.368558	0.443911	0.481657	0.476814	0.414468	0.2927	0.114254	-0.0859058	-0.291746	-0.48635	-0.660793	-0.801425	-0.877918	-0.879074	-0.805975	-0.674716	-0.527439	-0.381818	-0.26099	-0.17667	-0.113584	-0.0778023	-0.0584878	-0.0433117	-0.0376282	-0.0387295	-0.0353249	-0.0361567	-0.0448094	-0.0419889	-0.0357955	-0.0395945	-0.0433344	-0.0414536	-0.0431149	-0.0498715	-0.047207	-0.0425007	-0.0505068	-0.0557437	-0.0519049	-0.0518512	-0.0571015	-0.0637482	-0.0649471	-0.0593216	-0.0628978	-0.077728	-0.0845091	-0.0805066	-0.0789204	-0.0870309	-0.110576	-0.148879	-0.187278	-0.222831	-0.279525	-0.38193	-0.536636	-0.739609	-0.971238	-1.18321	-1.3162	-1.33601	-1.24218	-1.04718	-0.761975	-0.402627	
-0.0109904	0.0055088	0.00665269	0.00439271	0.00859127	0.0134846	0.0132294	0.0106605	0.0178289	0.0204286	0.018525	0.0155308	0.0225047	0.0296851	0.0302541	0.0271979	0.0285355	0.0422816	0.0523671	0.0473787	0.042848	0.0478045	0.061296	0.0847902	0.0984661	0.0928074	0.0765098	0.0748359	0.0961735	0.14449	0.225809	0.325262	0.417848	0.474944	0.494008	0.463172	0.375991	0.227067	0.0359851	-0.168967	-0.371481	-0.557798	-0.721163	-0.839	-0.887223	-0.860351	-0.760977	-0.62101	-0.471594	-0.331284	-0.225222	-0.146879	-0.0939725	-0.0673751	-0.0496697	-0.0405673	-0.0410124	-0.0409069	-0.0374038	-0.0417423	-0.0419889	-0.0331238	-0.0377663	-0.0463564	-0.0443723	-0.0423425	-0.0459404	-0.0478591	-0.0443488	-0.0474403	-0.0557078	-0.0542415	-0.050544	-0.0545382	-0.0613923	-0.0658879	-0.0629125	-0.0595362	-0.0698935	-0.0835121	-0.0835309	-0.07796	-0.0798525	-0.0927947	-0.119104	-0.150977	-0.17404	-0.196435	-0.247708	-0.348916	-0.506544	-0.719703	-0.966037	-1.19197	-1.33802	-1.37015	-1.28183	-1.07969	-0.779272	-0.40773	
0.00296226	0.0105546	0.00712129	0.00192889	0.00450744	0.0122808	0.0129709	0.0106423	0.0212381	0.0220326	0.0177075	0.0225995	0.0282588	0.0320401	0.0307484	0.0265643	0.03499	0.0493484	0.0511192	0.0449347	0.0439138	0.0556722	0.0738837	0.0953472	0.100777	0.086988	0.0762281	0.0854396	0.121191	0.184606	0.276793	0.376008	0.453489	0.491919	0.487284	0.431575	0.315816	0.14563	-0.0551532	-0.260038	-0.455909	-0.631959	-0.778421	-0.868004	-0.886274	-0.826969	-0.707308	-0.560343	-0.410799	-0.284093	-0.18977	-0.12224	-0.0831037	-0.0616143	-0.0471809	-0.0434761	-0.0424756	-0.0376563	-0.0373399	-0.0406502	-0.0357955	-0.0377663	-0.0484269	-0.0461505	-0.0399991	-0.0422058	-0.0477203	-0.0491358	-0.0468246	-0.0511041	-0.0557542	-0.0523316	-0.0522956	-0.0590122	-0.064951	-0.065467	-0.0607336	-0.0635118	-0.0782658	-0.0861178	-0.0804917	-0.0770657	-0.0842464	-0.101922	-0.128182	-0.149992	-0.158809	-0.173751	-0.224429	-0.326432	-0.486832	-0.705886	-0.957345	-1.18664	-1.3393	-1.38206	-1.30009	-1.09345	-0.78271	-0.405599	
0.00877332	0.00220398	0.000368667	0.00790011	0.0132125	0.0137083	0.00923789	0.0108086	0.0220761	0.0194829	0.016954	0.0258935	0.0324682	0.0327393	0.029916	0.0316267	0.0436134	0.0556249	0.0483599	0.0444656	0.0500215	0.0659554	0.086525	0.101251	0.0961339	0.0807165	0.0780582	0.102755	0.151248	0.230736	0.327522	0.420381	0.478045	0.49555	0.466042	0.383452	0.240924	0.054358	-0.150985	-0.351212	-0.538099	-0.700647	-0.824565	-0.884192	-0.8698	-0.781841	-0.648888	-0.496979	-0.356907	-0.24288	-0.160669	-0.105572	-0.0745921	-0.0551876	-0.0450037	-0.0427108	-0.0378838	-0.0366585	-0.0400206	-0.0398681	-0.0395945	-0.0463564	-0.0461505	-0.0383762	-0.0406252	-0.0489933	-0.0522241	-0.0473191	-0.0458161	-0.0547642	-0.0568639	-0.0516122	-0.0554139	-0.0637069	-0.0664357	-0.0632094	-0.0612408	-0.0712852	-0.0850125	-0.0847519	-0.0774484	-0.0794865	-0.0922964	-0.113072	-0.135357	-0.144855	-0.143314	-0.157446	-0.211672	-0.316152	-0.478711	-0.697842	-0.943578	-1.16554	-1.31819	-1.36868	-1.29313	-1.08584	-0.771869	-0.396885	
0.000723515	-0.00220282	0.00365278	0.0135898	0.01516	0.00669179	0.0100649	0.0209755	0.0210387	0.0143388	0.0188456	0.0300957	0.0312579	0.0308827	0.028117	0.0390871	0.0518798	0.0549304	0.0460825	0.0469917	0.0604703	0.078787	0.0969671	0.103029	0.0884856	0.0786575	0.0883192	0.128731	0.191348	0.282294	0.379041	0.456664	0.493279	0.486178	0.432119	0.319638	0.155769	-0.0442761	-0.246693	-0.441899	-0.615674	-0.762921	-0.85916	-0.887958	-0.839562	-0.730496	-0.585288	-0.436902	-0.306657	-0.20529	-0.136119	-0.0901702	-0.0655126	-0.0490436	-0.0436764	-0.0396382	-0.0376394	-0.0407842	-0.0413552	-0.0417295	-0.0433344	-0.0443723	-0.0399991	-0.0406252	-0.0500635	-0.0528341	-0.0467205	-0.0437717	-0.0529504	-0.0602355	-0.0531964	-0.0513521	-0.0617858	-0.0673315	-0.0647589	-0.0617307	-0.0663424	-0.0801943	-0.0874783	-0.0808955	-0.0770151	-0.0859927	-0.103221	-0.1241	-0.138388	-0.135942	-0.130403	-0.150115	-0.210917	-0.319117	-0.482227	-0.69407	-0.922965	-1.12778	-1.27364	-1.32742	-1.2576	-1.05472	-0.746664	-0.382312	
0.000118805	0.00140576	0.0106758	0.00799387	0.00523577	0.00893228	0.0184568	0.0249307	0.0153452	0.0171497	0.02718	0.0319076	0.027474	0.0272382	0.031342	0.044247	0.0548822	0.0473401	0.0444713	0.0530396	0.0718296	0.0903286	0.103119	0.0981513	0.0829449	0.0821559	0.110603	0.163173	0.242171	0.337013	0.427733	0.483493	0.496765	0.464517	0.382061	0.242805	0.0587925	-0.145887	-0.344572	-0.530305	-0.690501	-0.817179	-0.883099	-0.877935	-0.799466	-0.67161	-0.520425	-0.379278	-0.25818	-0.172817	-0.112255	-0.0767723	-0.0566329	-0.0452951	-0.0426372	-0.0395428	-0.0424041	-0.0423158	-0.0423144	-0.0424374	-0.0414536	-0.0423425	-0.0422058	-0.0489933	-0.0528341	-0.0460476	-0.0442208	-0.0523996	-0.0599115	-0.0553672	-0.0497915	-0.0587827	-0.0679449	-0.0658828	-0.0624906	-0.064528	-0.0746618	-0.0864767	-0.0854839	-0.077618	-0.0810056	-0.0962121	-0.115385	-0.132427	-0.136036	-0.125414	-0.12358	-0.153836	-0.222997	-0.335441	-0.495932	-0.69196	-0.893841	-1.07323	-1.2053	-1.25646	-1.19112	-0.998814	-0.707166	-0.362369	
