7.4728e-15	6.85896e-14	5.78805e-13	4.52269e-12	3.26436e-11	2.17069e-10	1.32626e-09	7.42511e-09	3.79864e-08	1.7711e-07	7.50682e-07	2.88597e-06	1.00454e-05	3.16208e-05	8.99854e-05	0.000231687	0.000540824	0.00114848	0.00222927	0.00397819	0.00656874	0.0101024	0.0145652	0.0198043	0.0255323	0.0313581	0.0368349	0.0415157	0.0450063	0.0470081	0.0473489	0.0459994	0.0430757	0.0388287	0.033619	0.0278782	0.0220599	0.0165841	0.0117844	0.00786944	0.00490764	0.00283943	0.00151414	0.000739641	0.000329236	0.000133001	4.8626e-05	1.60674e-05	4.79736e-06	1.29536e-06	3.16803e-07	7.03274e-08	1.4206e-08	2.61822e-09	4.41512e-10	6.83133e-11	9.72539e-12	1.2774e-12	1.55203e-13	1.74871e-14	1.83154e-15	1.78724e-16	1.62836e-17	1.38805e-18	1.10912e-19	8.32276e-21	5.87508e-22	3.90773e-23	2.45283e-24	1.45503e-25	8.16846e-27	4.34545e-28	2.19327e-29	1.05153e-30	4.79413e-32	2.08071e-33	8.60527e-35	3.39456e-36	1.27839e-37	4.60026e-39	1.58306e-40	5.21376e-42	1.64464e-43	4.97241e-45	1.44191e-46	4.01302e-48	1.0726e-49	2.75483e-51	6.80294e-53	1.61615e-54	3.69551e-56	8.13765e-58	1.72649e-59	3.53078e-61	6.96324e-63	1.32487e-64	2.43295e-66	4.3138e-68	7.38789e-70	1.22225e-71	
6.85896e-14	6.08017e-13	4.94575e-12	3.71996e-11	2.58072e-10	1.64687e-09	9.63993e-09	5.16126e-08	2.52043e-07	1.11955e-06	4.51185e-06	1.6461e-05	5.42777e-05	0.000161606	0.000434523	0.00105654	0.00232979	0.00467936	0.00860923	0.0146061	0.0230136	0.0339156	0.0470663	0.061886	0.0775202	0.0929443	0.107085	0.118934	0.127644	0.132594	0.133434	0.130103	0.122838	0.112156	0.098819	0.0837815	0.0681032	0.0528433	0.0389382	0.0270874	0.0176738	0.0107405	0.00603582	0.00311509	0.0014674	0.000627764	0.000243032	8.49658e-05	2.68063e-05	7.63557e-06	1.96633e-06	4.58741e-07	9.71959e-08	1.87538e-08	3.30476e-09	5.33418e-10	7.90914e-11	1.08031e-11	1.36303e-12	1.59271e-13	1.7279e-14	1.7445e-15	1.64274e-16	1.44585e-17	1.1918e-18	9.21777e-20	6.70134e-21	4.58712e-22	2.96107e-23	1.80526e-24	1.04094e-25	5.68451e-27	2.94368e-28	1.44725e-29	6.76308e-31	3.00724e-32	1.27368e-33	5.14336e-35	1.98213e-36	7.29628e-38	2.56757e-39	8.64462e-41	2.7868e-42	8.60833e-44	2.54972e-45	7.2463e-47	1.97729e-48	5.18344e-50	1.30622e-51	3.16598e-53	7.38461e-55	1.65844e-56	3.58786e-58	7.48074e-60	1.50391e-61	2.91647e-63	5.45798e-65	9.86096e-67	1.72063e-68	2.89989e-70	
5.78805e-13	4.94575e-12	3.86923e-11	2.79448e-10	1.8583e-09	1.13455e-08	6.34086e-08	3.23434e-07	1.50124e-06	6.32265e-06	2.40989e-05	8.29442e-05	0.000257389	0.000719671	0.00181414	0.00413153	0.00853294	0.0160693	0.0277821	0.0444357	0.0662733	0.0928816	0.123199	0.155655	0.188377	0.219427	0.246987	0.2695	0.285741	0.294864	0.296403	0.290282	0.27681	0.256681	0.230972	0.201113	0.168831	0.136036	0.104654	0.0764018	0.0525679	0.0338333	0.0202093	0.0111156	0.00558915	0.00255349	0.00105514	0.000393208	0.000131981	3.99047e-05	1.08812e-05	2.68122e-06	5.98527e-07	1.21385e-07	2.24326e-08	3.7893e-09	5.86847e-10	8.35727e-11	1.09754e-11	1.33284e-12	1.50062e-13	1.57025e-14	1.53068e-15	1.39308e-16	1.18616e-17	9.4675e-19	7.09667e-20	5.00446e-21	3.32549e-22	2.08557e-23	1.23623e-24	6.9355e-26	3.68752e-27	1.86039e-28	8.91664e-30	4.06451e-31	1.76394e-32	7.29572e-34	2.87856e-35	1.08443e-36	3.90409e-38	1.34429e-39	4.4306e-41	1.3988e-42	4.23333e-44	1.22897e-45	3.42467e-47	9.1661e-49	2.35777e-50	5.83198e-52	1.38794e-53	3.17973e-55	7.01611e-57	1.49176e-58	3.05773e-60	6.0449e-62	1.15307e-63	2.12312e-65	3.77501e-67	6.48235e-69	
4.52269e-12	3.71996e-11	2.79448e-10	1.93447e-09	1.23059e-08	7.17192e-08	3.81739e-07	1.84981e-06	8.13487e-06	3.23687e-05	0.000116217	0.000375676	0.00109178	0.00285163	0.00670182	0.0142142	0.0273412	0.0480185	0.0776269	0.11653	0.163865	0.21765	0.275122	0.333174	0.388773	0.439249	0.482436	0.516699	0.540895	0.554303	0.556552	0.547583	0.527638	0.497293	0.457512	0.409724	0.355882	0.298463	0.240384	0.184765	0.13456	0.0921123	0.0587605	0.0346244	0.0186867	0.00916912	0.00406682	0.00162418	0.000582918	0.000187945	5.44922e-05	1.42352e-05	3.3592e-06	7.18206e-07	1.39566e-07	2.47309e-08	4.00892e-09	5.96362e-10	8.16583e-11	1.03218e-11	1.20771e-12	1.31146e-13	1.32492e-14	1.24817e-15	1.09886e-16	9.05921e-18	7.00724e-19	5.09449e-20	3.48732e-21	2.25122e-22	1.37258e-23	7.91542e-25	4.32329e-26	2.23931e-27	1.10129e-28	5.14846e-30	2.2904e-31	9.70633e-33	3.92225e-34	1.51272e-35	5.57329e-37	1.96319e-38	6.61702e-40	2.13573e-41	6.6059e-43	1.95942e-44	5.57727e-46	1.52438e-47	4.00324e-49	1.01072e-50	2.45466e-52	5.7376e-54	1.29143e-55	2.80046e-57	5.85342e-59	1.1798e-60	2.29413e-62	4.30543e-64	7.80153e-66	1.36507e-67	
3.26436e-11	2.58072e-10	1.8583e-09	1.23059e-08	7.47224e-08	4.14683e-07	2.09629e-06	9.61994e-06	3.99405e-05	0.000149546	0.00050351	0.00152101	0.00411694	0.00998554	0.0217443	0.0426841	0.0760137	0.123833	0.186317	0.261495	0.345648	0.434101	0.522082	0.605383	0.680739	0.745878	0.799381	0.840472	0.868805	0.884268	0.886845	0.876536	0.853346	0.817337	0.768739	0.708131	0.636647	0.556191	0.469625	0.380809	0.294354	0.21507	0.14716	0.0933717	0.0543991	0.028843	0.0138168	0.00594942	0.00229611	0.000793576	0.0002458	6.83602e-05	1.71166e-05	3.87073e-06	7.93244e-07	1.47832e-07	2.51406e-08	3.91463e-09	5.59902e-10	7.37864e-11	8.98557e-12	1.01394e-12	1.06291e-13	1.03765e-14	9.45507e-16	8.05876e-17	6.43773e-18	4.82923e-19	3.40781e-20	2.26596e-21	1.42196e-22	8.43397e-24	4.73468e-25	2.51907e-26	1.27181e-27	6.10036e-29	2.78308e-30	1.20892e-31	5.00504e-33	1.97686e-34	7.45593e-36	2.68757e-37	9.26643e-39	3.05846e-40	9.67068e-42	2.9315e-43	8.52508e-45	2.37995e-46	6.38224e-48	1.64503e-49	4.07774e-51	9.72633e-53	2.23353e-54	4.94048e-56	1.05315e-57	2.16448e-59	4.29098e-61	8.20886e-63	1.51604e-64	2.70326e-66	
2.17069e-10	1.64687e-09	1.13455e-08	7.17192e-08	4.14683e-07	2.18547e-06	1.04602e-05	4.52997e-05	0.000176854	0.00062027	0.00194832	0.00546824	0.0136977	0.0306424	0.061394	0.110783	0.181521	0.27287	0.380579	0.498022	0.617828	0.733344	0.839523	0.933193	1.01284	1.07812	1.12939	1.16736	1.19284	1.20651	1.20877	1.1997	1.17901	1.14612	1.10027	1.04068	0.966791	0.878631	0.777177	0.664894	0.546084	0.426829	0.31436	0.215795	0.136514	0.0787309	0.0410174	0.019174	0.0080097	0.00298533	0.000993167	0.000295472	7.88318e-05	1.89256e-05	4.10354e-06	8.06611e-07	1.44274e-07	2.3567e-08	3.52794e-09	4.85585e-10	6.16432e-11	7.2385e-12	7.88391e-13	7.98508e-14	7.53879e-15	6.64946e-16	5.49094e-17	4.25345e-18	3.09653e-19	2.12229e-20	1.37164e-21	8.37241e-23	4.83359e-24	2.64297e-25	1.37051e-26	6.7479e-28	3.15834e-29	1.40679e-30	5.96942e-32	2.41545e-33	9.32905e-35	3.44221e-36	1.21442e-37	4.09999e-39	1.32561e-40	4.10763e-42	1.22071e-43	3.48156e-45	9.53572e-47	2.50968e-48	6.35076e-50	1.54603e-51	3.62271e-53	8.17509e-55	1.77751e-56	3.72562e-58	7.53095e-60	1.46877e-61	2.765e-63	5.02477e-65	
1.32626e-09	9.63993e-09	6.34086e-08	3.81739e-07	2.09629e-06	1.04602e-05	4.72398e-05	0.000192302	0.000702767	0.00229681	0.00669086	0.0173317	0.0398868	0.0816658	0.149399	0.246084	0.368907	0.509775	0.657933	0.802946	0.936765	1.05451	1.15419	1.23599	1.30121	1.35162	1.38918	1.41577	1.43299	1.44201	1.4435	1.43755	1.42372	1.40103	1.36806	1.32302	1.26395	1.18899	1.09658	0.98596	0.85816	0.716834	0.568795	0.423695	0.292476	0.184671	0.105413	0.0539087	0.0245575	0.00993882	0.00357348	0.00114349	0.000326638	8.35978e-05	1.92474e-05	4.00308e-06	7.55156e-07	1.29722e-07	2.03684e-08	2.93365e-09	3.88882e-10	4.75926e-11	5.39309e-12	5.67408e-13	5.55666e-14	5.07719e-15	4.33796e-16	3.47297e-17	2.61043e-18	1.84548e-19	1.22923e-20	7.72649e-22	4.58999e-23	2.58072e-24	1.37515e-25	6.95337e-27	3.34036e-28	1.5263e-29	6.64048e-31	2.75371e-32	1.08947e-33	4.11616e-35	1.48638e-36	5.13439e-38	1.69791e-39	5.37947e-41	1.63408e-42	4.76233e-44	1.33249e-45	3.58159e-47	9.25387e-49	2.29961e-50	5.49932e-52	1.26624e-53	2.80865e-55	6.00432e-57	1.2377e-58	2.46121e-60	4.72333e-62	8.74901e-64	
7.42511e-09	5.16126e-08	3.23434e-07	1.84981e-06	9.61994e-06	4.52997e-05	0.000192302	0.000732605	0.00249339	0.00754908	0.0202581	0.0480679	0.100807	0.187344	0.31057	0.464266	0.634857	0.806722	0.966979	1.10763	1.22544	1.32057	1.3951	1.45181	1.49334	1.52239	1.54177	1.55398	1.56102	1.56438	1.56492	1.56274	1.55732	1.54739	1.53113	1.50623	1.47	1.41968	1.35264	1.26607	1.1575	1.02582	0.872733	0.704242	0.531365	0.369063	0.232427	0.131087	0.065656	0.029079	0.0113794	0.00394099	0.00121179	0.000332169	8.15364e-05	1.80053e-05	3.59313e-06	6.50807e-07	1.0743e-07	1.62245e-08	2.24986e-09	2.87432e-10	3.39364e-11	3.7137e-12	3.77686e-13	3.57872e-14	3.16674e-15	2.62261e-16	2.03692e-17	1.48649e-18	1.02111e-19	6.61358e-21	4.04513e-22	2.33993e-23	1.28191e-24	6.65982e-26	3.28519e-27	1.54049e-28	6.87456e-30	2.92262e-31	1.18488e-32	4.58529e-34	1.69527e-35	5.99329e-37	2.02768e-38	6.5702e-40	2.04046e-41	6.07789e-43	1.73759e-44	4.77084e-46	1.25881e-47	3.19377e-49	7.79594e-51	1.83185e-52	4.14567e-54	9.0406e-56	1.90066e-57	3.85405e-59	7.54089e-61	1.42385e-62	
3.79864e-08	2.52043e-07	1.50124e-06	8.13487e-06	3.99405e-05	0.000176854	0.000702767	0.00249339	0.00785844	0.021896	0.0537223	0.115799	0.219411	0.367224	0.548578	0.743124	0.930414	1.09686	1.23648	1.34861	1.43525	1.49924	1.5436	1.57106	1.58461	1.58816	1.58567	1.58031	1.57481	1.5712	1.57053	1.573	1.57791	1.58363	1.58766	1.58694	1.57786	1.55633	1.51907	1.46332	1.38611	1.2845	1.15597	0.999886	0.819785	0.626003	0.436745	0.27358	0.151921	0.0742562	0.0318748	0.0120305	0.00400597	0.00118219	0.000310753	7.31377e-05	1.54903e-05	2.9667e-06	5.16118e-07	8.19081e-08	1.19045e-08	1.59031e-09	1.95928e-10	2.2331e-11	2.36137e-12	2.32286e-13	2.1309e-14	1.82719e-15	1.46762e-16	1.10643e-17	7.84382e-19	5.23821e-20	3.30067e-21	1.96543e-22	1.10758e-23	5.91493e-25	2.99737e-26	1.44302e-27	6.6077e-29	2.881e-30	1.19729e-31	4.74727e-33	1.79755e-34	6.50571e-36	2.25242e-37	7.46607e-39	2.37113e-40	7.2203e-42	2.10956e-43	5.91773e-45	1.59485e-46	4.13188e-48	1.02965e-49	2.4694e-51	5.7027e-53	1.26875e-54	2.72079e-56	5.62645e-58	1.12252e-59	2.16078e-61	
1.7711e-07	1.11955e-06	6.32265e-06	3.23687e-05	0.000149546	0.00062027	0.00229681	0.00754908	0.021896	0.0557443	0.124045	0.240853	0.409129	0.61361	0.826475	1.02295	1.19095	1.328	1.43497	1.51351	1.56513	1.59191	1.59687	1.58393	1.55903	1.52858	1.49734	1.46927	1.44798	1.43564	1.43344	1.44181	1.45964	1.48537	1.51588	1.54726	1.5751	1.59358	1.59629	1.57869	1.53731	1.46977	1.37434	1.24942	1.09378	0.907914	0.69925	0.487947	0.30247	0.164509	0.0780991	0.0323662	0.011748	0.00375346	0.00106164	0.000267394	6.03166e-05	1.22514e-05	2.2521e-06	3.76425e-07	5.74544e-08	8.03973e-09	1.03518e-09	1.23053e-10	1.35462e-11	1.38493e-12	1.31844e-13	1.17159e-14	9.74003e-16	7.59146e-17	5.55807e-18	3.82959e-19	2.48746e-20	1.52557e-21	8.84784e-23	4.85944e-24	2.53081e-25	1.25143e-26	5.88223e-28	2.63121e-29	1.12127e-30	4.55663e-32	1.76756e-33	6.5508e-35	2.32157e-36	7.87396e-38	2.55782e-39	7.9641e-41	2.3785e-42	6.81811e-44	1.87716e-45	4.96693e-47	1.2638e-48	3.09401e-50	7.29212e-52	1.65539e-53	3.62142e-55	7.63829e-57	1.55401e-58	3.04992e-60	
7.50682e-07	4.51185e-06	2.40989e-05	0.000116217	0.00050351	0.00194832	0.00669086	0.0202581	0.0537223	0.124045	0.248388	0.431337	0.654229	0.881773	1.08492	1.25461	1.39211	1.49671	1.56632	1.60029	1.60045	1.57201	1.52155	1.45744	1.38882	1.32175	1.26048	1.20994	1.17345	1.1528	1.14931	1.16325	1.1936	1.23879	1.29624	1.36173	1.43033	1.49733	1.55421	1.59234	1.60436	1.58432	1.5291	1.43819	1.31353	1.15689	0.966851	0.746546	0.517429	0.315072	0.166699	0.0764327	0.0304488	0.010595	0.00324087	0.000877298	0.000211534	4.57103e-05	8.90241e-06	1.57078e-06	2.52288e-07	3.70453e-08	4.99276e-09	6.19857e-10	7.11255e-11	7.56597e-12	7.48215e-13	6.89661e-14	5.93924e-15	4.78937e-16	3.62387e-17	2.57781e-18	1.727e-19	1.0915e-20	6.51828e-22	3.68347e-23	1.97243e-24	1.00216e-25	4.83717e-27	2.22063e-28	9.70668e-30	4.04413e-31	1.60757e-32	6.10259e-34	2.21433e-35	7.68642e-37	2.55452e-38	8.13454e-40	2.48377e-41	7.27694e-43	2.04708e-44	5.53284e-46	1.43764e-47	3.59332e-49	8.64427e-51	2.00252e-52	4.46957e-54	9.61626e-56	1.99528e-57	3.99296e-59	
2.88597e-06	1.6461e-05	8.29442e-05	0.000375676	0.00152101	0.00546824	0.0173317	0.0480679	0.115799	0.240853	0.431337	0.667991	0.909035	1.11993	1.29406	1.43606	1.54002	1.5973	1.60733	1.57462	1.508	1.41753	1.31256	1.20356	1.09743	0.998179	0.911635	0.843185	0.794208	0.766979	0.762766	0.78074	0.821579	0.882372	0.961882	1.05674	1.16069	1.26919	1.37696	1.4742	1.55167	1.59903	1.60702	1.56906	1.483	1.35507	1.19397	0.998019	0.766195	0.522464	0.309635	0.158113	0.0695866	0.0265267	0.00881998	0.00257719	0.000666689	0.000153746	3.18089e-05	5.93847e-06	1.00568e-06	1.55228e-07	2.19321e-08	2.84769e-09	3.41004e-10	3.77833e-11	3.8852e-12	3.71788e-13	3.31933e-14	2.77137e-15	2.16857e-16	1.59355e-17	1.10176e-18	7.17958e-20	4.4169e-21	2.56927e-22	1.41515e-23	7.3907e-25	3.66451e-26	1.7271e-27	7.7461e-29	3.30966e-30	1.34853e-31	5.24487e-33	1.94898e-34	6.92554e-36	2.35525e-37	7.67184e-39	2.39535e-40	7.17391e-42	2.06233e-43	5.69458e-45	1.51125e-46	3.85692e-48	9.47161e-50	2.23936e-51	5.09997e-53	1.11937e-54	2.36891e-56	4.83429e-58	
1.00454e-05	5.42777e-05	0.000257389	0.00109178	0.00411694	0.0136977	0.0398868	0.100807	0.219411	0.409129	0.654229	0.909035	1.13119	1.31311	1.46247	1.56703	1.60999	1.5949	1.53199	1.43128	1.30453	1.16046	1.00937	0.86032	0.718491	0.590946	0.485025	0.402114	0.343569	0.3117	0.306739	0.327767	0.375997	0.449358	0.546288	0.66509	0.80245	0.948864	1.10041	1.24818	1.38303	1.49546	1.57465	1.61039	1.59184	1.51089	1.37729	1.20865	1.00318	0.757831	0.502614	0.286916	0.140234	0.0588733	0.021379	0.0067709	0.00188579	0.000465496	0.00010257	2.03057e-05	3.6327e-06	5.9038e-07	8.75732e-08	1.19069e-08	1.48966e-09	1.72095e-10	1.84173e-11	1.8312e-12	1.69617e-13	1.46724e-14	1.18804e-15	9.02361e-17	6.44176e-18	4.33015e-19	2.7455e-20	1.64458e-21	9.32091e-23	5.00545e-24	2.55028e-25	1.23433e-26	5.68189e-28	2.4903e-29	1.04032e-30	4.14638e-32	1.57825e-33	5.74213e-35	1.99864e-36	6.66056e-38	2.12687e-39	6.51242e-41	1.91347e-42	5.39849e-44	1.46342e-45	3.81401e-47	9.56232e-49	2.30758e-50	5.36283e-52	1.20088e-53	2.59231e-55	5.39502e-57	
3.16208e-05	0.000161606	0.000719671	0.00285163	0.00998554	0.0306424	0.0816658	0.187344	0.367224	0.61361	0.881773	1.11993	1.31311	1.47136	1.57961	1.61197	1.5773	1.49308	1.3642	1.20202	1.0168	0.819853	0.624625	0.439383	0.272191	0.129923	0.0146224	-0.0755412	-0.136278	-0.169375	-0.175527	-0.152381	-0.103582	-0.0248097	0.0807729	0.2118	0.369615	0.548499	0.74067	0.938564	1.12954	1.30261	1.44592	1.5488	1.60478	1.60148	1.52216	1.38088	1.2024	0.982657	0.721564	0.459654	0.250085	0.116053	0.0462026	0.0159155	0.00478699	0.00126816	0.000298277	6.27375e-05	1.18766e-05	2.03525e-06	3.17351e-07	4.52343e-08	5.91853e-09	7.13535e-10	7.95356e-11	8.22261e-12	7.90681e-13	7.09051e-14	5.94412e-15	4.66878e-16	3.4429e-17	2.38828e-18	1.56123e-19	9.63371e-21	5.62012e-22	3.10428e-23	1.62569e-24	8.08238e-26	3.8194e-27	1.71754e-28	7.35779e-30	3.00583e-31	1.17215e-32	4.36718e-34	1.55599e-35	5.30591e-37	1.73303e-38	5.42596e-40	1.62961e-41	4.69814e-43	1.30104e-44	3.46297e-46	8.86467e-48	2.18364e-49	5.17897e-51	1.18325e-52	2.60556e-54	5.53032e-56	
8.99854e-05	0.000434523	0.00181414	0.00670182	0.0217443	0.061394	0.149399	0.31057	0.548578	0.826475	1.08492	1.29406	1.46247	1.57961	1.61148	1.56604	1.46889	1.3154	1.11598	0.890037	0.649901	0.413862	0.191635	-0.00802773	-0.180378	-0.32348	-0.438151	-0.522883	-0.578882	-0.609219	-0.615216	-0.594473	-0.549193	-0.475806	-0.373585	-0.24067	-0.0812003	0.109009	0.322093	0.554697	0.794223	1.02801	1.2399	1.41383	1.53323	1.60055	1.60267	1.51699	1.36589	1.17456	0.935095	0.658372	0.397802	0.204249	0.0893376	0.0335513	0.0109224	0.0031116	0.000782581	0.000175149	3.51317e-05	6.35541e-06	1.04276e-06	1.55953e-07	2.13566e-08	2.6888e-09	3.12365e-10	3.35961e-11	3.3555e-12	3.12085e-13	2.70984e-14	2.20186e-15	1.67786e-16	1.20148e-17	8.10004e-19	5.15018e-20	3.09336e-21	1.75782e-22	9.46402e-24	4.83411e-25	2.34556e-26	1.08239e-27	4.75572e-29	1.99162e-30	7.95777e-32	3.03659e-33	1.1076e-34	3.86507e-36	1.29141e-37	4.13465e-39	1.26942e-40	3.74001e-42	1.05811e-43	2.87648e-45	7.51851e-47	1.89059e-48	4.57615e-50	1.06679e-51	2.39636e-53	5.18747e-55	
0.000231687	0.00105654	0.00413153	0.0142142	0.0426841	0.110783	0.246084	0.464266	0.743124	1.02295	1.25461	1.43606	1.56703	1.61197	1.56604	1.46103	1.28881	1.05534	0.797212	0.522685	0.252199	-0.00322381	-0.233734	-0.433022	-0.599266	-0.730312	-0.828381	-0.896407	-0.942201	-0.965131	-0.968861	-0.955448	-0.917777	-0.859387	-0.773438	-0.655476	-0.503646	-0.31698	-0.0989447	0.147908	0.413473	0.688241	0.954637	1.20044	1.40098	1.53093	1.60263	1.59659	1.4955	1.33213	1.12234	0.858634	0.571503	0.323772	0.155545	0.0637327	0.0224794	0.00689392	0.00185585	0.000442363	9.40889e-05	1.79806e-05	3.10618e-06	4.87704e-07	6.99352e-08	9.19877e-09	1.11418e-09	1.24712e-10	1.29416e-11	1.24871e-12	1.12331e-13	9.44447e-15	7.43841e-16	5.4995e-17	3.82433e-18	2.50592e-19	1.54986e-20	9.06198e-22	5.01649e-23	2.63286e-24	1.31182e-25	6.21264e-27	2.79986e-28	1.20208e-29	4.92171e-31	1.92359e-32	7.18331e-34	2.56531e-35	8.76845e-37	2.87091e-38	9.01077e-40	2.71309e-41	7.842e-43	2.1774e-44	5.81124e-46	1.49171e-47	3.68495e-49	8.76501e-51	2.00852e-52	4.43436e-54	
0.000540824	0.00232979	0.00853294	0.0273412	0.0760137	0.181521	0.368907	0.634857	0.930414	1.19095	1.39211	1.54002	1.60999	1.5773	1.46889	1.28881	1.0331	0.750748	0.448798	0.141094	-0.146165	-0.408401	-0.62769	-0.80784	-0.943297	-1.041	-1.10885	-1.15322	-1.17901	-1.19225	-1.19375	-1.18443	-1.16572	-1.12995	-1.07047	-0.987135	-0.865964	-0.705436	-0.500368	-0.255764	0.0243551	0.324056	0.632907	0.921908	1.19333	1.40686	1.54168	1.60882	1.57973	1.45759	1.27763	1.04119	0.753448	0.467798	0.246076	0.109857	0.0419611	0.0138511	0.00399118	0.00101329	0.000228565	4.61475e-05	8.39455e-06	1.38384e-06	2.07809e-07	2.85587e-08	3.60674e-09	4.20165e-10	4.53032e-11	4.53505e-12	4.22675e-13	3.67728e-14	2.99348e-15	2.28513e-16	1.63913e-17	1.1069e-18	7.04949e-20	4.24107e-21	2.41395e-22	1.3018e-23	6.6605e-25	3.23721e-26	1.49643e-27	6.58647e-29	2.76329e-30	1.10615e-31	4.22898e-33	1.54555e-34	5.4042e-36	1.80941e-37	5.80553e-39	1.78634e-40	5.27494e-42	1.49586e-43	4.07631e-45	1.0681e-46	2.69269e-48	6.53478e-50	1.5275e-51	3.43926e-53	
0.00114848	0.00467936	0.0160693	0.0480185	0.123833	0.27287	0.509775	0.806722	1.09686	1.328	1.49671	1.5973	1.5949	1.49308	1.3154	1.05534	0.750748	0.425107	0.0800274	-0.23494	-0.522196	-0.757185	-0.944503	-1.07876	-1.17096	-1.2246	-1.25414	-1.26314	-1.26512	-1.26616	-1.26401	-1.26368	-1.26467	-1.25867	-1.24057	-1.19639	-1.12025	-1.00493	-0.837539	-0.62363	-0.353738	-0.0506082	0.286443	0.623954	0.935815	1.22095	1.43127	1.5641	1.61052	1.54726	1.40206	1.19688	0.9272	0.624607	0.357663	0.173377	0.0715586	0.025387	0.0078216	0.00211327	0.000505176	0.000107695	2.06182e-05	3.56703e-06	5.60724e-07	8.04843e-08	1.0595e-08	1.28419e-09	1.43831e-10	1.49341e-11	1.44175e-12	1.29766e-13	1.09162e-14	8.60233e-16	6.36377e-17	4.42811e-18	2.9035e-19	1.79706e-20	1.05155e-21	5.82601e-23	3.0605e-24	1.52638e-25	7.23629e-27	3.26483e-28	1.40337e-29	5.75313e-31	2.25155e-32	8.41999e-34	3.01147e-35	1.03097e-36	3.38114e-38	1.06307e-39	3.20668e-41	9.28638e-43	2.58357e-44	6.9096e-46	1.77748e-47	4.40075e-49	1.0492e-50	2.40893e-52	
0.00222927	0.00860923	0.0277821	0.0776269	0.186317	0.380579	0.657933	0.966979	1.23648	1.43497	1.56632	1.60733	1.53199	1.3642	1.11598	0.797212	0.448798	0.0800274	-0.264533	-0.57165	-0.832671	-1.02656	-1.16535	-1.24185	-1.27551	-1.27235	-1.25084	-1.22795	-1.20491	-1.19012	-1.18817	-1.20009	-1.21661	-1.24099	-1.26674	-1.27667	-1.2616	-1.20126	-1.0903	-0.916764	-0.684359	-0.390759	-0.0639462	0.302626	0.659569	0.994379	1.27545	1.47394	1.5906	1.5966	1.4963	1.32397	1.08204	0.781633	0.483371	0.253076	0.112446	0.0427541	0.0140524	0.00403303	0.00102012	0.000229312	4.61503e-05	8.37022e-06	1.37606e-06	2.06119e-07	2.82607e-08	3.56151e-09	4.1409e-10	4.45694e-11	4.45449e-12	4.14574e-13	3.60222e-14	2.92911e-15	2.23383e-16	1.60103e-17	1.08043e-18	6.8772e-20	4.13573e-21	2.35335e-22	1.26892e-23	6.49214e-25	3.15569e-26	1.45906e-27	6.42415e-29	2.6964e-30	1.07999e-31	4.13173e-33	1.51119e-34	5.2888e-36	1.77255e-37	5.69353e-39	1.75401e-40	5.18626e-42	1.4728e-43	4.01956e-45	1.05494e-46	2.66408e-48	6.47712e-50	1.51619e-51	
0.00397819	0.0146061	0.0444357	0.11653	0.261495	0.498022	0.802946	1.10763	1.34861	1.51351	1.60029	1.57462	1.43128	1.20202	0.890037	0.522685	0.141094	-0.23494	-0.57165	-0.859954	-1.06776	-1.20804	-1.2695	-1.28023	-1.24078	-1.1883	-1.12462	-1.07105	-1.02934	-1.0049	-1.00373	-1.01822	-1.05039	-1.10245	-1.1619	-1.22132	-1.26929	-1.27865	-1.24208	-1.13127	-0.953417	-0.693861	-0.375332	-0.0120612	0.371239	0.745876	1.08672	1.34909	1.52906	1.6053	1.55974	1.42357	1.21319	0.928745	0.614661	0.34527	0.164315	0.0666888	0.0233066	0.00708528	0.00189168	0.000447424	9.44788e-05	1.79336e-05	3.07866e-06	4.80574e-07	6.85422e-08	8.9708e-09	1.08161e-09	1.20561e-10	1.24631e-11	1.1984e-12	1.0747e-13	9.01069e-15	7.07936e-16	5.22284e-17	3.62527e-18	2.37181e-19	1.46507e-20	8.5578e-22	4.73401e-23	2.48349e-24	1.23717e-25	5.85946e-27	2.64151e-28	1.13472e-29	4.64958e-31	1.81909e-32	6.8016e-34	2.43259e-35	8.32893e-37	2.73224e-38	8.59387e-40	2.59365e-41	7.51598e-43	2.09266e-44	5.60174e-46	1.44251e-47	3.57551e-49	8.53093e-51	
0.00656874	0.0230136	0.0662733	0.163865	0.345648	0.617828	0.936765	1.22544	1.43525	1.56513	1.60045	1.508	1.30453	1.0168	0.649901	0.252199	-0.146165	-0.522196	-0.832671	-1.06776	-1.21613	-1.28116	-1.27071	-1.20765	-1.11228	-1.0083	-0.918609	-0.847401	-0.805137	-0.780088	-0.774114	-0.792634	-0.828494	-0.887159	-0.968643	-1.07208	-1.17073	-1.25178	-1.28385	-1.2526	-1.13666	-0.936995	-0.654529	-0.302539	0.0926445	0.492061	0.87762	1.19937	1.43726	1.57863	1.59286	1.49731	1.31981	1.05951	0.743459	0.444736	0.225348	0.0971455	0.0359476	0.0115334	0.00323978	0.000803964	0.000177664	3.52122e-05	6.29887e-06	1.02269e-06	1.51463e-07	2.0554e-08	2.56605e-09	2.95796e-10	3.15874e-11	3.13427e-12	2.89773e-13	2.50252e-14	2.02352e-15	1.53526e-16	1.09514e-17	7.35828e-19	4.66502e-20	2.79513e-21	1.58518e-22	8.5212e-24	4.34755e-25	2.10793e-26	9.72403e-28	4.2727e-29	1.79012e-30	7.15845e-32	2.73479e-33	9.99052e-35	3.49287e-36	1.16966e-37	3.75451e-39	1.15608e-40	3.41715e-42	9.70231e-44	2.64789e-45	6.95029e-47	1.75565e-48	4.26797e-50	
0.0101024	0.0339156	0.0928816	0.21765	0.434101	0.733344	1.05451	1.32057	1.49924	1.59191	1.57201	1.41753	1.16046	0.819853	0.413862	-0.00322381	-0.408401	-0.757185	-1.02656	-1.20804	-1.28116	-1.26855	-1.17919	-1.05168	-0.911082	-0.79211	-0.70549	-0.648071	-0.609827	-0.591876	-0.589448	-0.600736	-0.631083	-0.67861	-0.752418	-0.859804	-0.994336	-1.13169	-1.23953	-1.28633	-1.24878	-1.11154	-0.874246	-0.556816	-0.168357	0.246364	0.662686	1.03443	1.32528	1.52496	1.59888	1.54733	1.40316	1.17087	0.863433	0.545849	0.292576	0.133222	0.051942	0.0175115	0.00515539	0.00133753	0.000308336	6.36231e-05	1.18278e-05	1.99251e-06	3.05736e-07	4.29286e-08	5.53861e-09	6.59076e-10	7.25813e-11	7.42014e-12	7.06195e-13	6.27319e-14	5.21365e-15	4.06295e-16	2.97492e-17	2.05053e-18	1.33286e-19	8.18357e-21	4.75351e-22	2.61593e-23	1.36575e-24	6.77327e-26	3.19475e-27	1.43476e-28	6.14171e-30	2.50849e-31	9.78511e-33	3.64878e-34	1.30177e-35	4.4472e-37	1.45594e-38	4.57123e-40	1.37741e-41	3.98595e-43	1.10846e-44	2.96416e-46	7.6266e-48	1.88808e-49	
0.0145652	0.0470663	0.123199	0.275122	0.522082	0.839523	1.15419	1.3951	1.5436	1.59687	1.52155	1.31256	1.00937	0.624625	0.191635	-0.233734	-0.62769	-0.944503	-1.16535	-1.2695	-1.27071	-1.17919	-1.03078	-0.862004	-0.716062	-0.609411	-0.55403	-0.521077	-0.506367	-0.498195	-0.493712	-0.501111	-0.515283	-0.538905	-0.581782	-0.668692	-0.798877	-0.964714	-1.12391	-1.24506	-1.28114	-1.22188	-1.04542	-0.766133	-0.397476	0.019162	0.453734	0.864246	1.20177	1.45289	1.58315	1.57681	1.46566	1.26226	0.97039	0.643485	0.36243	0.173279	0.0708047	0.0249621	0.0076679	0.00207148	0.000496305	0.000106255	2.04634e-05	3.56631e-06	5.65412e-07	8.19351e-08	1.08988e-08	1.33584e-09	1.51393e-10	1.5915e-11	1.55634e-12	1.41957e-13	1.21064e-14	9.67519e-16	7.26094e-17	5.1269e-18	3.41214e-19	2.14406e-20	1.274e-21	7.16905e-23	3.82573e-24	1.93861e-25	9.33953e-27	4.28269e-28	1.87129e-29	7.79915e-31	3.10356e-32	1.18027e-33	4.29336e-35	1.4951e-36	4.98824e-38	1.59573e-39	4.89802e-41	1.44355e-42	4.08771e-44	1.11286e-45	2.91454e-47	7.34311e-49	
0.0198043	0.061886	0.155655	0.333174	0.605383	0.933193	1.23599	1.45181	1.57106	1.58393	1.45744	1.20356	0.86032	0.439383	-0.00802773	-0.433022	-0.80784	-1.07876	-1.24185	-1.28023	-1.20765	-1.05168	-0.862004	-0.684799	-0.567933	-0.515552	-0.505649	-0.499605	-0.482997	-0.48531	-0.487261	-0.482316	-0.494223	-0.504097	-0.509122	-0.539068	-0.629103	-0.786464	-0.976432	-1.15278	-1.26237	-1.27198	-1.15745	-0.92932	-0.592062	-0.183005	0.260468	0.69907	1.07506	1.37005	1.55158	1.58972	1.51052	1.33484	1.06214	0.733553	0.431282	0.21519	0.0916372	0.0336088	0.0107207	0.00300234	0.000744527	0.000164747	3.27516e-05	5.88515e-06	9.61028e-07	1.43306e-07	1.95983e-08	2.46773e-09	2.87102e-10	3.0962e-11	3.10421e-12	2.90117e-13	2.53377e-14	2.07265e-15	1.59135e-16	1.14906e-17	7.81709e-19	5.01897e-20	3.04609e-21	1.75016e-22	9.53294e-24	4.92904e-25	2.42228e-26	1.13271e-27	5.04576e-29	2.1434e-30	8.6912e-32	3.36716e-33	1.24751e-34	4.42373e-36	1.50262e-37	4.89281e-39	1.5284e-40	4.58341e-42	1.32039e-43	3.65645e-45	9.73915e-47	2.4951e-48	
0.0255323	0.0775202	0.188377	0.388773	0.680739	1.01284	1.30121	1.49334	1.58461	1.55903	1.38882	1.09743	0.718491	0.272191	-0.180378	-0.599266	-0.943297	-1.17096	-1.27551	-1.24078	-1.11228	-0.911082	-0.716062	-0.567933	-0.509338	-0.50493	-0.511522	-0.500721	-0.485124	-0.48825	-0.489425	-0.483219	-0.493235	-0.509417	-0.508401	-0.504147	-0.533788	-0.649155	-0.828795	-1.03777	-1.1987	-1.27753	-1.2278	-1.05022	-0.747354	-0.353598	0.0888184	0.546709	0.953677	1.28391	1.50976	1.59009	1.5412	1.3908	1.13812	0.813165	0.495842	0.25662	0.113236	0.0429729	0.0141629	0.00409229	0.00104571	0.000238162	4.86815e-05	8.98592e-06	1.50609e-06	2.30334e-07	3.22844e-08	4.16365e-09	4.95864e-10	5.47105e-11	5.60907e-12	5.35806e-13	4.78087e-14	3.99388e-15	3.13039e-16	2.30664e-17	1.60081e-18	1.04816e-19	6.4855e-21	3.79786e-22	2.10781e-23	1.11019e-24	5.55622e-26	2.64542e-27	1.19957e-28	5.18601e-30	2.13969e-31	8.43322e-33	3.17798e-34	1.14603e-35	3.95807e-37	1.31024e-38	4.16026e-40	1.26794e-41	3.71176e-43	1.04434e-44	2.8259e-46	7.35385e-48	
0.0313581	0.0929443	0.219427	0.439249	0.745878	1.07812	1.35162	1.52239	1.58816	1.52858	1.32175	0.998179	0.590946	0.129923	-0.32348	-0.730312	-1.041	-1.2246	-1.27235	-1.1883	-1.0083	-0.79211	-0.609411	-0.515552	-0.50493	-0.530438	-0.508078	-0.472794	-0.451566	-0.453651	-0.455886	-0.450369	-0.462296	-0.492071	-0.528675	-0.516202	-0.502523	-0.561213	-0.709697	-0.923768	-1.12299	-1.25478	-1.25936	-1.13104	-0.869404	-0.493593	-0.0572251	0.412174	0.844645	1.20237	1.46364	1.58165	1.56087	1.43275	1.1989	0.880584	0.553397	0.295284	0.134237	0.0524248	0.0177595	0.00526858	0.00138084	0.000322264	6.74465e-05	1.27379e-05	2.18295e-06	3.41157e-07	4.88382e-08	6.42987e-09	7.81367e-10	8.79324e-11	9.19155e-12	8.94888e-13	8.13557e-14	6.92243e-15	5.52482e-16	4.14414e-17	2.92697e-18	1.94994e-19	1.22729e-20	7.30904e-22	4.12455e-23	2.20841e-24	1.12335e-25	5.4351e-27	2.50403e-28	1.0997e-29	4.60844e-31	1.84455e-32	7.05799e-34	2.58404e-35	9.05948e-37	3.04392e-38	9.80873e-40	3.03356e-41	9.01046e-43	2.57205e-44	7.06023e-46	1.86361e-47	
0.0368349	0.107085	0.246987	0.482436	0.799381	1.12939	1.38918	1.54177	1.58567	1.49734	1.26048	0.911635	0.485025	0.0146224	-0.438151	-0.828381	-1.10885	-1.25414	-1.25084	-1.12462	-0.918609	-0.70549	-0.55403	-0.505649	-0.511522	-0.508078	-0.454142	-0.415866	-0.42776	-0.416693	-0.408034	-0.427627	-0.419585	-0.430357	-0.492039	-0.513783	-0.505924	-0.523822	-0.633423	-0.830725	-1.04727	-1.21349	-1.27011	-1.18291	-0.95808	-0.60087	-0.173542	0.298111	0.750298	1.13114	1.41965	1.56853	1.57229	1.4631	1.24566	0.935	0.601897	0.329137	0.153266	0.0612591	0.0212188	0.00643067	0.00172041	0.000409568	8.7383e-05	1.68145e-05	2.93451e-06	4.66835e-07	6.80011e-08	9.10649e-09	1.12526e-09	1.28727e-10	1.36744e-11	1.35261e-12	1.24903e-13	1.07926e-14	8.74524e-16	6.65869e-17	4.77297e-18	3.22648e-19	2.06025e-20	1.24458e-21	7.12303e-23	3.86748e-24	1.99464e-25	9.78352e-27	4.5689e-28	2.03367e-29	8.63655e-31	3.50276e-32	1.35796e-33	5.03673e-35	1.78877e-36	6.0876e-38	1.98678e-39	6.22268e-41	1.87166e-42	5.40978e-44	1.50352e-45	4.01791e-47	
0.0415157	0.118934	0.2695	0.516699	0.840472	1.16736	1.41577	1.55398	1.58031	1.46927	1.20994	0.843185	0.402114	-0.0755412	-0.522883	-0.896407	-1.15322	-1.26314	-1.22795	-1.07105	-0.847401	-0.648071	-0.521077	-0.499605	-0.500721	-0.472794	-0.415866	-0.394098	-0.425556	-0.404008	-0.389545	-0.425348	-0.406369	-0.397625	-0.453052	-0.490725	-0.504532	-0.50051	-0.587536	-0.759139	-0.986384	-1.17489	-1.26874	-1.2123	-1.01775	-0.682719	-0.261003	0.211622	0.675048	1.07275	1.38202	1.55479	1.57818	1.48399	1.2797	0.976206	0.639911	0.356493	0.169067	0.0687777	0.0242303	0.00746395	0.00202845	0.000490287	0.000106158	2.07223e-05	3.66751e-06	5.91492e-07	8.73241e-08	1.18493e-08	1.48329e-09	1.71861e-10	1.84872e-11	1.85147e-12	1.7307e-13	1.5136e-14	1.24116e-15	9.56217e-17	6.93437e-18	4.7418e-19	3.0625e-20	1.87099e-21	1.08281e-22	5.94444e-24	3.09955e-25	1.53687e-26	7.25469e-28	3.26372e-29	1.40075e-30	5.74096e-32	2.24895e-33	8.42804e-35	3.02403e-36	1.03968e-37	3.42767e-39	1.08441e-40	3.29446e-42	9.61733e-44	2.69947e-45	7.28507e-47	
0.0450063	0.127644	0.285741	0.540895	0.868805	1.19284	1.43299	1.56102	1.57481	1.44798	1.17345	0.794208	0.343569	-0.136278	-0.578882	-0.942201	-1.17901	-1.26512	-1.20491	-1.02934	-0.805137	-0.609827	-0.506367	-0.482997	-0.485124	-0.451566	-0.42776	-0.425556	-0.428841	-0.411598	-0.403309	-0.424101	-0.427325	-0.425188	-0.440607	-0.472665	-0.487906	-0.488024	-0.55903	-0.717456	-0.942742	-1.14448	-1.25871	-1.23078	-1.05587	-0.734388	-0.321246	0.150738	0.622256	1.03106	1.35401	1.54332	1.58076	1.49721	1.30226	1.00432	0.666516	0.376075	0.180606	0.0743679	0.0265068	0.00825718	0.00226839	0.000554047	0.000121188	2.38918e-05	4.26962e-06	6.95166e-07	1.03591e-07	1.41861e-08	1.79191e-09	2.09476e-10	2.27322e-11	2.29642e-12	2.16509e-13	1.90959e-14	1.57904e-15	1.22663e-16	8.96845e-18	6.18257e-19	4.02514e-20	2.47867e-21	1.44581e-22	7.99912e-24	4.20311e-25	2.09999e-26	9.98801e-28	4.52711e-29	1.95744e-30	8.08165e-32	3.18901e-33	1.20375e-34	4.35014e-36	1.50626e-37	5.00098e-39	1.59325e-40	4.87397e-42	1.43265e-43	4.04882e-45	1.10008e-46	
0.0470081	0.132594	0.294864	0.554303	0.884268	1.20651	1.44201	1.56438	1.5712	1.43564	1.1528	0.766979	0.3117	-0.169375	-0.609219	-0.965131	-1.19225	-1.26616	-1.19012	-1.0049	-0.780088	-0.591876	-0.498195	-0.48531	-0.48825	-0.453651	-0.416693	-0.404008	-0.411598	-0.394137	-0.388331	-0.409002	-0.406448	-0.407815	-0.437479	-0.476392	-0.49023	-0.484478	-0.543784	-0.69414	-0.916864	-1.12355	-1.25365	-1.23872	-1.07519	-0.762796	-0.353919	0.117553	0.59308	1.00779	1.33802	1.53635	1.58165	1.50402	1.31425	1.01956	0.681174	0.387017	0.187135	0.077567	0.0278231	0.00872031	0.00240977	0.000591944	0.000130197	2.58072e-05	4.63639e-06	7.58815e-07	1.13655e-07	1.56428e-08	1.98574e-09	2.33274e-10	2.54376e-11	2.58203e-12	2.4459e-13	2.16737e-14	1.8005e-15	1.40507e-16	1.03197e-17	7.14603e-19	4.67304e-20	2.89028e-21	1.69321e-22	9.40817e-24	4.96448e-25	2.49081e-26	1.1896e-27	5.41405e-29	2.35044e-30	9.74315e-32	3.85989e-33	1.4627e-34	5.30643e-36	1.84442e-37	6.14691e-39	1.96566e-40	6.03547e-42	1.78055e-43	5.05021e-45	1.37706e-46	
0.0473489	0.133434	0.296403	0.556552	0.886845	1.20877	1.4435	1.56492	1.57053	1.43344	1.14931	0.762766	0.306739	-0.175527	-0.615216	-0.968861	-1.19375	-1.26401	-1.18817	-1.00373	-0.774114	-0.589448	-0.493712	-0.487261	-0.489425	-0.455886	-0.408034	-0.389545	-0.403309	-0.388331	-0.379184	-0.401189	-0.3945	-0.394806	-0.437708	-0.478018	-0.493879	-0.482182	-0.54126	-0.689683	-0.914663	-1.12225	-1.25321	-1.23764	-1.07889	-0.768657	-0.358346	0.112581	0.587837	1.00368	1.33536	1.53519	1.58177	1.50513	1.31624	1.0221	0.683628	0.388856	0.188236	0.0781085	0.0280466	0.00879917	0.00243391	0.000598433	0.000131744	2.61369e-05	4.69972e-06	7.69835e-07	1.15402e-07	1.58964e-08	2.01958e-09	2.37441e-10	2.59126e-11	2.63233e-12	2.4955e-13	2.21303e-14	1.83985e-15	1.43687e-16	1.05612e-17	7.3187e-19	4.78949e-20	2.96447e-21	1.73793e-22	9.66355e-24	5.10284e-25	2.56202e-26	1.22446e-27	5.57651e-29	2.4226e-30	1.0049e-31	3.98367e-33	1.51059e-34	5.48368e-36	1.90724e-37	6.36025e-39	2.03513e-40	6.2526e-42	1.84571e-43	5.23814e-45	1.42914e-46	
0.0459994	0.130103	0.290282	0.547583	0.876536	1.1997	1.43755	1.56274	1.573	1.44181	1.16325	0.78074	0.327767	-0.152381	-0.594473	-0.955448	-1.18443	-1.26368	-1.20009	-1.01822	-0.792634	-0.600736	-0.501111	-0.482316	-0.483219	-0.450369	-0.427627	-0.425348	-0.424101	-0.409002	-0.401189	-0.420824	-0.425217	-0.425778	-0.438385	-0.471053	-0.486499	-0.484656	-0.55021	-0.706361	-0.929483	-1.13715	-1.25511	-1.23294	-1.06548	-0.749574	-0.33853	0.134396	0.608214	1.0195	1.34597	1.53989	1.58128	1.50067	1.3083	1.01196	0.673834	0.381515	0.18384	0.075947	0.0271545	0.00848442	0.00233758	0.000572546	0.000125576	2.48225e-05	4.44747e-06	7.2597e-07	1.08452e-07	1.48885e-08	1.88521e-09	2.20912e-10	2.40303e-11	2.43325e-12	2.29943e-13	2.03274e-14	1.6847e-15	1.31165e-16	9.61153e-18	6.64055e-19	4.33276e-20	2.67389e-21	1.56303e-22	8.66604e-24	4.56312e-25	2.28462e-26	1.08886e-27	4.94537e-29	2.14261e-30	8.86389e-32	3.50462e-33	1.32548e-34	4.79936e-36	1.665e-37	5.53856e-39	1.76784e-40	5.41817e-42	1.59556e-43	4.51746e-45	1.22963e-46	
0.0430757	0.122838	0.27681	0.527638	0.853346	1.17901	1.42372	1.55732	1.57791	1.45964	1.1936	0.821579	0.375997	-0.103582	-0.549193	-0.917777	-1.16572	-1.26467	-1.21661	-1.05039	-0.828494	-0.631083	-0.515283	-0.494223	-0.493235	-0.462296	-0.419585	-0.406369	-0.427325	-0.406448	-0.3945	-0.425217	-0.414748	-0.407934	-0.445434	-0.48302	-0.497923	-0.496415	-0.57471	-0.740833	-0.966338	-1.15899	-1.265	-1.22136	-1.03592	-0.707881	-0.288384	0.184939	0.651414	1.05377	1.36942	1.54982	1.57954	1.49014	1.29007	0.989033	0.651961	0.365302	0.174226	0.0712629	0.0252371	0.00781308	0.00213358	0.000518104	0.000112689	2.20941e-05	3.92714e-06	6.36034e-07	9.42884e-08	1.28464e-08	1.61453e-09	1.87806e-10	2.0281e-11	2.03891e-12	1.91315e-13	1.67943e-14	1.38225e-15	1.06882e-16	7.77907e-18	5.33851e-19	3.46013e-20	2.12136e-21	1.23199e-22	6.78675e-24	3.55085e-25	1.76661e-26	8.36722e-28	3.77677e-29	1.62631e-30	6.68726e-32	2.62818e-33	9.88104e-35	3.55674e-36	1.22673e-37	4.05712e-39	1.28759e-40	3.92392e-42	1.14904e-43	3.23518e-45	8.75755e-47	
0.0388287	0.112156	0.256681	0.497293	0.817337	1.14612	1.40103	1.54739	1.58363	1.48537	1.23879	0.882372	0.449358	-0.0248097	-0.475806	-0.859387	-1.12995	-1.25867	-1.24099	-1.10245	-0.887159	-0.67861	-0.538905	-0.504097	-0.509417	-0.492071	-0.430357	-0.397625	-0.425188	-0.407815	-0.394806	-0.425778	-0.407934	-0.406279	-0.473319	-0.505101	-0.507991	-0.512344	-0.6126	-0.79785	-1.02259	-1.19698	-1.26995	-1.19699	-0.985418	-0.637388	-0.211871	0.260585	0.717832	1.10601	1.40362	1.56294	1.57519	1.47252	1.26078	0.953095	0.618421	0.340918	0.160014	0.0644449	0.0224857	0.00686242	0.00184831	0.000442878	9.50854e-05	1.84086e-05	3.2319e-06	5.17142e-07	7.57587e-08	1.02021e-08	1.26756e-09	1.45787e-10	1.55688e-11	1.54804e-12	1.43685e-13	1.24785e-14	1.01619e-15	7.7756e-17	5.60077e-18	3.80432e-19	2.44079e-20	1.48141e-21	8.51795e-23	4.64617e-24	2.40718e-25	1.18603e-26	5.56355e-28	2.48737e-29	1.06097e-30	4.32175e-32	1.6827e-33	6.26792e-35	2.23547e-36	7.63987e-38	2.50381e-39	7.87458e-41	2.37828e-42	6.90223e-44	1.92611e-45	5.16798e-47	
0.033619	0.098819	0.230972	0.457512	0.768739	1.10027	1.36806	1.53113	1.58766	1.51588	1.29624	0.961882	0.546288	0.0807729	-0.373585	-0.773438	-1.07047	-1.24057	-1.26674	-1.1619	-0.968643	-0.752418	-0.581782	-0.509122	-0.508401	-0.528675	-0.492039	-0.453052	-0.440607	-0.437479	-0.437708	-0.438385	-0.445434	-0.473319	-0.520403	-0.519355	-0.501165	-0.542498	-0.672769	-0.883421	-1.0897	-1.24045	-1.26733	-1.15455	-0.908308	-0.53988	-0.107714	0.363416	0.805196	1.1727	1.44549	1.57669	1.5663	1.44621	1.21928	0.903965	0.57397	0.309476	0.14213	0.0560528	0.0191671	0.00573731	0.00151667	0.00035691	7.52975e-05	1.43313e-05	2.47459e-06	3.8958e-07	5.61704e-08	7.44703e-09	9.11179e-10	1.0323e-10	1.08616e-11	1.06432e-12	9.73727e-14	8.33696e-15	6.69456e-16	5.05187e-17	3.58928e-18	2.40517e-19	1.52255e-20	9.11898e-22	5.17478e-23	2.78607e-24	1.42494e-25	6.93145e-27	3.21044e-28	1.41736e-29	5.97055e-31	2.40204e-32	9.23792e-34	3.39917e-35	1.19766e-36	4.04388e-38	1.30946e-39	4.06933e-41	1.21448e-42	3.48317e-44	9.60614e-46	2.5474e-47	
0.0278782	0.0837815	0.201113	0.409724	0.708131	1.04068	1.32302	1.50623	1.58694	1.54726	1.36173	1.05674	0.66509	0.2118	-0.24067	-0.655476	-0.987135	-1.19639	-1.27667	-1.22132	-1.07208	-0.859804	-0.668692	-0.539068	-0.504147	-0.516202	-0.513783	-0.490725	-0.472665	-0.476392	-0.478018	-0.471053	-0.48302	-0.505101	-0.519355	-0.506738	-0.51475	-0.607344	-0.777613	-0.991072	-1.17114	-1.26998	-1.24355	-1.08779	-0.799696	-0.413574	0.026271	0.49078	0.908936	1.25046	1.49136	1.58754	1.5503	1.40919	1.16426	0.841688	0.519821	0.272502	0.121752	0.0467594	0.0155875	0.00455323	0.00117569	0.00027046	5.5819e-05	1.03998e-05	1.75883e-06	2.71348e-07	3.83573e-08	4.98791e-09	5.98829e-10	6.6592e-11	6.87977e-12	6.62137e-13	5.95161e-14	5.00775e-15	3.9528e-16	2.93282e-17	2.04922e-18	1.35072e-19	8.41235e-21	4.95794e-22	2.76907e-23	1.46756e-24	7.38978e-26	3.53963e-27	1.61458e-28	7.02103e-30	2.9135e-31	1.15483e-32	4.37623e-34	1.58686e-35	5.51043e-37	1.83393e-38	5.85397e-40	1.79349e-41	5.27743e-43	1.49246e-44	4.05886e-46	1.06151e-47	
0.0220599	0.0681032	0.168831	0.355882	0.636647	0.966791	1.26395	1.47	1.57786	1.5751	1.43033	1.16069	0.80245	0.369615	-0.0812003	-0.503646	-0.865964	-1.12025	-1.2616	-1.26929	-1.17073	-0.994336	-0.798877	-0.629103	-0.533788	-0.502523	-0.505924	-0.504532	-0.487906	-0.49023	-0.493879	-0.486499	-0.497923	-0.507991	-0.501165	-0.51475	-0.581135	-0.72548	-0.915037	-1.10773	-1.24004	-1.28107	-1.19078	-0.981678	-0.658452	-0.254994	0.188857	0.636134	1.02549	1.33563	1.5358	1.59122	1.52437	1.35914	1.09448	0.766798	0.457765	0.231907	0.100221	0.0372774	0.0120512	0.00341827	0.000858053	0.000192092	3.8617e-05	7.01408e-06	1.15731e-06	1.74309e-07	2.40702e-08	3.05938e-09	3.5919e-10	3.90803e-11	3.952e-12	3.72458e-13	3.27957e-14	2.70418e-15	2.09244e-16	1.5224e-17	1.04342e-18	6.74814e-20	4.12479e-21	2.38651e-22	1.30881e-23	6.81271e-25	3.37002e-26	1.58608e-27	7.1102e-29	3.03919e-30	1.2399e-31	4.83256e-33	1.80103e-34	6.42374e-36	2.19447e-37	7.18594e-39	2.25719e-40	6.80599e-42	1.97125e-43	5.48783e-45	1.46938e-46	3.78389e-48	
0.0165841	0.0528433	0.136036	0.298463	0.556191	0.878631	1.18899	1.41968	1.55633	1.59358	1.49733	1.26919	0.948864	0.548499	0.109009	-0.31698	-0.705436	-1.00493	-1.20126	-1.27865	-1.25178	-1.13169	-0.964714	-0.786464	-0.649155	-0.561213	-0.523822	-0.50051	-0.488024	-0.484478	-0.482182	-0.484656	-0.496415	-0.512344	-0.542498	-0.607344	-0.72548	-0.892228	-1.06827	-1.21288	-1.28004	-1.24604	-1.09644	-0.837833	-0.479088	-0.0649426	0.373371	0.79681	1.15127	1.42085	1.57217	1.58377	1.48559	1.29352	1.00904	0.680626	0.390254	0.1899	0.0789226	0.0282764	0.00881989	0.00241752	0.000587263	0.000127393	2.48446e-05	4.38226e-06	7.02844e-07	1.02988e-07	1.38466e-08	1.71476e-09	1.96285e-10	2.08344e-11	2.05657e-12	1.89294e-13	1.62863e-14	1.31277e-15	9.93439e-17	7.07176e-18	4.74388e-19	3.00397e-20	1.79844e-21	1.01949e-22	5.47966e-24	2.79628e-25	1.35643e-26	6.26199e-28	2.75421e-29	1.15533e-30	4.62667e-32	1.77046e-33	6.47961e-35	2.26997e-36	7.61814e-38	2.45114e-39	7.5665e-41	2.24249e-42	6.38504e-44	1.74771e-45	4.60165e-47	1.16546e-48	
