-0.16229	-0.144281	-0.150612	-0.154034	-0.152846	-0.15445	-0.161243	-0.163191	-0.160979	-0.156513	-0.16826	-0.174992	-0.15982	-0.169396	-0.180215	-0.190213	-0.185582	-0.179767	-0.194109	-0.224493	-0.224066	-0.217068	-0.212751	-0.232088	-0.269157	-0.314277	-0.321449	-0.296858	-0.274439	-0.292728	-0.357054	-0.489139	-0.676237	-0.875439	-1.02829	-1.10529	-1.09952	-0.978626	-0.738574	-0.385979	0.0165057	0.427284	0.82159	1.17347	1.4587	1.62125	1.62729	1.48907	1.23051	0.931186	0.641725	0.391779	0.215818	0.0923674	0.0130604	-0.0249538	-0.0468007	-0.0654837	-0.0660539	-0.0678666	-0.0841509	-0.0815598	-0.0740445	-0.080991	-0.0862893	-0.0838484	-0.085276	-0.0961851	-0.0944789	-0.0875908	-0.101136	-0.110098	-0.103002	-0.103747	-0.114398	-0.126681	-0.129206	-0.119172	-0.125294	-0.152547	-0.16466	-0.153536	-0.14047	-0.133727	-0.134691	-0.127542	-0.0617423	0.097935	0.330832	0.595182	0.850821	1.03645	1.08295	0.966144	0.717894	0.392014	0.0464123	-0.25576	-0.464	-0.563689	
-0.144281	-0.152701	-0.162659	-0.159955	-0.15662	-0.153663	-0.149955	-0.157569	-0.158353	-0.158828	-0.171081	-0.170267	-0.171717	-0.176684	-0.182347	-0.189291	-0.188339	-0.184183	-0.198128	-0.215572	-0.219371	-0.214439	-0.215222	-0.233804	-0.266112	-0.303173	-0.3101	-0.292907	-0.280218	-0.300749	-0.370935	-0.497517	-0.678913	-0.863571	-1.01123	-1.08326	-1.07171	-0.950878	-0.709644	-0.369792	0.027259	0.430833	0.817679	1.16627	1.43749	1.59537	1.60145	1.46178	1.21995	0.925259	0.642829	0.405483	0.223395	0.102237	0.0248678	-0.0258514	-0.0506442	-0.065508	-0.0747096	-0.0754773	-0.0713097	-0.0692206	-0.0810904	-0.0882221	-0.0839887	-0.0847733	-0.0868716	-0.0905326	-0.0942459	-0.0944442	-0.100121	-0.105461	-0.104539	-0.107042	-0.115034	-0.123951	-0.126746	-0.123099	-0.130274	-0.150071	-0.159452	-0.152716	-0.143584	-0.138323	-0.135731	-0.119006	-0.0473762	0.107242	0.33014	0.585064	0.830355	1.00706	1.05311	0.94508	0.70895	0.395088	0.0613099	-0.231429	-0.435687	-0.535422	
-0.150612	-0.162659	-0.149559	-0.148395	-0.155448	-0.156137	-0.161026	-0.164363	-0.160206	-0.164099	-0.165905	-0.163059	-0.173643	-0.174051	-0.176308	-0.18336	-0.185824	-0.19331	-0.204309	-0.207452	-0.218674	-0.219134	-0.231087	-0.246261	-0.272007	-0.293418	-0.301595	-0.298627	-0.301303	-0.33053	-0.40518	-0.527998	-0.689921	-0.855342	-0.986098	-1.05245	-1.0291	-0.905496	-0.668723	-0.343498	0.0367713	0.433807	0.809387	1.15022	1.40641	1.55425	1.56212	1.4296	1.20412	0.923373	0.646874	0.414417	0.230659	0.103677	0.0301168	-0.0221715	-0.0485995	-0.0538929	-0.0684621	-0.0750747	-0.0730628	-0.0811642	-0.0848737	-0.0802764	-0.0795375	-0.0855629	-0.0909296	-0.09108	-0.0935116	-0.0975675	-0.0984222	-0.101581	-0.107428	-0.111995	-0.115747	-0.11891	-0.123326	-0.130567	-0.138211	-0.145212	-0.150737	-0.151908	-0.149561	-0.146189	-0.136169	-0.10228	-0.0210232	0.124004	0.328366	0.565041	0.790448	0.95066	0.996069	0.904314	0.691157	0.40091	0.0905185	-0.183841	-0.380404	-0.480165	
-0.154034	-0.159955	-0.148395	-0.147908	-0.159102	-0.166313	-0.157749	-0.152497	-0.164594	-0.173515	-0.159271	-0.161959	-0.178733	-0.176479	-0.178587	-0.176729	-0.189441	-0.205477	-0.206592	-0.200868	-0.213196	-0.225975	-0.24536	-0.256522	-0.27293	-0.274683	-0.288707	-0.302585	-0.326772	-0.368034	-0.447431	-0.563737	-0.697261	-0.836582	-0.94316	-0.999099	-0.960589	-0.833204	-0.604866	-0.301847	0.0568355	0.436362	0.800414	1.11812	1.35832	1.48622	1.49632	1.37849	1.17316	0.918347	0.656334	0.430759	0.248714	0.120774	0.0364061	-0.0136657	-0.0434613	-0.0573072	-0.0674911	-0.0730971	-0.0740806	-0.0842405	-0.081653	-0.0739039	-0.0829886	-0.0944911	-0.0923289	-0.0825429	-0.0913473	-0.106304	-0.0997122	-0.0960771	-0.108888	-0.117379	-0.11659	-0.114001	-0.121417	-0.139202	-0.145432	-0.139105	-0.14178	-0.152223	-0.157551	-0.154829	-0.133405	-0.0784042	0.0129814	0.144972	0.324773	0.535558	0.733241	0.87189	0.916779	0.846458	0.664884	0.40895	0.132791	-0.11524	-0.300809	-0.400331	
-0.152846	-0.15662	-0.155448	-0.159102	-0.157562	-0.157341	-0.153261	-0.154522	-0.169871	-0.170914	-0.159123	-0.171318	-0.185573	-0.181363	-0.179479	-0.174279	-0.194671	-0.211414	-0.201666	-0.192835	-0.205238	-0.232304	-0.253054	-0.263434	-0.264908	-0.254656	-0.275194	-0.310228	-0.357582	-0.413284	-0.497536	-0.59979	-0.702253	-0.805487	-0.886367	-0.921635	-0.869163	-0.735944	-0.521021	-0.24521	0.0879476	0.442303	0.788933	1.07722	1.29234	1.40079	1.40889	1.31092	1.13146	0.905876	0.665989	0.450646	0.272412	0.144489	0.0514356	-0.00240276	-0.0382323	-0.0593649	-0.069066	-0.0756481	-0.0734723	-0.0778499	-0.0796255	-0.0811649	-0.0882082	-0.0893754	-0.0872672	-0.0864864	-0.0976963	-0.105932	-0.0952159	-0.0968898	-0.113997	-0.119072	-0.114682	-0.112373	-0.123747	-0.145965	-0.148558	-0.133669	-0.13613	-0.154579	-0.166018	-0.160938	-0.124936	-0.049564	0.0491119	0.16623	0.31836	0.49738	0.662124	0.777199	0.821814	0.77519	0.631066	0.418662	0.186104	-0.0291721	-0.200794	-0.299243	
-0.15445	-0.153663	-0.156137	-0.166313	-0.157341	-0.151972	-0.163402	-0.164231	-0.166192	-0.162683	-0.16253	-0.173711	-0.179716	-0.179679	-0.17653	-0.182844	-0.199924	-0.215785	-0.202451	-0.19637	-0.212926	-0.24635	-0.26582	-0.274656	-0.258072	-0.248425	-0.272078	-0.332688	-0.398133	-0.471908	-0.555695	-0.638511	-0.707656	-0.769826	-0.823478	-0.829889	-0.76758	-0.627643	-0.435224	-0.185286	0.113308	0.4428	0.760678	1.02225	1.20588	1.30253	1.3112	1.23912	1.09331	0.897503	0.682654	0.473608	0.299172	0.161365	0.0661639	0.00628452	-0.0366064	-0.0533324	-0.0641658	-0.0747489	-0.0746544	-0.0759229	-0.0800498	-0.0884937	-0.0890989	-0.0818795	-0.0874264	-0.0957857	-0.0989349	-0.0988705	-0.0959916	-0.103905	-0.11582	-0.11642	-0.113709	-0.115643	-0.128936	-0.148259	-0.146963	-0.131316	-0.13625	-0.159111	-0.172708	-0.161128	-0.109607	-0.0192971	0.0816736	0.183977	0.308016	0.451792	0.581808	0.674266	0.718571	0.695069	0.591508	0.429647	0.247555	0.0694675	-0.0853485	-0.180907	
-0.161243	-0.149955	-0.161026	-0.157749	-0.153261	-0.163402	-0.172122	-0.165573	-0.159565	-0.167862	-0.171542	-0.174045	-0.172711	-0.177617	-0.180407	-0.189632	-0.202676	-0.20847	-0.203114	-0.203046	-0.223587	-0.254389	-0.273503	-0.274263	-0.252008	-0.246849	-0.282056	-0.360411	-0.446203	-0.533323	-0.612656	-0.670478	-0.703851	-0.725994	-0.743831	-0.721951	-0.645069	-0.507716	-0.335917	-0.116643	0.146436	0.443934	0.726542	0.954641	1.10781	1.18935	1.20406	1.15875	1.04721	0.888621	0.696099	0.499664	0.326827	0.183372	0.0819222	0.0156311	-0.025365	-0.0501166	-0.0592018	-0.0691936	-0.0800808	-0.0796336	-0.0843068	-0.0874071	-0.0805103	-0.0843018	-0.097081	-0.0977062	-0.0917229	-0.0961497	-0.105472	-0.109778	-0.111087	-0.11287	-0.116703	-0.123305	-0.134256	-0.144641	-0.142329	-0.134547	-0.143009	-0.164613	-0.174772	-0.153098	-0.088637	0.00785105	0.105862	0.195117	0.292767	0.400908	0.498198	0.571174	0.614483	0.611378	0.549069	0.44171	0.31336	0.174589	0.039661	-0.0498858	
-0.163191	-0.157569	-0.164363	-0.152497	-0.154522	-0.164231	-0.165573	-0.165602	-0.16184	-0.172561	-0.182541	-0.181188	-0.172998	-0.18259	-0.190556	-0.195932	-0.199367	-0.195378	-0.202545	-0.212177	-0.229098	-0.254953	-0.268623	-0.262958	-0.246797	-0.252624	-0.303574	-0.392088	-0.497436	-0.590485	-0.659557	-0.688052	-0.685769	-0.668331	-0.645225	-0.594455	-0.504252	-0.37578	-0.225305	-0.0390914	0.187027	0.443359	0.685239	0.873682	0.996654	1.06535	1.08553	1.0698	0.991787	0.871263	0.705645	0.5256	0.357433	0.215901	0.107299	0.0318542	-0.0119468	-0.0491563	-0.0630109	-0.0712994	-0.080774	-0.0795864	-0.0841226	-0.0827486	-0.0824044	-0.090623	-0.0962338	-0.0982699	-0.092493	-0.0955146	-0.111165	-0.113124	-0.107183	-0.111273	-0.121973	-0.132797	-0.137191	-0.136255	-0.138649	-0.144721	-0.154659	-0.16854	-0.169837	-0.136907	-0.0657614	0.0272592	0.118524	0.197572	0.272207	0.347984	0.417969	0.475515	0.516433	0.529983	0.507578	0.454763	0.379036	0.27934	0.167777	0.0886695	
-0.160979	-0.158353	-0.160206	-0.164594	-0.169871	-0.166192	-0.159565	-0.16184	-0.163803	-0.174201	-0.185383	-0.172486	-0.171907	-0.189588	-0.201593	-0.205129	-0.196725	-0.196541	-0.21755	-0.234181	-0.243645	-0.259191	-0.263102	-0.2576	-0.253032	-0.279025	-0.337948	-0.436151	-0.550157	-0.643514	-0.693832	-0.691706	-0.657492	-0.598855	-0.53734	-0.456585	-0.361836	-0.24655	-0.120332	0.0305589	0.216947	0.42476	0.62018	0.771491	0.867069	0.932298	0.967448	0.979893	0.948063	0.858939	0.724417	0.559306	0.390786	0.245482	0.129188	0.0448857	-0.00881112	-0.0446947	-0.0627232	-0.0746557	-0.0774198	-0.0747257	-0.0784902	-0.0840855	-0.0947939	-0.0960032	-0.0914159	-0.0944653	-0.0929073	-0.102162	-0.117531	-0.110024	-0.10306	-0.115347	-0.130662	-0.139345	-0.134453	-0.127928	-0.141342	-0.160228	-0.166734	-0.168196	-0.157418	-0.115557	-0.0463662	0.0353291	0.118422	0.190458	0.247074	0.297522	0.347822	0.393627	0.430475	0.457112	0.471388	0.468628	0.439818	0.376803	0.29228	0.228841	
-0.156513	-0.158828	-0.164099	-0.173515	-0.170914	-0.162683	-0.167862	-0.172561	-0.174201	-0.177395	-0.174095	-0.166587	-0.178674	-0.194823	-0.202023	-0.202217	-0.190874	-0.201493	-0.233431	-0.249783	-0.254268	-0.254576	-0.256195	-0.256371	-0.276266	-0.320964	-0.38797	-0.490429	-0.604504	-0.689126	-0.713602	-0.684428	-0.616221	-0.52139	-0.417191	-0.315324	-0.216279	-0.120267	-0.0160688	0.100006	0.242636	0.399512	0.545028	0.66015	0.737444	0.799656	0.856019	0.89548	0.903269	0.84875	0.739529	0.587755	0.422676	0.269887	0.145992	0.0557284	-0.00184167	-0.0360915	-0.0542173	-0.0622169	-0.0747345	-0.0840276	-0.0864018	-0.0923439	-0.0942333	-0.0869376	-0.0880409	-0.097699	-0.102692	-0.109799	-0.111978	-0.103837	-0.108507	-0.125061	-0.136242	-0.138658	-0.129261	-0.126971	-0.151791	-0.175747	-0.174713	-0.162464	-0.139478	-0.0945226	-0.036075	0.0303081	0.106096	0.174303	0.219787	0.254967	0.293575	0.330185	0.361827	0.398914	0.444627	0.482835	0.491304	0.460835	0.406513	0.363715	
-0.16826	-0.171081	-0.165905	-0.159271	-0.159123	-0.16253	-0.171542	-0.182541	-0.185383	-0.174095	-0.175586	-0.187242	-0.194412	-0.198088	-0.197583	-0.195512	-0.190367	-0.209893	-0.240941	-0.255014	-0.249885	-0.242503	-0.243918	-0.263216	-0.308614	-0.370416	-0.443366	-0.543882	-0.647696	-0.712979	-0.709852	-0.654826	-0.554414	-0.42356	-0.283125	-0.163389	-0.0689418	0.0110826	0.0885016	0.172039	0.26506	0.366537	0.462669	0.541951	0.606188	0.670934	0.742742	0.811801	0.849856	0.826975	0.745332	0.607707	0.451948	0.302589	0.175759	0.079452	0.0172799	-0.0270436	-0.0581248	-0.0680459	-0.0794565	-0.087146	-0.08754	-0.0883989	-0.0866264	-0.0886939	-0.0946171	-0.104714	-0.111647	-0.104544	-0.100141	-0.110669	-0.123518	-0.130028	-0.13372	-0.133913	-0.129093	-0.136856	-0.165632	-0.185527	-0.176416	-0.152184	-0.120408	-0.0807508	-0.0391381	0.0126983	0.0835498	0.15135	0.194647	0.225926	0.259393	0.288284	0.314959	0.360732	0.430289	0.496568	0.530204	0.526825	0.504157	0.485285	
-0.174992	-0.170267	-0.163059	-0.161959	-0.171318	-0.173711	-0.174045	-0.181188	-0.172486	-0.166587	-0.187242	-0.199812	-0.198399	-0.197126	-0.199372	-0.201814	-0.210659	-0.231439	-0.254016	-0.259433	-0.248961	-0.235942	-0.246337	-0.287912	-0.354873	-0.42753	-0.503329	-0.592234	-0.674975	-0.711229	-0.683697	-0.601714	-0.47343	-0.308545	-0.14289	-0.0139476	0.0716185	0.130956	0.182319	0.225082	0.26618	0.30878	0.355991	0.40825	0.464764	0.539764	0.634421	0.730777	0.804642	0.814809	0.757109	0.639646	0.487641	0.333544	0.202296	0.0958763	0.0232571	-0.0226274	-0.0556199	-0.0720169	-0.0824672	-0.083688	-0.0815633	-0.0843233	-0.0901766	-0.0993205	-0.102391	-0.106433	-0.106502	-0.0965367	-0.105638	-0.126301	-0.129558	-0.12754	-0.129985	-0.131328	-0.137488	-0.154444	-0.17654	-0.186859	-0.172119	-0.140054	-0.106922	-0.0809193	-0.0569013	-0.0149346	0.0539337	0.12584	0.17744	0.215112	0.247495	0.269911	0.29349	0.34613	0.429504	0.508845	0.554959	0.572131	0.579461	0.584676	
-0.15982	-0.171717	-0.173643	-0.178733	-0.185573	-0.179716	-0.172711	-0.172998	-0.171907	-0.178674	-0.194412	-0.198399	-0.197211	-0.195309	-0.198815	-0.212916	-0.232426	-0.248043	-0.254483	-0.257009	-0.247302	-0.23861	-0.26905	-0.331398	-0.414976	-0.493319	-0.567588	-0.635967	-0.685909	-0.69244	-0.639092	-0.534421	-0.375701	-0.187887	-0.00372362	0.123949	0.200945	0.239202	0.261961	0.263273	0.248978	0.237641	0.24247	0.274213	0.333764	0.419724	0.5387	0.660236	0.76198	0.803	0.767534	0.665112	0.520778	0.363207	0.222869	0.110409	0.0280518	-0.0212108	-0.0522347	-0.0648783	-0.0718683	-0.0817324	-0.0865359	-0.0912249	-0.100074	-0.104392	-0.0992027	-0.0995089	-0.103464	-0.105229	-0.119062	-0.130928	-0.127863	-0.126215	-0.127407	-0.134634	-0.15527	-0.172499	-0.179211	-0.180501	-0.164274	-0.131369	-0.106922	-0.0988029	-0.087164	-0.0488144	0.0215079	0.104064	0.174371	0.225418	0.258499	0.27649	0.299704	0.355963	0.441279	0.518891	0.565977	0.596012	0.627438	0.652864	
-0.169396	-0.176684	-0.174051	-0.176479	-0.181363	-0.179679	-0.177617	-0.18259	-0.189588	-0.194823	-0.198088	-0.197126	-0.195309	-0.190177	-0.201279	-0.227595	-0.248151	-0.248015	-0.244658	-0.250776	-0.247542	-0.257683	-0.309439	-0.389526	-0.479941	-0.561	-0.625253	-0.663737	-0.675555	-0.652189	-0.575498	-0.446328	-0.26365	-0.0599721	0.128025	0.252515	0.317146	0.335887	0.326246	0.282271	0.216885	0.154362	0.129155	0.147581	0.215107	0.317446	0.455095	0.598959	0.722867	0.785495	0.769611	0.68114	0.540657	0.387256	0.244848	0.128746	0.0460715	-0.00660032	-0.0451203	-0.0652688	-0.0752031	-0.0862955	-0.0928262	-0.0970531	-0.0990369	-0.0999331	-0.0986881	-0.100107	-0.109688	-0.117732	-0.123669	-0.128838	-0.128214	-0.125053	-0.128283	-0.149348	-0.176557	-0.1814	-0.173167	-0.170591	-0.157573	-0.133782	-0.126469	-0.13324	-0.125231	-0.0847944	-0.00793	0.0937665	0.190527	0.257601	0.292282	0.309043	0.333711	0.387874	0.46288	0.526508	0.565253	0.599058	0.644111	0.681868	
-0.180215	-0.182347	-0.176308	-0.178587	-0.179479	-0.17653	-0.180407	-0.190556	-0.201593	-0.202023	-0.197583	-0.199372	-0.198815	-0.201279	-0.224155	-0.249715	-0.254416	-0.241757	-0.237236	-0.246302	-0.259092	-0.292867	-0.36272	-0.449125	-0.53974	-0.615511	-0.660132	-0.660351	-0.635287	-0.581992	-0.483551	-0.329528	-0.132009	0.0760737	0.257739	0.3746	0.425981	0.420867	0.373463	0.281839	0.165648	0.0621548	0.0105436	0.0250499	0.100187	0.219316	0.373699	0.5366	0.680141	0.766398	0.77062	0.698319	0.569117	0.414944	0.270433	0.149777	0.0572634	0.000670963	-0.0399219	-0.0652625	-0.0793195	-0.0920568	-0.0957375	-0.0969089	-0.0976844	-0.098471	-0.0996027	-0.105364	-0.120572	-0.126597	-0.123179	-0.12556	-0.126159	-0.126947	-0.143486	-0.171427	-0.186975	-0.177882	-0.164573	-0.162656	-0.158929	-0.154954	-0.166256	-0.178559	-0.165971	-0.118154	-0.0266638	0.102532	0.228518	0.310913	0.348811	0.367638	0.392616	0.436614	0.490746	0.532143	0.555387	0.582321	0.626874	0.66625	
-0.190213	-0.189291	-0.18336	-0.176729	-0.174279	-0.182844	-0.189632	-0.195932	-0.205129	-0.202217	-0.195512	-0.201814	-0.212916	-0.227595	-0.249715	-0.255905	-0.249589	-0.239259	-0.235627	-0.255211	-0.291906	-0.350529	-0.427697	-0.511938	-0.595867	-0.657011	-0.670559	-0.632934	-0.572132	-0.49223	-0.369188	-0.197296	0.00567745	0.205227	0.374426	0.480911	0.515939	0.48304	0.392963	0.2553	0.0960354	-0.038603	-0.104123	-0.090085	-0.00161532	0.131449	0.30165	0.479841	0.639893	0.746097	0.77045	0.713853	0.595137	0.446176	0.296368	0.171553	0.0707037	0.00291717	-0.0416131	-0.0708875	-0.0828406	-0.0912508	-0.0948491	-0.0929397	-0.0933961	-0.102424	-0.111318	-0.116537	-0.126281	-0.126515	-0.11866	-0.121353	-0.129796	-0.144494	-0.167265	-0.182059	-0.181748	-0.170873	-0.159893	-0.162141	-0.17711	-0.198272	-0.220318	-0.227598	-0.204818	-0.142334	-0.0258908	0.135508	0.288239	0.384416	0.428223	0.450234	0.470303	0.495274	0.521495	0.536419	0.53824	0.546519	0.574974	0.604537	
-0.185582	-0.188339	-0.185824	-0.189441	-0.194671	-0.199924	-0.202676	-0.199367	-0.196725	-0.190874	-0.190367	-0.210659	-0.232426	-0.248151	-0.254416	-0.249589	-0.249881	-0.245796	-0.250513	-0.290488	-0.354883	-0.428431	-0.501819	-0.577892	-0.647148	-0.680022	-0.658747	-0.584838	-0.494079	-0.385062	-0.241052	-0.0591977	0.135835	0.318643	0.47109	0.56372	0.577972	0.510753	0.377528	0.197477	0.00712862	-0.146521	-0.215963	-0.194618	-0.0924813	0.0585561	0.24145	0.436391	0.609817	0.734483	0.77457	0.731121	0.61827	0.468476	0.315266	0.181661	0.0762255	0.00581178	-0.0409299	-0.0691574	-0.0787964	-0.0855704	-0.0902804	-0.0952321	-0.102973	-0.11322	-0.12142	-0.122138	-0.123119	-0.119925	-0.115498	-0.127535	-0.149725	-0.168925	-0.178169	-0.175814	-0.172736	-0.168417	-0.162458	-0.177734	-0.218767	-0.258677	-0.279119	-0.274758	-0.23631	-0.14836	0.00164222	0.193872	0.36821	0.477983	0.529714	0.551623	0.558331	0.557018	0.552444	0.539159	0.513761	0.491711	0.490033	0.500113	
-0.179767	-0.184183	-0.19331	-0.205477	-0.211414	-0.215785	-0.20847	-0.195378	-0.196541	-0.201493	-0.209893	-0.231439	-0.248043	-0.248015	-0.241757	-0.239259	-0.245796	-0.251754	-0.276265	-0.34248	-0.425914	-0.501207	-0.566133	-0.630563	-0.672407	-0.671644	-0.615311	-0.51409	-0.39388	-0.257704	-0.0991542	0.0809114	0.257225	0.420692	0.55305	0.629904	0.616488	0.514008	0.339793	0.128964	-0.0806609	-0.239386	-0.307041	-0.274838	-0.161729	0.00207468	0.194412	0.39668	0.581025	0.716073	0.770221	0.73723	0.631739	0.483897	0.328171	0.193997	0.0847599	0.0136745	-0.029406	-0.0602621	-0.073763	-0.0856889	-0.0976786	-0.106545	-0.115703	-0.122976	-0.122836	-0.114016	-0.113321	-0.121007	-0.129603	-0.149039	-0.170735	-0.17801	-0.173	-0.167097	-0.168965	-0.172153	-0.1802	-0.218819	-0.280672	-0.324623	-0.335187	-0.315335	-0.251781	-0.127109	0.0586052	0.27561	0.467586	0.591773	0.649726	0.663467	0.647886	0.616509	0.581259	0.538295	0.479546	0.417636	0.376407	0.361214	
-0.194109	-0.198128	-0.204309	-0.206592	-0.201666	-0.202451	-0.203114	-0.202545	-0.21755	-0.233431	-0.240941	-0.254016	-0.254483	-0.244658	-0.237236	-0.235627	-0.250513	-0.276265	-0.326714	-0.408875	-0.493409	-0.561826	-0.615986	-0.655182	-0.661555	-0.622821	-0.539899	-0.413525	-0.265401	-0.107446	0.0555012	0.219757	0.374343	0.513276	0.625818	0.676371	0.632361	0.491086	0.284435	0.0521676	-0.163762	-0.320851	-0.3811	-0.341949	-0.219	-0.0491257	0.147877	0.355364	0.54344	0.689765	0.75547	0.735493	0.641066	0.50214	0.34945	0.215543	0.106963	0.0274496	-0.0227332	-0.0587069	-0.080497	-0.0976407	-0.111993	-0.118499	-0.117423	-0.114039	-0.113133	-0.111491	-0.120444	-0.138694	-0.151846	-0.165993	-0.176811	-0.173861	-0.165928	-0.163234	-0.171388	-0.190679	-0.224601	-0.283401	-0.349601	-0.386597	-0.384256	-0.341397	-0.240421	-0.0738409	0.142612	0.378421	0.586803	0.724014	0.780856	0.776006	0.73191	0.670187	0.604888	0.529313	0.431493	0.324625	0.241161	0.199878	
-0.224493	-0.215572	-0.207452	-0.200868	-0.192835	-0.19637	-0.203046	-0.212177	-0.234181	-0.249783	-0.255014	-0.259433	-0.257009	-0.250776	-0.246302	-0.255211	-0.290488	-0.34248	-0.408875	-0.487131	-0.561145	-0.619721	-0.648639	-0.652395	-0.614673	-0.545848	-0.437915	-0.287909	-0.115187	0.0547191	0.207128	0.350264	0.477288	0.593529	0.675237	0.695419	0.611774	0.438013	0.205123	-0.0361784	-0.250518	-0.400203	-0.453873	-0.406754	-0.280474	-0.102	0.0977718	0.31215	0.510559	0.667804	0.751122	0.745692	0.661641	0.527399	0.374944	0.234789	0.117741	0.0322307	-0.0261497	-0.0712185	-0.0946223	-0.106142	-0.112344	-0.11145	-0.108811	-0.109561	-0.116697	-0.124142	-0.138819	-0.158801	-0.166999	-0.170133	-0.17232	-0.167406	-0.162231	-0.166301	-0.190533	-0.237015	-0.293842	-0.356383	-0.414157	-0.440662	-0.419346	-0.340887	-0.19505	0.00941757	0.249603	0.501971	0.725479	0.868684	0.912903	0.880766	0.806139	0.715184	0.618497	0.505809	0.365444	0.214659	0.0934904	0.0300388	
-0.224066	-0.219371	-0.218674	-0.213196	-0.205238	-0.212926	-0.223587	-0.229098	-0.243645	-0.254268	-0.249885	-0.248961	-0.247302	-0.247542	-0.259092	-0.291906	-0.354883	-0.425914	-0.493409	-0.561145	-0.626995	-0.664817	-0.661942	-0.621739	-0.551101	-0.456001	-0.326458	-0.154406	0.0326385	0.19901	0.332643	0.44938	0.551695	0.637633	0.6861	0.665933	0.549794	0.349394	0.107857	-0.130385	-0.332225	-0.467533	-0.511239	-0.456395	-0.322885	-0.140892	0.0659463	0.283849	0.488611	0.656807	0.749903	0.755264	0.679057	0.54612	0.388489	0.242427	0.117564	0.022441	-0.0345525	-0.072878	-0.0924621	-0.100454	-0.105587	-0.106808	-0.109326	-0.117565	-0.132525	-0.144242	-0.156168	-0.170032	-0.170984	-0.166247	-0.164722	-0.162453	-0.166866	-0.189738	-0.239695	-0.308144	-0.37101	-0.424866	-0.470603	-0.48072	-0.427532	-0.304359	-0.116819	0.117231	0.377916	0.646483	0.878951	1.01553	1.03598	0.972581	0.868239	0.747591	0.61537	0.461259	0.279204	0.0920414	-0.0564106	-0.13475	
-0.217068	-0.214439	-0.219134	-0.225975	-0.232304	-0.24635	-0.254389	-0.254953	-0.259191	-0.254576	-0.242503	-0.235942	-0.23861	-0.257683	-0.292867	-0.350529	-0.428431	-0.501207	-0.561826	-0.619721	-0.664817	-0.673378	-0.628096	-0.555169	-0.456576	-0.340077	-0.188461	-0.00404378	0.182124	0.332453	0.442441	0.53384	0.607789	0.65971	0.665878	0.609048	0.463797	0.254074	0.0141347	-0.20903	-0.393016	-0.513623	-0.546687	-0.486868	-0.350785	-0.163781	0.0422706	0.264132	0.471421	0.642381	0.743425	0.753341	0.679	0.548457	0.391134	0.242512	0.121075	0.0294673	-0.0290182	-0.0682982	-0.0869897	-0.0944985	-0.103705	-0.112708	-0.122514	-0.134915	-0.150996	-0.160336	-0.165604	-0.172248	-0.166685	-0.15695	-0.158322	-0.169905	-0.196733	-0.244623	-0.312428	-0.385866	-0.443103	-0.485214	-0.512983	-0.493049	-0.397599	-0.232134	-0.012188	0.246686	0.527952	0.808288	1.03699	1.15331	1.14366	1.04932	0.915557	0.761457	0.588294	0.391433	0.17409	-0.036717	-0.198789	-0.283386	
-0.212751	-0.215222	-0.231087	-0.24536	-0.253054	-0.26582	-0.273503	-0.268623	-0.263102	-0.256195	-0.243918	-0.246337	-0.26905	-0.309439	-0.36272	-0.427697	-0.501819	-0.566133	-0.615986	-0.648639	-0.661942	-0.628096	-0.55093	-0.44999	-0.329438	-0.189684	-0.0244955	0.158357	0.328227	0.456848	0.542198	0.607672	0.647806	0.658345	0.621943	0.531065	0.37187	0.16189	-0.0626261	-0.267776	-0.433112	-0.540041	-0.569404	-0.507519	-0.374133	-0.19023	0.0155396	0.233225	0.442071	0.617727	0.724587	0.744843	0.680461	0.55429	0.400435	0.253619	0.129366	0.0358478	-0.0196726	-0.0584106	-0.0836403	-0.0991374	-0.114325	-0.128018	-0.141249	-0.152985	-0.16503	-0.168861	-0.165132	-0.163134	-0.155623	-0.152784	-0.171245	-0.207133	-0.257504	-0.320063	-0.390305	-0.458606	-0.50668	-0.530499	-0.526375	-0.46532	-0.329513	-0.131567	0.114879	0.398334	0.696875	0.977065	1.18694	1.2741	1.23358	1.10936	0.943195	0.749581	0.532085	0.296429	0.0553128	-0.163848	-0.325733	-0.408576	
-0.232088	-0.233804	-0.246261	-0.256522	-0.263434	-0.274656	-0.274263	-0.262958	-0.2576	-0.256371	-0.263216	-0.287912	-0.331398	-0.389526	-0.449125	-0.511938	-0.577892	-0.630563	-0.655182	-0.652395	-0.621739	-0.555169	-0.44999	-0.326151	-0.18033	-0.0239289	0.142579	0.308132	0.455641	0.560016	0.622236	0.654903	0.655434	0.61979	0.544114	0.4306	0.26716	0.0707958	-0.135968	-0.319344	-0.468757	-0.566332	-0.591394	-0.532413	-0.400295	-0.217865	-0.0145276	0.205095	0.415024	0.594316	0.710408	0.737789	0.680484	0.563424	0.413339	0.267832	0.146721	0.0493267	-0.015427	-0.0620074	-0.092608	-0.111866	-0.132184	-0.148431	-0.158857	-0.165089	-0.168991	-0.162555	-0.151248	-0.151599	-0.15769	-0.175022	-0.216454	-0.27269	-0.334727	-0.399056	-0.464059	-0.522703	-0.552805	-0.544198	-0.498006	-0.397877	-0.231495	-0.00738724	0.265065	0.570077	0.874294	1.13867	1.31912	1.37498	1.30488	1.14881	0.944144	0.706081	0.446075	0.181373	-0.0689923	-0.281776	-0.432146	-0.507239	
-0.269157	-0.266112	-0.272007	-0.27293	-0.264908	-0.258072	-0.252008	-0.246797	-0.253032	-0.276266	-0.308614	-0.354873	-0.414976	-0.479941	-0.53974	-0.595867	-0.647148	-0.672407	-0.661555	-0.614673	-0.551101	-0.456576	-0.329438	-0.18033	-0.0169249	0.142964	0.293651	0.434804	0.556533	0.638763	0.670926	0.66626	0.620249	0.543208	0.43807	0.315182	0.161864	-0.0160025	-0.198463	-0.363833	-0.498416	-0.588654	-0.614108	-0.555571	-0.428129	-0.246868	-0.0430364	0.176208	0.391102	0.577665	0.701747	0.741142	0.693166	0.578716	0.43084	0.281336	0.152178	0.0491002	-0.0203512	-0.0723013	-0.110914	-0.134961	-0.152521	-0.163008	-0.165452	-0.159535	-0.154074	-0.14838	-0.14596	-0.162211	-0.190171	-0.228739	-0.285875	-0.350878	-0.414746	-0.4748	-0.528401	-0.56597	-0.563528	-0.514168	-0.429348	-0.299698	-0.108572	0.141267	0.436692	0.751374	1.04477	1.2817	1.42979	1.45557	1.35456	1.16087	0.911846	0.62943	0.33528	0.0554197	-0.189673	-0.384543	-0.516079	-0.580026	
-0.314277	-0.303173	-0.293418	-0.274683	-0.254656	-0.248425	-0.246849	-0.252624	-0.279025	-0.320964	-0.370416	-0.42753	-0.493319	-0.561	-0.615511	-0.657011	-0.680022	-0.671644	-0.622821	-0.545848	-0.456001	-0.340077	-0.189684	-0.0239289	0.142964	0.288354	0.415188	0.528839	0.627156	0.680785	0.678248	0.627973	0.540031	0.429716	0.311058	0.192937	0.0578583	-0.0943047	-0.255374	-0.40095	-0.524473	-0.607914	-0.630946	-0.574374	-0.445975	-0.264872	-0.0594645	0.163019	0.380903	0.571305	0.702723	0.7459	0.701393	0.590108	0.438473	0.284453	0.149723	0.0367285	-0.0413242	-0.0969775	-0.132401	-0.148519	-0.157714	-0.157333	-0.150552	-0.144238	-0.145598	-0.152013	-0.16722	-0.204434	-0.251256	-0.302006	-0.365423	-0.432222	-0.491788	-0.53848	-0.567102	-0.569798	-0.528834	-0.443774	-0.329745	-0.175419	0.0404105	0.312657	0.618667	0.925629	1.19545	1.40148	1.51869	1.51354	1.37602	1.13834	0.843823	0.52425	0.209572	-0.0705205	-0.298645	-0.46873	-0.578403	-0.63026	
-0.321449	-0.3101	-0.301595	-0.288707	-0.275194	-0.272078	-0.282056	-0.303574	-0.337948	-0.38797	-0.443366	-0.503329	-0.567588	-0.625253	-0.660132	-0.670559	-0.658747	-0.615311	-0.539899	-0.437915	-0.326458	-0.188461	-0.0244955	0.142579	0.293651	0.415188	0.514317	0.602541	0.671465	0.690868	0.644669	0.552161	0.429741	0.303297	0.185815	0.0837388	-0.0260235	-0.154133	-0.292184	-0.423928	-0.536017	-0.61476	-0.636633	-0.579367	-0.452762	-0.270631	-0.0645476	0.158245	0.377616	0.570236	0.701841	0.747269	0.701283	0.584147	0.42826	0.266507	0.127293	0.0152679	-0.0588744	-0.106149	-0.134143	-0.142379	-0.143226	-0.142031	-0.140932	-0.142899	-0.15896	-0.186184	-0.219926	-0.270446	-0.327531	-0.384705	-0.449018	-0.509205	-0.551762	-0.570199	-0.562434	-0.527734	-0.454483	-0.342146	-0.20263	-0.0235115	0.213049	0.494578	0.793222	1.07898	1.32112	1.4978	1.58386	1.54239	1.36153	1.07783	0.744166	0.400795	0.0812019	-0.186397	-0.390425	-0.533649	-0.622025	-0.662681	
-0.296858	-0.292907	-0.298627	-0.302585	-0.310228	-0.332688	-0.360411	-0.392088	-0.436151	-0.490429	-0.543882	-0.592234	-0.635967	-0.663737	-0.660351	-0.632934	-0.584838	-0.51409	-0.413525	-0.287909	-0.154406	-0.00404378	0.158357	0.308132	0.434804	0.528839	0.602541	0.660271	0.693844	0.66998	0.581673	0.454121	0.313878	0.186557	0.0831271	0.00426213	-0.0807477	-0.184662	-0.306653	-0.424922	-0.531321	-0.606243	-0.628544	-0.573948	-0.449646	-0.27133	-0.0685645	0.149922	0.36533	0.552853	0.682986	0.725238	0.678604	0.563091	0.407843	0.250732	0.116231	0.00997534	-0.056517	-0.0978028	-0.119992	-0.126331	-0.132184	-0.138842	-0.150621	-0.171404	-0.204813	-0.245246	-0.290616	-0.351505	-0.414857	-0.470409	-0.523278	-0.561676	-0.573205	-0.555634	-0.512575	-0.447503	-0.348452	-0.210914	-0.0462557	0.152221	0.395421	0.668088	0.945919	1.20605	1.42163	1.56879	1.61867	1.53385	1.30694	0.982972	0.623369	0.27235	-0.0382343	-0.285017	-0.46271	-0.580886	-0.650928	-0.682335	
-0.274439	-0.280218	-0.301303	-0.326772	-0.357582	-0.398133	-0.446203	-0.497436	-0.550157	-0.604504	-0.647696	-0.674975	-0.685909	-0.675555	-0.635287	-0.572132	-0.494079	-0.39388	-0.265401	-0.115187	0.0326385	0.182124	0.328227	0.455641	0.556533	0.627156	0.671465	0.693844	0.683918	0.617491	0.494215	0.347081	0.204553	0.0887774	0.0062363	-0.0504763	-0.113143	-0.201882	-0.311503	-0.425424	-0.52872	-0.605678	-0.631166	-0.581479	-0.462583	-0.289043	-0.0908619	0.124075	0.336173	0.524088	0.654223	0.700825	0.659083	0.548827	0.401192	0.249926	0.123685	0.0230172	-0.0416868	-0.0815428	-0.108707	-0.124241	-0.141162	-0.163625	-0.190897	-0.223707	-0.270283	-0.324918	-0.379542	-0.442009	-0.498893	-0.538157	-0.564885	-0.570483	-0.547318	-0.497438	-0.425862	-0.334795	-0.210426	-0.0487933	0.133286	0.335627	0.56756	0.818723	1.07164	1.30686	1.49506	1.60745	1.61419	1.48315	1.21555	0.864519	0.49561	0.151786	-0.14021	-0.362885	-0.516048	-0.61347	-0.669302	-0.693796	
-0.292728	-0.300749	-0.33053	-0.368034	-0.413284	-0.471908	-0.533323	-0.590485	-0.643514	-0.689126	-0.712979	-0.711229	-0.69244	-0.652189	-0.581992	-0.49223	-0.385062	-0.257704	-0.107446	0.0547191	0.19901	0.332453	0.456848	0.560016	0.638763	0.680785	0.690868	0.66998	0.617491	0.516187	0.372998	0.223279	0.0913162	-0.00405033	-0.0654461	-0.100764	-0.14859	-0.225052	-0.329685	-0.439965	-0.544284	-0.622364	-0.651407	-0.604615	-0.489095	-0.317341	-0.119992	0.0947878	0.310224	0.50053	0.637705	0.69086	0.656674	0.55391	0.411944	0.265047	0.137862	0.0363694	-0.0314061	-0.0808587	-0.118518	-0.145969	-0.176672	-0.211908	-0.253823	-0.302629	-0.360116	-0.418272	-0.46946	-0.52022	-0.555942	-0.56595	-0.559529	-0.532663	-0.47997	-0.402956	-0.304842	-0.187694	-0.0407441	0.134788	0.317323	0.506141	0.715664	0.942072	1.17055	1.37912	1.53383	1.60426	1.56522	1.3935	1.09856	0.737515	0.374882	0.048736	-0.220351	-0.419918	-0.552939	-0.634983	-0.680923	-0.700758	
-0.357054	-0.370935	-0.40518	-0.447431	-0.497536	-0.555695	-0.612656	-0.659557	-0.693832	-0.713602	-0.709852	-0.683697	-0.639092	-0.575498	-0.483551	-0.369188	-0.241052	-0.0991542	0.0555012	0.207128	0.332643	0.442441	0.542198	0.622236	0.670926	0.678248	0.644669	0.581673	0.494215	0.372998	0.227396	0.0880914	-0.0228804	-0.0969216	-0.136062	-0.156223	-0.19084	-0.260995	-0.360199	-0.468882	-0.571249	-0.64888	-0.676198	-0.628644	-0.510014	-0.335985	-0.134896	0.084861	0.303277	0.49992	0.640554	0.697734	0.666997	0.566177	0.424101	0.275192	0.146299	0.0362101	-0.0432171	-0.101889	-0.151863	-0.194032	-0.240165	-0.291359	-0.344433	-0.397535	-0.454043	-0.503948	-0.537274	-0.561991	-0.567146	-0.545931	-0.510014	-0.45537	-0.375447	-0.271196	-0.14728	-0.00980222	0.146929	0.318745	0.485435	0.651386	0.836388	1.03832	1.23965	1.41447	1.52791	1.55384	1.47517	1.27667	0.971882	0.616967	0.271752	-0.0317294	-0.278165	-0.458417	-0.576795	-0.648861	-0.688837	-0.705947	
-0.489139	-0.497517	-0.527998	-0.563737	-0.59979	-0.638511	-0.670478	-0.688052	-0.691706	-0.684428	-0.654826	-0.601714	-0.534421	-0.446328	-0.329528	-0.197296	-0.0591977	0.0809114	0.219757	0.350264	0.44938	0.53384	0.607672	0.654903	0.66626	0.627973	0.552161	0.454121	0.347081	0.223279	0.0880914	-0.029575	-0.118514	-0.168611	-0.191248	-0.196342	-0.223391	-0.286651	-0.382546	-0.487879	-0.587761	-0.662431	-0.687377	-0.635512	-0.514848	-0.336434	-0.132215	0.0899017	0.313198	0.510598	0.653483	0.711264	0.678597	0.573995	0.427482	0.271066	0.13008	0.0115214	-0.077812	-0.152969	-0.219359	-0.275771	-0.332292	-0.388297	-0.441633	-0.488048	-0.52849	-0.554891	-0.56067	-0.556469	-0.53313	-0.484281	-0.420715	-0.337974	-0.230606	-0.102241	0.0382563	0.180792	0.329865	0.483797	0.627371	0.769248	0.929638	1.10331	1.26952	1.40247	1.47216	1.46023	1.35661	1.14946	0.851408	0.514202	0.191821	-0.0888536	-0.315908	-0.48185	-0.591067	-0.657972	-0.695279	-0.711217	
-0.676237	-0.678913	-0.689921	-0.697261	-0.702253	-0.707656	-0.703851	-0.685769	-0.657492	-0.616221	-0.554414	-0.47343	-0.375701	-0.26365	-0.132009	0.00567745	0.135835	0.257225	0.374343	0.477288	0.551695	0.607789	0.647806	0.655434	0.620249	0.540031	0.429741	0.313878	0.204553	0.0913162	-0.0228804	-0.118514	-0.183323	-0.21656	-0.223346	-0.220643	-0.240848	-0.301277	-0.394175	-0.496534	-0.593529	-0.664538	-0.684316	-0.628999	-0.502277	-0.321468	-0.114604	0.110167	0.331049	0.527797	0.665742	0.716077	0.676221	0.563646	0.405919	0.239057	0.0883139	-0.0472941	-0.154182	-0.240558	-0.314507	-0.375188	-0.431761	-0.481079	-0.518818	-0.544063	-0.560518	-0.560281	-0.539052	-0.508194	-0.456954	-0.379498	-0.287865	-0.178872	-0.0503752	0.0897231	0.22991	0.360967	0.491053	0.622326	0.742083	0.858841	0.989664	1.12647	1.24957	1.3387	1.37172	1.33711	1.22729	1.02852	0.749012	0.43516	0.135976	-0.124933	-0.337191	-0.493827	-0.598708	-0.664472	-0.70176	-0.717735	
-0.875439	-0.863571	-0.855342	-0.836582	-0.805487	-0.769826	-0.725994	-0.668331	-0.598855	-0.52139	-0.42356	-0.308545	-0.187887	-0.0599721	0.0760737	0.205227	0.318643	0.420692	0.513276	0.593529	0.637633	0.65971	0.658345	0.61979	0.543208	0.429716	0.303297	0.186557	0.0887774	-0.00405033	-0.0969216	-0.168611	-0.21656	-0.233162	-0.231592	-0.22113	-0.239201	-0.297652	-0.388701	-0.489852	-0.584041	-0.652499	-0.669768	-0.609957	-0.48309	-0.300588	-0.0948969	0.12603	0.344565	0.533411	0.661954	0.701895	0.647865	0.519172	0.347801	0.165764	-0.00106904	-0.143399	-0.252576	-0.342048	-0.414998	-0.468132	-0.509444	-0.539129	-0.55594	-0.557207	-0.547794	-0.521736	-0.47367	-0.414114	-0.333829	-0.229293	-0.114266	0.0112142	0.145568	0.280207	0.405849	0.517183	0.625674	0.733748	0.827147	0.912389	1.00474	1.09745	1.17668	1.22994	1.24173	1.20326	1.10446	0.926007	0.670734	0.380696	0.101788	-0.143771	-0.345821	-0.497462	-0.601955	-0.66983	-0.709224	-0.726185	
-1.02829	-1.01123	-0.986098	-0.94316	-0.886367	-0.823478	-0.743831	-0.645225	-0.53734	-0.417191	-0.283125	-0.14289	-0.00372362	0.128025	0.257739	0.374426	0.47109	0.55305	0.625818	0.675237	0.6861	0.665878	0.621943	0.544114	0.43807	0.311058	0.185815	0.0831271	0.0062363	-0.0654461	-0.136062	-0.191248	-0.223346	-0.231592	-0.222233	-0.209884	-0.227647	-0.286649	-0.379205	-0.479152	-0.573568	-0.640665	-0.655047	-0.595487	-0.466905	-0.288211	-0.0881131	0.126879	0.332724	0.509016	0.621897	0.642868	0.572777	0.432036	0.248842	0.0618466	-0.103923	-0.247551	-0.354982	-0.43479	-0.491425	-0.525506	-0.548264	-0.556664	-0.548361	-0.525197	-0.490516	-0.43502	-0.35762	-0.271188	-0.165779	-0.0418964	0.0826644	0.207528	0.332394	0.450999	0.55675	0.64677	0.732569	0.813331	0.872505	0.917308	0.965417	1.01512	1.0598	1.093	1.10196	1.07635	1.00033	0.84781	0.617194	0.348138	0.0852194	-0.149387	-0.345081	-0.495107	-0.602336	-0.674964	-0.718209	-0.736929	
-1.10529	-1.08326	-1.05245	-0.999099	-0.921635	-0.829889	-0.721951	-0.594455	-0.456585	-0.315324	-0.163389	-0.0139476	0.123949	0.252515	0.3746	0.480911	0.56372	0.629904	0.676371	0.695419	0.665933	0.609048	0.531065	0.4306	0.315182	0.192937	0.0837388	0.00426213	-0.0504763	-0.100764	-0.156223	-0.196342	-0.220643	-0.22113	-0.209884	-0.197368	-0.218152	-0.282166	-0.377144	-0.481707	-0.578223	-0.647883	-0.665377	-0.60689	-0.484771	-0.312381	-0.120694	0.0827694	0.278971	0.442985	0.541905	0.552271	0.472278	0.322904	0.138907	-0.0462028	-0.208702	-0.33884	-0.427665	-0.489856	-0.529152	-0.544742	-0.544091	-0.527594	-0.494744	-0.442971	-0.378054	-0.295407	-0.193962	-0.0867743	0.0317567	0.157784	0.275997	0.388877	0.497165	0.596319	0.680663	0.746833	0.80415	0.848804	0.865269	0.86582	0.873249	0.891046	0.917595	0.948588	0.970308	0.968447	0.920431	0.794125	0.585337	0.333154	0.0820243	-0.145234	-0.337438	-0.488358	-0.600799	-0.68039	-0.728978	-0.750122	
-1.09952	-1.07171	-1.0291	-0.960589	-0.869163	-0.76758	-0.645069	-0.504252	-0.361836	-0.216279	-0.0689418	0.0716185	0.200945	0.317146	0.425981	0.515939	0.577972	0.616488	0.632361	0.611774	0.549794	0.463797	0.37187	0.26716	0.161864	0.0578583	-0.0260235	-0.0807477	-0.113143	-0.14859	-0.19084	-0.223391	-0.240848	-0.239201	-0.227647	-0.218152	-0.246285	-0.315681	-0.418487	-0.526642	-0.628	-0.700896	-0.718266	-0.662965	-0.541702	-0.374039	-0.188734	0.010371	0.198277	0.354124	0.445763	0.44761	0.363342	0.217619	0.0391933	-0.1335	-0.277959	-0.392342	-0.465641	-0.509802	-0.525646	-0.514634	-0.488967	-0.445226	-0.381876	-0.303835	-0.216452	-0.111933	0.00371368	0.114346	0.229699	0.346745	0.450805	0.546593	0.635915	0.713607	0.771933	0.806539	0.826434	0.827965	0.800306	0.762914	0.742823	0.745783	0.771477	0.814485	0.858335	0.884512	0.864439	0.761419	0.570455	0.331241	0.0885806	-0.133889	-0.32455	-0.478201	-0.597876	-0.686352	-0.741619	-0.765794	
-0.978626	-0.950878	-0.905496	-0.833204	-0.735944	-0.627643	-0.507716	-0.37578	-0.24655	-0.120267	0.0110826	0.130956	0.239202	0.335887	0.420867	0.48304	0.510753	0.514008	0.491086	0.438013	0.349394	0.254074	0.16189	0.0707958	-0.0160025	-0.0943047	-0.154133	-0.184662	-0.201882	-0.225052	-0.260995	-0.286651	-0.301277	-0.297652	-0.286649	-0.282166	-0.315681	-0.393688	-0.500211	-0.613299	-0.716681	-0.789195	-0.806148	-0.747045	-0.625394	-0.458024	-0.272375	-0.074819	0.112494	0.268362	0.357006	0.359404	0.279032	0.137673	-0.0294342	-0.187442	-0.317352	-0.410246	-0.457827	-0.474801	-0.463466	-0.427399	-0.37384	-0.303052	-0.218203	-0.120554	-0.017874	0.0915538	0.20344	0.307602	0.413115	0.514446	0.600467	0.677463	0.744218	0.793316	0.816495	0.811335	0.789374	0.749402	0.686565	0.626301	0.596388	0.601113	0.638737	0.701419	0.770236	0.82364	0.828358	0.744577	0.567735	0.338588	0.102203	-0.11707	-0.30743	-0.465188	-0.593824	-0.692915	-0.7561	-0.783884	
-0.738574	-0.709644	-0.668723	-0.604866	-0.521021	-0.435224	-0.335917	-0.225305	-0.120332	-0.0160688	0.0885016	0.182319	0.261961	0.326246	0.373463	0.392963	0.377528	0.339793	0.284435	0.205123	0.107857	0.0141347	-0.0626261	-0.135968	-0.198463	-0.255374	-0.292184	-0.306653	-0.311503	-0.329685	-0.360199	-0.382546	-0.394175	-0.388701	-0.379205	-0.377144	-0.418487	-0.500211	-0.611203	-0.724444	-0.825987	-0.895365	-0.90334	-0.837784	-0.708288	-0.535232	-0.345694	-0.14319	0.0475104	0.20387	0.293724	0.297534	0.220351	0.0906379	-0.0608707	-0.197615	-0.301184	-0.366926	-0.387718	-0.379948	-0.342581	-0.279647	-0.204559	-0.116837	-0.0180647	0.0839308	0.18302	0.288229	0.392075	0.482631	0.572438	0.656097	0.721392	0.772861	0.807893	0.8195	0.801128	0.754844	0.69626	0.626378	0.544732	0.479552	0.455614	0.473366	0.528919	0.612561	0.704424	0.781455	0.806786	0.738499	0.573135	0.352374	0.121105	-0.0958146	-0.28664	-0.449603	-0.588741	-0.700032	-0.772299	-0.804261	
-0.385979	-0.369792	-0.343498	-0.301847	-0.24521	-0.185286	-0.116643	-0.0390914	0.0305589	0.100006	0.172039	0.225082	0.263273	0.282271	0.281839	0.2553	0.197477	0.128964	0.0521676	-0.0361784	-0.130385	-0.20903	-0.267776	-0.319344	-0.363833	-0.40095	-0.423928	-0.424922	-0.425424	-0.439965	-0.468882	-0.487879	-0.496534	-0.489852	-0.479152	-0.481707	-0.526642	-0.613299	-0.724444	-0.835556	-0.933332	-0.993473	-0.991661	-0.914023	-0.774034	-0.59336	-0.395396	-0.185056	0.0110218	0.174415	0.268496	0.278175	0.213295	0.0984201	-0.0325483	-0.144337	-0.223046	-0.261754	-0.257277	-0.224872	-0.165006	-0.0886346	-0.00441038	0.0882805	0.184488	0.281551	0.375569	0.470075	0.55727	0.632019	0.70477	0.763766	0.798557	0.815623	0.811893	0.782236	0.724271	0.645763	0.564865	0.482128	0.398993	0.343601	0.335389	0.370555	0.443968	0.545536	0.65616	0.752438	0.794498	0.738937	0.583649	0.370706	0.144204	-0.0706915	-0.262472	-0.431592	-0.58263	-0.707569	-0.790017	-0.82673	
0.0165057	0.027259	0.0367713	0.0568355	0.0879476	0.113308	0.146436	0.187027	0.216947	0.242636	0.26506	0.26618	0.248978	0.216885	0.165648	0.0960354	0.00712862	-0.0806609	-0.163762	-0.250518	-0.332225	-0.393016	-0.433112	-0.468757	-0.498416	-0.524473	-0.536017	-0.531321	-0.52872	-0.544284	-0.571249	-0.587761	-0.593529	-0.584041	-0.573568	-0.578223	-0.628	-0.716681	-0.825987	-0.933332	-1.02175	-1.07136	-1.05299	-0.959985	-0.805188	-0.611724	-0.400725	-0.179443	0.0288597	0.200768	0.301983	0.322284	0.268711	0.170763	0.0613728	-0.0263062	-0.081989	-0.0989269	-0.075196	-0.0306017	0.0353892	0.1151	0.199218	0.288194	0.379397	0.466549	0.545986	0.625986	0.696298	0.748958	0.793404	0.818239	0.815943	0.793905	0.750874	0.685913	0.60051	0.506073	0.420235	0.34056	0.268806	0.231437	0.241901	0.293229	0.380655	0.495225	0.619907	0.731479	0.787234	0.742721	0.597213	0.392397	0.170889	-0.04199	-0.235082	-0.411239	-0.575452	-0.715328	-0.808978	-0.85102	
