0.228263	0.43986	0.620611	0.760767	0.855952	0.9069	0.918176	0.89643	0.848805	0.781894	0.701312	0.611701	0.516901	0.420132	0.324096	0.231022	0.142666	0.0603276	-0.0151236	-0.0831992	-0.143726	-0.196774	-0.242589	-0.281525	-0.313992	-0.340412	-0.361185	-0.376662	-0.387125	-0.392776	-0.393727	-0.389996	-0.381507	-0.368093	-0.349499	-0.3254	-0.295412	-0.259117	-0.216097	-0.165969	-0.108441	-0.043365	0.0291903	0.108872	0.194979	0.286411	0.381655	0.478808	0.575665	0.669843	0.758934	0.840632	0.912775	0.97326	1.01983	1.04982	1.06003	1.04688	1.00717	0.939215	0.84419	0.72714	0.596886	0.464635	0.341574	0.236385	0.153649	0.0936695	0.0535218	0.0286612	0.0143902	0.00677926	0.00299974	0.00124824	0.000489099	0.000180714	6.30522e-05	2.0804e-05	6.50051e-06	1.92624e-06	5.42029e-07	1.45031e-07	3.69464e-08	8.97208e-09	2.07938e-09	4.6045e-10	9.7524e-11	1.97774e-11	3.84405e-12	7.16775e-13	1.28335e-13	2.20829e-14	3.6549e-15	5.82311e-16	8.93769e-17	1.32254e-17	1.88803e-18	2.60208e-19	3.46365e-20	4.39185e-21	
0.248406	0.477921	0.673251	0.825102	0.930756	0.992963	1.01787	1.01285	0.984946	0.939978	0.882443	0.815727	0.742471	0.664878	0.584909	0.504365	0.424891	0.347941	0.274751	0.206306	0.143348	0.0863828	0.0357152	-0.00851499	-0.0462919	-0.077683	-0.102804	-0.121785	-0.13475	-0.141794	-0.142973	-0.138296	-0.127724	-0.111175	-0.0885342	-0.0596708	-0.0244598	0.0171891	0.0652967	0.119777	0.180394	0.246727	0.318129	0.393716	0.472353	0.552677	0.633138	0.71205	0.787647	0.858116	0.921583	0.976034	1.0192	1.04843	1.06068	1.05271	1.02158	0.965428	0.884423	0.781572	0.662971	0.537242	0.414099	0.302454	0.208687	0.135703	0.0830277	0.0477487	0.0257998	0.013098	0.00625042	0.00280565	0.00118573	0.000472313	0.000177536	6.30522e-05	2.1185e-05	6.74278e-06	2.0356e-06	5.83638e-07	1.59124e-07	4.13046e-08	1.02198e-08	2.41305e-09	5.44307e-10	1.17419e-10	2.42488e-11	4.79872e-12	9.10861e-13	1.65982e-13	2.90623e-14	4.89347e-15	7.92997e-16	1.23773e-16	1.86207e-17	2.70206e-18	3.78454e-19	5.1196e-20	6.69189e-21	8.3396e-22	
0.224041	0.434661	0.620645	0.7745	0.892941	0.976389	1.02789	1.0519	1.05325	1.03649	1.00558	0.963763	0.913714	0.85762	0.797332	0.73447	0.670488	0.6067	0.544293	0.484314	0.427669	0.375113	0.327253	0.284558	0.247373	0.215942	0.190425	0.170921	0.157487	0.150152	0.148929	0.153819	0.164816	0.181897	0.20502	0.234103	0.269013	0.309543	0.355389	0.406133	0.461226	0.519971	0.581524	0.644893	0.708948	0.772429	0.833947	0.891976	0.944818	0.990546	1.02695	1.05151	1.06144	1.05387	1.02626	0.976891	0.905564	0.814152	0.706901	0.590231	0.471947	0.35999	0.26104	0.179412	0.116596	0.071516	0.0413489	0.0225185	0.0115479	0.00557687	0.00253735	0.00108831	0.000440427	0.000168331	6.08263e-05	2.0804e-05	6.74278e-06	2.07341e-06	6.05617e-07	1.68225e-07	4.44903e-08	1.12153e-08	2.69779e-09	6.19893e-10	1.36203e-10	2.86452e-11	5.77202e-12	1.11537e-12	2.06876e-13	3.68617e-14	6.315e-15	1.041e-15	1.65247e-16	2.52781e-17	3.72898e-18	5.30844e-19	7.29723e-20	9.69251e-21	1.24447e-21	1.52469e-22	
0.173007	0.340462	0.4972	0.638779	0.761751	0.863826	0.943938	1.00219	1.0397	1.05836	1.06054	1.04884	1.02584	0.993954	0.95538	0.912036	0.865594	0.817508	0.76904	0.721286	0.675203	0.631611	0.591216	0.554606	0.52227	0.494598	0.471898	0.454402	0.442278	0.435633	0.434525	0.438964	0.448912	0.46428	0.484926	0.510644	0.541159	0.576113	0.615058	0.657448	0.702624	0.749814	0.798118	0.846497	0.89376	0.938534	0.979242	1.01407	1.04096	1.05761	1.0616	1.05052	1.02229	0.975511	0.909949	0.82689	0.729391	0.622214	0.511401	0.403489	0.30453	0.219161	0.149964	0.097331	0.0598005	0.0347301	0.0190465	0.00985767	0.00481389	0.00221834	0.000965026	0.000396537	0.000154026	5.66052e-05	1.97011e-05	6.50051e-06	2.0356e-06	6.05617e-07	1.71372e-07	4.61736e-08	1.18583e-08	2.90594e-09	6.80191e-10	1.52227e-10	3.26055e-11	6.69019e-12	1.31622e-12	2.48509e-13	4.50659e-14	7.85602e-15	1.31749e-15	2.12723e-16	3.30916e-17	4.96326e-18	7.18218e-19	1.00339e-19	1.3542e-20	1.76668e-21	2.22882e-22	2.6853e-23	
0.116879	0.234114	0.35145	0.467633	0.580377	0.686676	0.783318	0.867441	0.936957	0.99078	1.02884	1.05192	1.06148	1.05932	1.04744	1.02783	1.00238	0.972815	0.940642	0.907196	0.87362	0.840895	0.80985	0.781185	0.755482	0.73322	0.714781	0.700463	0.690489	0.685004	0.684088	0.687754	0.69595	0.708556	0.725379	0.746155	0.770534	0.798078	0.828247	0.860392	0.893737	0.927364	0.960196	0.990983	1.01828	1.04045	1.05566	1.06197	1.05736	1.03994	1.00812	0.960903	0.898163	0.820902	0.731413	0.63326	0.53103	0.429864	0.334799	0.250088	0.17863	0.121667	0.0788322	0.0484904	0.0282695	0.0156011	0.00814339	0.00401847	0.00187437	0.000826511	0.000344663	0.000135998	5.08115e-05	1.79904e-05	6.04159e-06	1.92624e-06	5.83638e-07	1.68225e-07	4.61736e-08	1.20807e-08	3.01593e-09	7.19136e-10	1.63938e-10	3.57636e-11	7.47294e-12	1.49699e-12	2.87738e-13	5.31119e-14	9.42222e-15	1.60776e-15	2.64073e-16	4.17808e-17	6.37215e-18	9.37447e-19	1.3312e-19	1.82578e-20	2.42009e-21	3.102e-22	3.84644e-23	4.55839e-24	
0.0701713	0.143354	0.22181	0.306497	0.396847	0.490898	0.585686	0.67779	0.763866	0.841079	0.90737	0.961562	1.00332	1.03305	1.05166	1.06047	1.06097	1.05472	1.04325	1.02802	1.01033	0.991341	0.972066	0.953371	0.935984	0.920506	0.907421	0.89711	0.889851	0.885835	0.885162	0.88785	0.893831	0.902952	0.914968	0.929542	0.946233	0.964487	0.983628	1.00285	1.02119	1.03757	1.05071	1.05923	1.06163	1.05634	1.04183	1.0167	0.979843	0.930643	0.869134	0.796173	0.713538	0.623914	0.530746	0.437949	0.349488	0.268912	0.198921	0.141065	0.0956494	0.0618629	0.0380852	0.0222791	0.0123664	0.00650645	0.00324258	0.00153008	0.000683548	0.000289146	0.000115853	4.39906e-05	1.58401e-05	5.41282e-06	1.75678e-06	5.42029e-07	1.59124e-07	4.44903e-08	1.18583e-08	3.01593e-09	7.32604e-10	1.70126e-10	3.78027e-11	8.04475e-12	1.64104e-12	3.21151e-13	6.03452e-14	1.08959e-14	1.89196e-15	3.16162e-16	5.08829e-17	7.89228e-18	1.18058e-18	1.70427e-19	2.37575e-20	3.2e-21	4.16718e-22	5.24958e-23	6.39984e-24	7.46223e-25	
0.037892	0.0790402	0.126206	0.181251	0.244893	0.316652	0.394981	0.477531	0.561495	0.643972	0.722273	0.794161	0.857989	0.912745	0.95803	0.993969	1.02111	1.04029	1.05256	1.05905	1.06089	1.05921	1.05504	1.04931	1.04283	1.03632	1.03034	1.02536	1.02173	1.01967	1.01933	1.02071	1.02374	1.02822	1.03385	1.04021	1.04678	1.05291	1.05782	1.06062	1.06032	1.05583	1.04602	1.02974	1.00591	0.973578	0.932076	0.881092	0.820805	0.751977	0.676005	0.594913	0.511256	0.427939	0.347955	0.274079	0.208567	0.152914	0.107728	0.0727427	0.0469695	0.0289395	0.0169832	0.00947844	0.00502476	0.00252793	0.00120622	0.000545713	0.00023407	9.52002e-05	3.67268e-05	1.34459e-05	4.67439e-06	1.54414e-06	4.8508e-07	1.45031e-07	4.13046e-08	1.12153e-08	2.90594e-09	7.19136e-10	1.70126e-10	3.85078e-11	8.34678e-12	1.73401e-12	3.45545e-13	6.61044e-14	1.21498e-14	2.14712e-15	3.651e-16	5.97786e-17	9.43111e-18	1.43468e-18	2.10575e-19	2.98395e-20	4.08484e-21	5.40522e-22	6.91759e-23	8.56722e-24	1.02716e-24	1.17868e-25	
0.0185796	0.0395944	0.0652634	0.097388	0.137184	0.185168	0.241115	0.304092	0.372578	0.444637	0.51812	0.590873	0.66092	0.726596	0.786631	0.840183	0.886822	0.926486	0.959418	0.986091	1.00714	1.02328	1.03529	1.04391	1.04986	1.05377	1.0562	1.05762	1.05838	1.05871	1.05876	1.05856	1.058	1.05689	1.05491	1.05166	1.0466	1.03914	1.02858	1.01419	0.995196	0.970861	0.940503	0.903577	0.85974	0.808922	0.751398	0.687843	0.619357	0.547455	0.474003	0.401108	0.330953	0.265606	0.206817	0.155851	0.113371	0.079411	0.053431	0.0344549	0.0212491	0.0125097	0.00701889	0.00374818	0.00190302	0.000917915	0.000420413	0.000182791	7.54437e-05	2.95631e-05	1.10021e-05	3.89047e-06	1.3079e-06	4.18294e-07	1.27361e-07	3.69464e-08	1.02198e-08	2.69779e-09	6.80191e-10	1.63938e-10	3.78027e-11	8.34678e-12	1.76615e-12	3.58425e-13	6.98193e-14	1.30646e-14	2.35009e-15	4.06687e-16	6.77538e-17	1.08744e-17	1.68254e-18	2.51128e-19	3.61803e-20	5.03452e-21	6.77036e-22	8.80402e-23	1.10766e-23	1.34903e-24	1.59108e-25	1.79729e-26	
0.00833649	0.0181541	0.0308839	0.0478438	0.0701601	0.0986759	0.133866	0.175776	0.223999	0.277708	0.335722	0.39662	0.458864	0.52092	0.581371	0.638996	0.692823	0.742154	0.786555	0.825839	0.860022	0.889286	0.913929	0.934322	0.950871	0.963982	0.974035	0.981362	0.986228	0.988823	0.989253	0.987537	0.983602	0.977293	0.968371	0.956531	0.94141	0.922608	0.899715	0.872343	0.840158	0.802928	0.760562	0.713163	0.661062	0.604848	0.545387	0.483804	0.421447	0.359814	0.300458	0.244864	0.194326	0.14983	0.111971	0.0809144	0.0564067	0.0378461	0.0243859	0.0150585	0.00889475	0.00501721	0.00269864	0.0013825	0.000673944	0.000312414	0.000137658	5.76428e-05	2.29385e-05	8.67627e-06	3.12025e-06	1.0674e-06	3.47522e-07	1.07752e-07	3.18389e-08	8.97208e-09	2.41305e-09	6.19893e-10	1.52227e-10	3.57636e-11	8.04475e-12	1.73401e-12	3.58425e-13	7.11031e-14	1.35473e-14	2.48091e-15	4.36998e-16	7.40906e-17	1.20993e-17	1.9044e-18	2.89096e-19	4.23529e-20	5.99163e-21	8.19003e-22	1.08232e-22	1.38354e-23	1.71172e-24	2.0507e-25	2.37993e-26	2.64703e-27	
0.0034449	0.00766587	0.013453	0.0216105	0.0329353	0.0481701	0.0679412	0.0926891	0.12261	0.157618	0.197339	0.241131	0.288135	0.337344	0.387679	0.438063	0.487484	0.535049	0.580012	0.621793	0.659971	0.694281	0.724588	0.75086	0.773146	0.791545	0.806181	0.817184	0.824669	0.828723	0.829399	0.826703	0.820603	0.811023	0.797859	0.780983	0.760268	0.735601	0.70691	0.674192	0.637535	0.597151	0.553397	0.506788	0.458004	0.407884	0.357396	0.307599	0.259581	0.214386	0.172942	0.135986	0.104005	0.0772018	0.0554952	0.0385455	0.0258124	0.0166303	0.0102874	0.00609862	0.00345886	0.00187395	0.000968618	0.000477156	0.000223837	9.99356e-05	4.24492e-05	1.7152e-05	6.59277e-06	2.41106e-06	8.39222e-07	2.78138e-07	8.78184e-08	2.6431e-08	7.58802e-09	2.07938e-09	5.44307e-10	1.36203e-10	3.26055e-11	7.47294e-12	1.64104e-12	3.45545e-13	6.98193e-14	1.35473e-14	2.52611e-15	4.52987e-16	7.81723e-17	1.29912e-17	2.08049e-18	3.21274e-19	4.78692e-20	6.88605e-21	9.56916e-22	1.28533e-22	1.6697e-23	2.09883e-24	2.55423e-25	3.01095e-26	3.43932e-27	3.7674e-28	
0.00131815	0.00299695	0.00542175	0.00901941	0.0142611	0.0216478	0.0316797	0.0448134	0.0614136	0.0817093	0.10576	0.133437	0.164427	0.198247	0.234282	0.271823	0.310115	0.3484	0.385955	0.422119	0.45632	0.488076	0.517001	0.542802	0.565264	0.58424	0.599636	0.611397	0.619494	0.623914	0.624651	0.621706	0.61508	0.604784	0.590838	0.573286	0.552204	0.527716	0.500008	0.469342	0.436064	0.400618	0.363541	0.325461	0.287078	0.24914	0.212411	0.177621	0.145431	0.11638	0.0908528	0.0690531	0.0509957	0.0365167	0.0253017	0.016928	0.0109138	0.00676719	0.00402804	0.00229768	0.00125408	0.000654057	0.000325585	0.000154552	6.99101e-05	3.01196e-05	1.23559e-05	4.82584e-06	1.7946e-06	6.35542e-07	2.1441e-07	6.89371e-08	2.11344e-08	6.18166e-09	1.72613e-09	4.6045e-10	1.17419e-10	2.86452e-11	6.69019e-12	1.49699e-12	3.21151e-13	6.61044e-14	1.30646e-14	2.48091e-15	4.52987e-16	7.9582e-17	1.34614e-17	2.19382e-18	3.44683e-19	5.2242e-20	7.643e-21	1.07996e-21	1.4747e-22	1.94711e-23	2.48716e-24	3.07519e-25	3.68228e-26	4.27221e-27	4.80439e-28	5.18419e-29	
0.000469202	0.00108968	0.00203061	0.00349366	0.00572137	0.00899705	0.013635	0.0199614	0.0282885	0.0388841	0.0519426	0.0675599	0.0857168	0.106273	0.128971	0.153449	0.179263	0.205915	0.232872	0.2596	0.28558	0.310332	0.333419	0.354462	0.373139	0.389185	0.40239	0.412592	0.419675	0.423561	0.42421	0.421616	0.415804	0.406837	0.394816	0.379883	0.362228	0.342095	0.319781	0.295644	0.270097	0.243605	0.216673	0.189833	0.163619	0.138548	0.115089	0.0936384	0.0744985	0.0578574	0.0437824	0.0322221	0.023019	0.015931	0.0106604	0.00688388	0.00428152	0.00256023	0.0014694	0.000808164	0.000425358	0.000213983	0.000102786	4.71051e-05	2.05834e-05	8.57243e-06	3.40195e-06	1.28635e-06	4.6349e-07	1.59169e-07	5.21146e-08	1.62751e-08	4.85031e-09	1.38018e-09	3.75224e-10	9.7524e-11	2.42488e-11	5.77202e-12	1.31622e-12	2.87738e-13	6.03452e-14	1.21498e-14	2.35009e-15	4.36998e-16	7.81723e-17	1.34614e-17	2.23294e-18	3.57016e-19	5.50541e-20	8.19309e-21	1.17738e-21	1.63472e-22	2.19419e-23	2.84867e-24	3.57912e-25	4.3541e-26	5.13127e-27	5.86092e-28	6.49047e-29	6.90065e-30	
0.000155992	0.000369947	0.00070954	0.00126089	0.00213526	0.0034725	0.00544031	0.00822852	0.0120384	0.0170677	0.0234933	0.0314529	0.0410289	0.0522357	0.0650131	0.0792245	0.0946617	0.111055	0.128085	0.145401	0.162634	0.179414	0.19538	0.210197	0.223558	0.235197	0.244885	0.252439	0.257719	0.260628	0.261114	0.259169	0.254827	0.248167	0.239311	0.228427	0.215723	0.201452	0.185905	0.169407	0.152309	0.13498	0.117791	0.101102	0.0852463	0.070516	0.0571449	0.0452991	0.0350698	0.0264716	0.019448	0.0138816	0.00960898	0.00643847	0.00416824	0.00260254	0.00156441	0.000903832	0.000501106	0.000266232	0.000135373	6.58073e-05	3.05562e-05	1.35425e-05	5.72597e-06	2.30887e-06	8.87714e-07	3.25433e-07	1.13766e-07	3.79338e-08	1.20683e-08	3.66486e-09	1.06284e-09	2.94522e-10	7.803e-11	1.97774e-11	4.79872e-12	1.11537e-12	2.48509e-13	5.31119e-14	1.08959e-14	2.14712e-15	4.06687e-16	7.40906e-17	1.29912e-17	2.19382e-18	3.57016e-19	5.60246e-20	8.48273e-21	1.23998e-21	1.75089e-22	2.38956e-23	3.15372e-24	4.02721e-25	4.97833e-26	5.96047e-27	6.91518e-28	7.77781e-29	8.48394e-30	8.88948e-31	
4.86091e-05	0.000117681	0.00023211	0.0004255	0.000744007	0.00124932	0.00202018	0.00315187	0.00475311	0.00694039	0.00982981	0.0135273	0.0181182	0.0236572	0.0301604	0.0375995	0.0459	0.0549415	0.0645628	0.074568	0.0847356	0.0948278	0.104601	0.113813	0.122237	0.129663	0.135905	0.140811	0.144259	0.146166	0.146485	0.145209	0.142367	0.13803	0.132304	0.12533	0.11728	0.108355	0.098777	0.0887822	0.0786149	0.0685165	0.0587163	0.0494214	0.040808	0.0330134	0.0261307	0.0202067	0.0152424	0.0111977	0.00799822	0.00554504	0.00372483	0.00242012	0.00151824	0.000918077	0.000534248	0.000298718	0.000160256	8.23836e-05	4.05367e-05	1.90729e-05	8.57442e-06	3.68081e-06	1.50813e-06	5.89623e-07	2.19934e-07	7.82711e-08	2.65803e-08	8.61541e-09	2.66622e-09	7.8814e-10	2.22641e-10	6.0136e-11	1.55397e-11	3.84405e-12	9.10861e-13	2.06876e-13	4.50659e-14	9.42222e-15	1.89196e-15	3.651e-16	6.77538e-17	1.20993e-17	2.08049e-18	3.44683e-19	5.50541e-20	8.48273e-21	1.26157e-21	1.81203e-22	2.51499e-23	3.37493e-24	4.38105e-25	5.50427e-26	6.6965e-27	7.89286e-28	9.01706e-29	9.98939e-30	1.07352e-30	1.10878e-31	
1.42414e-05	3.51833e-05	7.13053e-05	0.000134683	0.000242828	0.000420411	0.000700647	0.001126	0.00174786	0.00262499	0.00382047	0.00539745	0.00741385	0.00991659	0.012936	0.0164808	0.0205351	0.0250557	0.0299732	0.0351929	0.0405991	0.0460596	0.0514316	0.0565679	0.0613231	0.0655594	0.0691526	0.0719961	0.0740052	0.0751196	0.0753062	0.0745591	0.0729009	0.0703811	0.067075	0.0630809	0.0585164	0.0535146	0.0482185	0.0427754	0.0373306	0.0320214	0.0269705	0.0222817	0.0180347	0.0142833	0.0110542	0.00834824	0.00614302	0.00439762	0.0030578	0.00206179	0.00134588	0.000849128	0.000516939	0.000303189	0.000171056	9.27033e-05	4.81968e-05	2.40104e-05	1.14497e-05	5.22192e-06	2.27617e-06	9.47742e-07	3.7681e-07	1.43024e-07	5.1822e-08	1.79251e-08	5.91996e-09	1.86725e-09	5.62683e-10	1.62063e-10	4.46343e-11	1.17611e-11	2.96666e-12	7.16775e-13	1.65982e-13	3.68617e-14	7.85602e-15	1.60776e-15	3.16162e-16	5.97786e-17	1.08744e-17	1.9044e-18	3.21274e-19	5.2242e-20	8.19309e-21	1.23998e-21	1.81203e-22	2.55824e-23	3.49126e-24	4.60803e-25	5.88526e-26	7.27699e-27	8.71535e-28	1.01152e-28	1.1382e-29	1.24227e-30	1.31557e-31	1.33966e-32	
3.93373e-06	9.91357e-06	2.06283e-05	4.01012e-05	7.44556e-05	0.000132734	0.00022769	0.000376429	0.000600714	0.000926773	0.00138446	0.0020057	0.0028223	0.00386314	0.00515122	0.00670066	0.00851406	0.0105806	0.0128748	0.0153567	0.0179729	0.0206582	0.0233388	0.0259352	0.0283664	0.0305536	0.0324237	0.0339131	0.0349704	0.0355585	0.035657	0.0352623	0.0343884	0.0330656	0.03134	0.0292707	0.0269273	0.0243869	0.02173	0.0190372	0.0163849	0.0138423	0.0114676	0.00930646	0.00739012	0.00573516	0.00434415	0.00320726	0.00230469	0.00160951	0.00109072	0.00071613	0.000454832	0.000279005	0.000165047	9.40153e-05	5.1496e-05	2.70872e-05	1.36664e-05	6.60672e-06	3.05745e-06	1.35346e-06	5.72768e-07	2.31614e-07	8.94685e-08	3.30084e-08	1.16309e-08	3.91446e-09	1.25858e-09	3.86691e-10	1.13572e-10	3.18999e-11	8.57282e-12	2.20546e-12	5.43444e-13	1.28335e-13	2.90623e-14	6.315e-15	1.31749e-15	2.64073e-16	5.08829e-17	9.43111e-18	1.68254e-18	2.89096e-19	4.78692e-20	7.643e-21	1.17738e-21	1.75089e-22	2.51499e-23	3.49126e-24	4.68627e-25	6.08549e-26	7.64904e-27	9.31054e-28	1.09801e-28	1.25518e-29	1.39145e-30	1.49653e-31	1.5621e-32	1.56864e-33	
1.02696e-06	2.63912e-06	5.63389e-06	1.12603e-05	2.15048e-05	3.9428e-05	6.95324e-05	0.000118119	0.000193565	0.000306435	0.000469356	0.000696563	0.00100312	0.00140379	0.0019117	0.00253682	0.00328446	0.00415406	0.00513813	0.00622187	0.00738314	0.00859313	0.00981746	0.0110178	0.0121537	0.0131849	0.0140732	0.0147849	0.0152922	0.0155752	0.0156226	0.0154325	0.0150125	0.0143792	0.0135574	0.0125786	0.0114796	0.0102999	0.00908033	0.00786018	0.00667566	0.00555796	0.004532	0.00361553	0.00281891	0.00214539	0.00159185	0.00114998	0.000807752	0.000550857	0.0003642	0.000233096	0.000144205	8.61065e-05	4.95541e-05	2.74481e-05	1.46142e-05	7.47034e-06	3.66221e-06	1.72015e-06	7.73492e-07	3.32752e-07	1.36878e-07	5.38178e-08	2.02207e-08	7.25928e-09	2.49013e-09	8.16261e-10	2.55745e-10	7.66098e-11	2.19492e-11	6.01717e-12	1.57911e-12	3.96922e-13	9.56099e-14	2.20829e-14	4.89347e-15	1.041e-15	2.12723e-16	4.17808e-17	7.89228e-18	1.43468e-18	2.51128e-19	4.23529e-20	6.88605e-21	1.07996e-21	1.63472e-22	2.38956e-23	3.37493e-24	4.60803e-25	6.08549e-26	7.77722e-27	9.62313e-28	1.1534e-28	1.33974e-29	1.50881e-30	1.64822e-31	1.74723e-32	1.798e-33	1.78082e-34	
2.53962e-07	6.65272e-07	1.45594e-06	2.98885e-06	5.86504e-06	1.10471e-05	2.00069e-05	3.48854e-05	5.86438e-05	9.51718e-05	0.000149317	0.000226797	0.000333965	0.00047742	0.000663466	0.000897469	0.00118315	0.00152193	0.00191231	0.00234953	0.00282534	0.00332818	0.00384352	0.00435453	0.00484295	0.00529011	0.00567805	0.00599056	0.00621425	0.00633934	0.0063603	0.00627619	0.00609076	0.00581213	0.00545236	0.00502665	0.00455238	0.00404809	0.00353232	0.00302259	0.00253444	0.00208068	0.0016709	0.00131125	0.00100448	0.000750268	0.000545741	0.000386096	0.000265317	0.000176848	0.000114181	7.13071e-05	4.30137e-05	2.50273e-05	1.40273e-05	7.56364e-06	3.91891e-06	1.94895e-06	9.29416e-07	4.2464e-07	1.85746e-07	7.77407e-08	3.11182e-08	1.19091e-08	4.35678e-09	1.5235e-09	5.09248e-10	1.62738e-10	4.97303e-11	1.45365e-11	4.06602e-12	1.08876e-12	2.79228e-13	6.86225e-14	1.61693e-14	3.6549e-15	7.92997e-16	1.65247e-16	3.30916e-17	6.37215e-18	1.18058e-18	2.10575e-19	3.61803e-20	5.99163e-21	9.56916e-22	1.4747e-22	2.19419e-23	3.15372e-24	4.38105e-25	5.88526e-26	7.64904e-27	9.62313e-28	1.17248e-28	1.38412e-29	1.5839e-30	1.75775e-31	1.89257e-32	1.97788e-33	2.00698e-34	1.96096e-35	
5.96125e-08	1.59123e-07	3.56753e-07	7.5154e-07	1.5138e-06	2.9263e-06	5.43707e-06	9.72164e-06	1.67487e-05	2.78385e-05	4.46998e-05	6.94288e-05	0.000104455	0.000152421	0.000215998	0.000297637	0.00039928	0.000522055	0.000665992	0.000829797	0.00101071	0.00120449	0.0014055	0.00160699	0.00180139	0.00198081	0.0021375	0.00226439	0.00235556	0.00240667	0.00241523	0.00238084	0.00230516	0.00219183	0.00204618	0.00187488	0.00168547	0.00148585	0.00128377	0.00108636	0.000899738	0.000728715	0.000576646	0.000445397	0.000335442	0.000246056	0.000175584	0.000121741	8.19087e-05	5.34067e-05	3.3702e-05	2.05554e-05	1.21013e-05	6.86765e-06	3.75243e-06	1.97166e-06	9.95143e-07	4.81993e-07	2.23826e-07	9.95781e-08	4.2415e-08	1.72886e-08	6.74087e-09	2.51352e-09	8.96186e-10	3.05531e-10	9.96067e-11	3.10579e-11	9.26438e-12	2.6446e-12	7.22721e-13	1.89163e-13	4.74418e-14	1.14069e-14	2.63078e-15	5.82311e-16	1.23773e-16	2.52781e-17	4.96326e-18	9.37447e-19	1.70427e-19	2.98395e-20	5.03452e-21	8.19003e-22	1.28533e-22	1.94711e-23	2.84867e-24	4.02721e-25	5.50427e-26	7.27699e-27	9.31054e-28	1.1534e-28	1.38412e-29	1.60974e-30	1.8152e-31	1.98549e-32	2.10752e-33	2.1718e-34	2.17347e-35	2.09535e-36	
1.33065e-08	3.61805e-08	8.30436e-08	1.79368e-07	3.7052e-07	7.344e-07	1.39862e-06	2.56212e-06	4.51991e-06	7.68797e-06	1.26236e-05	2.00351e-05	3.07744e-05	4.58062e-05	6.61505e-05	9.27982e-05	0.000126604	0.000168166	0.000217701	0.000274944	0.000339063	0.000408628	0.000481632	0.000555564	0.000627541	0.000694481	0.000753313	0.000801195	0.000835723	0.000855121	0.000858373	0.000845308	0.000816612	0.000773773	0.000718965	0.00065488	0.000584525	0.000511004	0.000437302	0.000366096	0.000299608	0.0002395	0.000186842	0.000142116	0.000105287	7.5891e-05	5.31618e-05	3.6148e-05	2.38293e-05	1.52101e-05	9.38853e-06	5.59699e-06	3.21856e-06	1.78315e-06	9.5067e-07	4.87205e-07	2.3977e-07	1.1321e-07	5.12428e-08	2.222e-08	9.22512e-09	3.66548e-09	1.39342e-09	5.06687e-10	1.76226e-10	5.86246e-11	1.8656e-11	5.68033e-12	1.65524e-12	4.61772e-13	1.2338e-13	3.15864e-14	7.75177e-15	1.8246e-15	4.12126e-16	8.93769e-17	1.86207e-17	3.72898e-18	7.18218e-19	1.3312e-19	2.37575e-20	4.08484e-21	6.77036e-22	1.08232e-22	1.6697e-23	2.48716e-24	3.57912e-25	4.97833e-26	6.6965e-27	8.71535e-28	1.09801e-28	1.33974e-29	1.5839e-30	1.8152e-31	2.01746e-32	2.17548e-33	2.27698e-34	2.31416e-35	2.28456e-36	2.17349e-37	
2.82934e-09	7.83362e-09	1.83957e-08	4.07065e-08	8.61613e-08	1.74959e-07	3.41239e-07	6.39924e-07	1.15506e-06	2.00897e-06	3.37086e-06	5.46288e-06	8.56132e-06	1.29903e-05	1.91062e-05	2.72714e-05	3.78187e-05	5.10077e-05	6.69785e-05	8.57075e-05	0.000106972	0.000130329	0.000155115	0.000180465	0.000205357	0.000228679	0.000249301	0.000266165	0.000278369	0.000285239	0.000286391	0.00028176	0.000271606	0.000256494	0.000237241	0.000214856	0.000190449	0.00016515	0.000140025	0.000116008	9.38471e-05	7.4073e-05	5.69946e-05	4.2711e-05	3.11421e-05	2.20699e-05	1.51852e-05	1.01322e-05	6.54855e-06	4.09467e-06	2.47401e-06	1.44268e-06	8.10989e-07	4.38977e-07	2.2855e-07	1.1434e-07	5.49144e-08	2.52983e-08	1.11712e-08	4.72556e-09	1.91398e-09	7.4198e-10	2.75238e-10	9.76843e-11	3.31684e-11	1.07753e-11	3.34973e-12	9.96679e-13	2.83919e-13	7.74607e-14	2.02483e-14	5.07348e-15	1.21911e-15	2.81074e-16	6.22104e-17	1.32254e-17	2.70206e-18	5.30844e-19	1.00339e-19	1.82578e-20	3.2e-21	5.40522e-22	8.80402e-23	1.38354e-23	2.09883e-24	3.07519e-25	4.3541e-26	5.96047e-27	7.89286e-28	1.01152e-28	1.25518e-29	1.50881e-30	1.75775e-31	1.98549e-32	2.17548e-33	2.31316e-34	2.38779e-35	2.39388e-36	2.33167e-37	2.18952e-38	
5.73967e-10	1.61765e-09	3.88419e-09	8.79895e-09	1.90687e-08	3.96372e-08	7.9113e-08	1.51761e-07	2.80071e-07	4.9776e-07	8.52884e-07	1.41047e-06	2.25393e-06	3.4843e-06	5.21652e-06	7.57218e-06	1.06685e-05	1.46043e-05	1.94437e-05	2.51999e-05	3.18213e-05	3.91812e-05	4.70754e-05	5.52264e-05	6.32973e-05	7.09125e-05	7.76857e-05	8.32501e-05	8.72903e-05	8.95696e-05	8.99519e-05	8.84143e-05	8.50489e-05	8.00545e-05	7.37184e-05	6.63906e-05	5.84536e-05	5.02907e-05	4.22573e-05	3.46564e-05	2.77224e-05	2.16129e-05	1.64083e-05	1.21197e-05	8.7012e-06	6.06572e-06	4.10146e-06	2.687e-06	1.70365e-06	1.04419e-06	6.17964e-07	3.5273e-07	1.93971e-07	1.02657e-07	5.22346e-08	2.55298e-08	1.19754e-08	5.38719e-09	2.32267e-09	9.59262e-10	3.79341e-10	1.43592e-10	5.20185e-11	1.80331e-11	5.98228e-12	1.89929e-12	5.77191e-13	1.67941e-13	4.67991e-14	1.24946e-14	3.1973e-15	7.84547e-16	1.84687e-16	4.17306e-17	9.05526e-18	1.88803e-18	3.78454e-19	7.29723e-20	1.3542e-20	2.42009e-21	4.16718e-22	6.91759e-23	1.10766e-23	1.71172e-24	2.55423e-25	3.68228e-26	5.13127e-27	6.91518e-28	9.01706e-29	1.1382e-29	1.39145e-30	1.64822e-31	1.89257e-32	2.10752e-33	2.27698e-34	2.38779e-35	2.4314e-36	2.40501e-37	2.31161e-38	2.14287e-39	
1.11247e-10	3.19057e-10	7.82875e-10	1.81428e-09	4.02268e-09	8.55342e-09	1.74579e-08	3.4233e-08	6.45487e-08	1.17149e-07	2.04853e-07	3.45503e-07	5.62652e-07	8.8568e-07	1.34907e-06	1.99056e-06	2.84807e-06	3.95547e-06	5.33739e-06	7.00382e-06	8.94504e-06	1.11277e-05	1.34932e-05	1.59583e-05	1.84187e-05	2.07562e-05	2.2847e-05	2.45723e-05	2.5829e-05	2.65395e-05	2.66587e-05	2.61791e-05	2.51311e-05	2.35801e-05	2.16204e-05	1.93658e-05	1.69392e-05	1.44624e-05	1.2046e-05	9.78232e-06	7.73997e-06	5.96223e-06	4.46782e-06	3.25401e-06	2.30128e-06	1.57878e-06	1.04961e-06	6.75507e-07	4.20392e-07	2.52714e-07	1.46583e-07	8.19505e-08	4.41151e-08	2.28434e-08	1.13677e-08	5.4319e-09	2.49041e-09	1.09481e-09	4.61222e-10	1.86117e-10	7.19143e-11	2.66005e-11	9.41775e-12	3.1913e-12	1.03507e-12	3.21376e-13	9.55388e-14	2.72013e-14	7.41962e-15	1.93964e-15	4.86172e-16	1.16892e-16	2.69718e-17	5.97573e-18	1.27189e-18	2.60208e-19	5.1196e-20	9.69251e-21	1.76668e-21	3.102e-22	5.24958e-23	8.56722e-24	1.34903e-24	2.0507e-25	3.01095e-26	4.27221e-27	5.86092e-28	7.77781e-29	9.98939e-30	1.24227e-30	1.49653e-31	1.74723e-32	1.97788e-33	2.1718e-34	2.31416e-35	2.39388e-36	2.40501e-37	2.34751e-38	2.22698e-39	2.03829e-40	
2.06141e-11	6.01406e-11	1.50709e-10	3.57039e-10	8.09325e-10	1.75897e-09	3.66855e-09	7.34795e-09	1.41459e-08	2.61986e-08	4.67215e-08	8.03117e-08	1.332e-07	2.13374e-07	3.30478e-07	4.95391e-07	7.19439e-07	1.01321e-06	1.38506e-06	1.83941e-06	2.37513e-06	2.98417e-06	3.65081e-06	4.35165e-06	5.05658e-06	5.73069e-06	6.33692e-06	6.83932e-06	7.20642e-06	7.41434e-06	7.44923e-06	7.30877e-06	7.00233e-06	6.55006e-06	5.98076e-06	5.32903e-06	4.63188e-06	3.92545e-06	3.24202e-06	2.60782e-06	2.04166e-06	1.5546e-06	1.15035e-06	8.26518e-07	5.76085e-07	3.89152e-07	2.54519e-07	1.61008e-07	9.8413e-08	5.8061e-08	3.30291e-08	1.80991e-08	9.54423e-09	4.839e-09	2.35685e-09	1.10187e-09	4.94151e-10	2.1245e-10	8.75204e-11	3.45339e-11	1.30479e-11	4.71969e-12	1.63426e-12	5.41707e-13	1.71901e-13	5.22312e-14	1.51993e-14	4.2372e-15	1.13201e-15	2.89935e-16	7.12229e-17	1.67883e-17	3.79899e-18	8.25705e-19	1.72466e-19	3.46365e-20	6.69189e-21	1.24447e-21	2.22882e-22	3.84644e-23	6.39984e-24	1.02716e-24	1.59108e-25	2.37993e-26	3.43932e-27	4.80439e-28	6.49047e-29	8.48394e-30	1.07352e-30	1.31557e-31	1.5621e-32	1.798e-33	2.00698e-34	2.17347e-35	2.28456e-36	2.33167e-37	2.31161e-38	2.22698e-39	2.08549e-40	1.88494e-41	
3.56264e-12	1.05608e-11	2.69852e-11	6.52385e-11	1.50907e-10	3.34618e-10	7.1179e-10	1.45353e-09	2.85163e-09	5.37924e-09	9.76544e-09	1.70769e-08	2.87936e-08	4.68572e-08	7.36687e-08	1.12007e-07	1.64846e-07	2.3507e-07	3.25081e-07	4.36349e-07	5.6895e-07	7.21167e-07	8.89236e-07	1.0673e-06	1.24761e-06	1.42102e-06	1.57771e-06	1.70805e-06	1.80354e-06	1.85772e-06	1.86681e-06	1.83019e-06	1.7504e-06	1.63292e-06	1.48554e-06	1.31754e-06	1.1388e-06	9.58814e-07	7.85965e-07	6.26897e-07	4.86214e-07	3.66422e-07	2.68112e-07	1.90314e-07	1.30935e-07	8.723e-08	5.62196e-08	3.50181e-08	2.10595e-08	1.22159e-08	6.82811e-09	3.67418e-09	1.90157e-09	9.45775e-10	4.51696e-10	2.07005e-10	9.09749e-11	3.83214e-11	1.54651e-11	5.97738e-12	2.21215e-12	7.83802e-13	2.65866e-13	8.63382e-14	2.68459e-14	7.99409e-15	2.28028e-15	6.2326e-16	1.63294e-16	4.10264e-17	9.88872e-18	2.28771e-18	5.0823e-19	1.08477e-19	2.22564e-20	4.39185e-21	8.3396e-22	1.52469e-22	2.6853e-23	4.55839e-24	7.46223e-25	1.17868e-25	1.79729e-26	2.64703e-27	3.7674e-28	5.18419e-29	6.90065e-30	8.88948e-31	1.10878e-31	1.33966e-32	1.56864e-33	1.78082e-34	1.96096e-35	2.09535e-36	2.17349e-37	2.18952e-38	2.14287e-39	2.03829e-40	1.88494e-41	1.68293e-42	
